144.283 44.017 1.077
-2.075 57.143 1.175
131.417 31.583 1.084
-89.833 13.583 1.137
-99.912 16.840 1.080
-176.632 51.863 1.125
-122.298 37.772 1.099
-126.931 50.587 1.085
29.917 31.217 1.095
-5.433 36.117 1.036
-149.890 61.238 1.178
13.506 43.625 1.205
-76.482 38.983 1.066
-70.400 -23.650 1.110
-84.982 29.727 -0.147
-171.750 -13.817 1.245
-53.983 47.300 1.087
-13.530 28.972 1.113
-123.767 46.208 1.067
-74.418 39.355 1.073
-2.715 51.511 1.078
141.500 38.300 1.083
-79.573 8.962 1.077
-76.578 39.267 1.060
-90.285 -0.437 1.120
-125.136 48.836 1.102
2.163 41.342 1.087
-68.205 44.392 1.261
16.912 41.137 1.123
12.903 55.756 1.218
-59.633 -62.483 2.398
-1.515 43.527 1.076
109.083 21.483 1.105
-128.143 52.163 1.127
-64.700 32.400 1.206
-3.050 43.357 1.123
168.350 -46.600 1.180
-6.340 36.800 1.060
141.917 -10.600 1.094
-71.052 42.355 1.192
1.578 50.727 1.142
-4.500 48.383 1.071
-73.182 41.173 1.102
153.167 -27.367 1.140
122.217 -18.000 1.149
-77.100 3.900 1.107
-58.500 -34.667 1.112
152.380 -24.767 1.155
145.915 -41.050 1.130
-109.908 22.880 1.142
-6.283 36.533 1.059
9.114 39.210 1.078
1.868 50.969 1.111
-77.150 -12.050 1.136
-76.068 38.573 1.075
-125.247 50.042 1.091
-47.925 -25.017 1.056
147.058 -19.277 1.118
18.433 -33.900 1.097
-74.960 38.968 1.071
113.652 -24.898 1.120
-75.533 10.383 1.127
-9.417 38.692 1.070
15.094 37.498 1.045
-83.032 29.135 1.168
103.187 5.265 1.114
-5.317 35.900 1.051
91.050 22.217 1.227
-124.322 43.345 1.089
-79.925 32.782 1.075
-64.920 18.335 1.056
-63.117 46.233 1.230
-1.635 49.651 1.082
-76.113 36.967 1.093
142.200 27.100 1.108
140.867 35.750 1.102
-157.472 1.982 1.117
-94.200 58.783 0.186
96.883 -12.117 1.182
-1.890 47.277 1.091
-145.753 60.558 1.151
-97.217 27.580 0.956
91.833 21.450 1.176
-124.183 41.745 1.079
-79.915 9.355 1.090
1.302 52.934 1.123
8.717 53.867 1.103
130.850 -12.467 1.157
20.385 60.032 3.448
6.933 53.326 1.173
4.746 52.965 1.120
-4.185 50.368 1.105
1.085 49.929 1.255
-2.088 47.306 1.093
108.617 19.100 1.166
1.318 51.117 1.100
-75.740 36.183 1.095
2.367 51.048 1.103
31.050 -29.867 1.086
27.917 -33.017 1.109
-109.448 -27.150 1.087
-66.985 44.903 1.240
162.387 11.430 1.238
-116.633 31.850 1.183
8.433 55.467 1.117
-79.647 0.992 1.102
121.900 -33.867 1.106
-64.267 -65.250 0.305
1.348 51.957 1.178
-81.467 30.672 1.091
-4.983 52.014 1.100
18.211 60.409 3.819
151.233 -33.850 1.107
-80.902 32.033 1.100
-95.308 28.948 1.048
115.717 -32.050 1.107
-166.288 23.868 1.135
-123.010 48.547 1.150
139.933 40.650 1.102
128.850 32.700 1.177
-123.451 48.769 1.115
179.195 -8.525 1.186
-16.907 32.640 1.186
21.231 64.916 0.655
-94.793 29.310 0.991
73.152 -0.687 1.206
11.933 54.567 1.096
102.107 6.227 1.090
-5.350 36.117 1.091
-5.698 43.558 1.114
-3.018 53.450 1.086
11.791 57.685 1.197
-89.957 29.263 0.627
136.417 -13.860 1.160
144.650 13.433 1.148
-110.900 27.933 1.128
141.533 40.533 1.185
110.283 20.017 1.142
140.717 41.783 1.104
-63.583 44.667 1.109
132.067 34.900 1.082
27.179 60.563 1.381
145.567 43.283 1.180
22.977 59.823 1.521
1.284 51.947 1.156
9.101 63.425 1.158
24.956 60.154 1.408
-2.920 54.032 1.059
115.738 -31.825 1.111
-155.067 19.733 1.105
-3.134 51.215 1.120
89.467 21.783 1.128
147.330 -42.887 1.129
4.120 51.977 1.114
-4.631 53.308 1.111
114.217 22.300 1.099
159.957 -9.425 1.274
25.973 70.980 1.179
-157.867 21.307 1.179
12.467 56.100 1.177
131.683 32.417 1.102
-6.834 37.132 1.080
-124.217 40.767 1.131
-4.111 51.211 1.105
-43.165 -22.897 1.068
-0.186 53.631 1.079
124.167 24.333 1.083
-169.530 16.738 1.086
103.792 1.462 1.111
-78.833 -33.622 1.268
-134.412 58.298 1.138
130.567 31.583 1.082
-156.467 20.900 1.153
23.096 65.697 0.582
121.282 28.088 1.200
-171.718 -2.810 1.109
120.288 22.615 1.103
154.777 1.098 1.130
21.215 62.344 0.603
139.750 35.517 1.167
121.745 25.157 1.111
101.358 3.050 1.149
102.153 2.215 1.142
24.515 65.673 0.641
70.220 -49.345 1.260
-131.625 55.333 1.143
-81.808 24.553 1.066
-5.050 58.457 1.238
-75.988 37.165 1.153
12.894 55.522 1.232
23.033 -34.050 1.092
99.817 11.795 1.122
98.425 7.832 1.227
135.183 34.683 1.075
133.567 33.500 1.080
-152.512 57.732 1.126
134.583 34.017 1.082
116.067 5.983 1.102
103.430 3.975 1.117
130.200 32.600 1.124
103.443 1.325 1.147
15.589 56.105 1.313
11.127 58.997 1.249
135.767 33.483 1.080
144.367 42.983 1.075
167.733 8.733 1.206
-8.400 43.367 1.106
-117.257 32.867 1.191
-80.917 -2.200 1.139
-110.345 24.162 1.168
-1.221 46.158 1.074
-87.817 13.333 1.191
17.865 58.742 1.525
99.765 6.432 1.193
177.433 -17.600 1.123
-4.781 48.359 1.112
0.106 49.482 1.071
-1.765 47.205 1.098
123.750 13.150 1.165
-3.182 55.990 1.166
-1.140 60.155 1.157
-1.794 46.497 1.088
-75.120 38.782 1.064
119.417 34.750 1.145
-64.753 17.697 1.039
10.299 43.546 1.086
-3.825 53.332 1.099
-80.717 -6.933 1.098
159.067 -31.517 1.118
-118.272 33.720 1.179
-64.883 47.083 1.398
1.751 52.473 1.107
15.150 -26.650 1.174
100.613 4.240 1.153
121.617 32.133 1.224
172.717 -43.600 1.146
5.113 61.934 1.162
-67.047 17.972 1.053
137.617 34.683 1.019
135.383 35.467 1.159
171.373 7.107 1.161
130.300 31.267 1.076
-4.417 36.717 1.065
134.463 7.330 1.236
73.527 4.190 1.183
-7.333 55.367 1.155
120.967 14.583 1.143
21.463 61.594 -0.157
174.500 -35.833 1.097
16.837 58.554 1.686
173.200 52.833 1.301
-72.117 -17.000 1.189
132.717 33.867 1.108
-81.432 30.395 1.101
-106.422 23.198 1.124
139.817 34.917 1.102
15.563 38.196 1.099
-177.367 28.217 1.083
-5.014 51.702 1.102
-4.906 55.750 1.164
50.600 26.233 1.114
130.450 32.617 1.115
139.482 34.067 1.090
141.983 39.650 1.243
-157.800 21.433 1.186
7.421 43.729 1.088
-71.960 41.048 1.095
-121.888 36.605 1.119
22.133 -34.183 1.096
134.167 33.267 1.075
129.867 32.733 1.145
136.883 35.083 1.071
127.667 26.200 1.109
-61.683 56.550 4.408
129.842 29.842 1.111
-1.634 47.194 1.106
-70.097 41.285 1.117
176.917 -39.483 1.221
-81.808 26.132 1.123
14.269 40.841 1.100
166.905 -0.528 1.101
-159.350 21.967 1.097
129.495 28.382 1.117
-124.617 48.368 1.103
-72.087 41.355 1.070
-74.015 40.700 1.073
0.057 50.782 1.073
-5.542 50.102 1.093
-71.327 41.505 1.112
-2.987 51.550 1.128
-122.910 49.200 1.091
130.992 30.735 1.124
-1.440 55.007 1.082
-60.250 46.217 1.207
166.437 -22.292 1.170
-175.167 -21.133 1.157
-140.082 -8.930 1.140
11.950 78.933 -5.685
141.717 39.067 1.095
141.750 39.017 1.095
139.383 34.783 1.140
17.097 57.366 1.492
138.217 34.617 1.089
140.900 36.933 1.075
135.433 34.650 1.065
16.478 57.275 1.487
10.734 59.909 1.214
18.497 40.147 1.100
25.418 65.040 0.536
130.217 32.983 1.092
136.217 34.067 1.081
-170.683 -14.283 1.268
-81.167 -5.083 1.115
15.275 40.032 1.090
-149.567 -17.525 1.065
-123.451 48.654 1.114
100.347 5.422 1.125
-158.053 -8.977 1.065
-87.213 30.403 1.015
-75.142 39.933 1.126
22.690 63.709 0.442
158.243 6.987 1.151
-123.253 49.337 1.095
-25.672 37.735 1.200
-123.440 48.125 1.130
-59.133 47.567 1.303
-1.062 45.569 1.130
-80.593 28.415 1.100
25.630 -33.960 1.093
118.575 -20.318 1.123
150.912 -34.473 1.144
57.495 -20.155 1.188
16.867 -29.250 1.105
138.467 -35.108 1.122
-3.446 47.644 1.056
3.107 42.520 1.096
168.300 -17.767 1.282
-6.190 55.627 1.223
-4.768 54.085 1.177
-127.489 50.722 1.073
-97.215 26.060 0.927
-70.247 43.657 1.263
141.600 -38.333 1.099
-5.120 54.843 1.107
-6.657 55.207 1.199
-120.760 35.177 1.115
-1.112 50.803 1.102
-130.324 54.317 1.114
-71.401 41.807 1.116
-148.527 70.400 1.179
55.528 -4.672 1.114
-82.860 8.273 1.110
-87.950 15.833 1.150
-15.417 28.133 1.090
-72.967 -41.483 1.127
-67.617 -54.933 1.138
-132.072 53.252 1.135
24.407 64.666 0.493
-159.775 -21.207 1.073
20.895 63.986 0.636
21.426 61.133 -0.230
-75.573 39.558 1.112
55.285 -20.935 1.273
-21.940 64.151 1.553
-134.953 -23.125 1.239
12.113 57.250 1.191
-97.047 28.022 0.981
63.418 -19.668 1.085
11.230 64.859 1.191
-3.966 48.718 1.058
150.790 -23.162 1.143
-17.750 28.683 1.138
-93.870 29.730 0.701
133.333 36.200 1.178
-2.246 47.140 1.062
-1.682 43.395 1.094
-2.028 48.641 1.122
-2.202 47.267 1.070
-66.063 45.251 1.257
145.742 15.227 1.052
133.250 35.550 1.052
17.950 -33.017 1.133
-95.203 16.160 1.095
-117.173 32.713 1.174
-80.108 -26.292 1.155
-122.465 37.807 1.076
-90.833 13.917 1.151
-66.117 18.460 1.066
-75.200 -15.367 1.124
-160.502 55.337 1.135
118.067 5.810 1.136
-74.009 40.467 1.077
-90.313 -0.755 1.169
-118.500 34.008 1.136
-122.339 47.603 1.096
104.115 1.932 1.095
-151.720 59.441 1.122
-149.427 60.120 1.130
-76.330 36.947 1.068
115.350 22.750 1.130
0.743 51.442 1.115
119.550 35.383 1.165
138.517 35.017 1.093
130.933 33.933 1.118
135.383 33.683 1.087
18.433 -34.183 1.100
14.358 55.557 1.362
-135.342 57.052 1.072
19.012 63.191 0.729
-135.327 59.450 1.165
12.829 55.417 1.260
11.218 58.354 1.252
-76.452 38.317 1.083
-124.043 44.625 1.067
17.531 62.363 0.552
147.933 -42.550 1.136
-78.918 33.655 1.109
-82.627 27.760 1.046
-52.717 47.567 1.119
-57.821 -51.692 1.160
11.832 58.093 1.199
-123.181 49.125 1.136
-2.117 49.183 1.144
18.082 59.325 1.654
-6.389 58.207 1.240
134.900 34.350 1.075
178.427 -18.132 1.159
39.600 -69.000 1.208
134.050 34.350 1.071
-81.282 -4.582 1.118
103.853 1.262 1.095
135.183 34.333 1.079
174.033 -39.050 1.100
172.930 1.363 1.190
-5.600 36.000 1.045
176.183 -37.650 1.137
117.883 4.233 1.209
-16.240 28.480 1.161
133.640 -32.150 1.143
104.140 2.807 1.121
136.850 34.467 1.069
-6.064 56.623 1.186
-125.913 49.154 1.074
139.767 35.650 1.087
-109.048 25.600 1.148
132.967 32.783 1.074
5.913 43.117 1.057
146.833 -19.250 1.090
137.217 36.767 1.107
7.567 58.000 1.186
13.750 45.650 1.079
151.850 7.450 1.116
-78.730 1.817 1.085
22.101 60.428 1.862
138.883 35.017 1.111
-5.158 57.895 1.195
-166.537 53.880 1.172
133.950 34.483 1.062
135.900 33.567 1.073
132.550 33.233 1.112
21.571 63.081 0.636
-146.362 61.125 1.153
-0.330 39.460 1.062
-71.633 -33.033 1.140
-123.110 49.287 1.107
12.217 57.100 1.302
31.100 70.333 1.333
12.426 45.419 1.110
-123.370 48.422 1.080
12.579 56.142 1.186
-8.770 42.601 1.144
18.284 57.639 1.632
135.150 34.217 1.082
166.617 19.283 1.062
141.683 45.400 1.123
14.500 -22.950 1.153
-77.022 38.873 1.049
174.783 -41.283 1.132
-2.448 50.608 1.103
-0.614 54.490 1.088
-3.086 58.441 1.226
-123.965 46.708 1.078
-73.782 40.793 1.111
-77.953 34.227 1.073
18.419 54.797 1.230
-62.700 45.683 1.236
-70.672 41.523 1.111
-3.568 54.651 1.126
128.102 -15.453 1.143
118.067 24.450 1.095
-139.733 59.548 1.178
138.128 9.508 1.068
-66.117 43.833 1.212
139.633 35.467 1.099
13.817 55.417 1.315
39.190 -6.155 1.155
111.833 21.583 1.104
