144.283 44.017 1.038
-2.075 57.143 1.106
131.417 31.583 1.049
-89.833 13.583 1.076
-99.912 16.840 1.043
-176.632 51.863 1.073
-122.298 37.772 1.052
-126.931 50.587 1.039
29.917 31.217 1.049
-5.433 36.117 1.018
-149.890 61.238 1.086
13.506 43.625 1.099
-76.482 38.983 1.035
-70.400 -23.650 1.064
-84.982 29.727 0.315
-171.750 -13.817 1.136
-53.983 47.300 1.054
-13.530 28.972 1.070
-123.767 46.208 1.038
-74.418 39.355 1.046
-2.715 51.511 1.043
141.500 38.300 1.041
-79.573 8.962 1.043
-76.578 39.267 1.034
-90.285 -0.437 1.066
-125.136 48.836 1.054
2.163 41.342 1.054
-68.205 44.392 1.131
16.912 41.137 1.077
12.903 55.756 1.118
-59.633 -62.483 -0.809
-1.515 43.527 1.047
109.083 21.483 1.056
-128.143 52.163 1.050
-64.700 32.400 1.115
-3.050 43.357 1.078
168.350 -46.600 1.105
-6.340 36.800 1.034
141.917 -10.600 1.055
-71.052 42.355 1.094
1.578 50.727 1.083
-4.500 48.383 1.044
-73.182 41.173 1.053
153.167 -27.367 1.084
122.217 -18.000 1.087
-77.100 3.900 1.063
-58.500 -34.667 1.065
152.380 -24.767 1.090
145.915 -41.050 1.073
-109.908 22.880 1.075
-6.283 36.533 1.039
9.114 39.210 1.045
1.868 50.969 1.059
-77.150 -12.050 1.081
-76.068 38.573 1.047
-125.247 50.042 1.049
-47.925 -25.017 1.032
147.058 -19.277 1.065
18.433 -33.900 1.059
-74.960 38.968 1.043
113.652 -24.898 1.065
-75.533 10.383 1.070
-9.417 38.692 1.044
15.094 37.498 1.025
-83.032 29.135 1.090
103.187 5.265 1.063
-5.317 35.900 1.032
91.050 22.217 1.113
-124.322 43.345 1.051
-79.925 32.782 1.039
-64.920 18.335 1.031
-63.117 46.233 1.119
-1.635 49.651 1.060
-76.113 36.967 1.051
142.200 27.100 1.073
140.867 35.750 1.059
-157.472 1.982 1.066
-94.200 58.783 -3.209
96.883 -12.117 1.107
-1.890 47.277 1.055
-145.753 60.558 1.072
-97.217 27.580 0.970
91.833 21.450 1.091
-124.183 41.745 1.043
-79.915 9.355 1.051
1.302 52.934 1.071
8.717 53.867 1.056
130.850 -12.467 1.089
20.385 60.032 1.220
6.933 53.326 1.096
4.746 52.965 1.065
-4.185 50.368 1.057
1.085 49.929 1.144
-2.088 47.306 1.051
108.617 19.100 1.094
1.318 51.117 1.058
-75.740 36.183 1.055
2.367 51.048 1.056
31.050 -29.867 1.049
27.917 -33.017 1.061
-109.448 -27.150 1.051
-66.985 44.903 1.128
162.387 11.430 1.148
-116.633 31.850 1.099
8.433 55.467 1.065
-79.647 0.992 1.052
121.900 -33.867 1.055
-64.267 -65.250 0.735
1.348 51.957 1.099
-81.467 30.672 1.049
-4.983 52.014 1.055
18.211 60.409 1.140
151.233 -33.850 1.058
-80.902 32.033 1.052
-95.308 28.948 1.029
115.717 -32.050 1.056
-166.288 23.868 1.077
-123.010 48.547 1.072
139.933 40.650 1.061
128.850 32.700 1.119
-123.451 48.769 1.060
179.195 -8.525 1.103
-16.907 32.640 1.117
21.231 64.916 1.326
-94.793 29.310 0.995
73.152 -0.687 1.119
11.933 54.567 1.056
102.107 6.227 1.052
-5.350 36.117 1.054
-5.698 43.558 1.072
-3.018 53.450 1.045
11.791 57.685 1.090
-89.957 29.263 0.807
136.417 -13.860 1.086
144.650 13.433 1.087
-110.900 27.933 1.069
141.533 40.533 1.111
110.283 20.017 1.078
140.717 41.783 1.054
-63.583 44.667 1.068
132.067 34.900 1.044
27.179 60.563 1.130
145.567 43.283 1.111
22.977 59.823 1.168
1.284 51.947 1.093
9.101 63.425 1.067
24.956 60.154 1.146
-2.920 54.032 1.029
115.738 -31.825 1.058
-155.067 19.733 1.063
-3.134 51.215 1.072
89.467 21.783 1.065
147.330 -42.887 1.075
4.120 51.977 1.064
-4.631 53.308 1.061
114.217 22.300 1.055
159.957 -9.425 1.154
25.973 70.980 1.096
-157.867 21.307 1.102
12.467 56.100 1.081
131.683 32.417 1.062
-6.834 37.132 1.048
-124.217 40.767 1.067
-4.111 51.211 1.060
-43.165 -22.897 1.042
-0.186 53.631 1.040
124.167 24.333 1.050
-169.530 16.738 1.043
103.792 1.462 1.064
-78.833 -33.622 1.172
-134.412 58.298 1.060
130.567 31.583 1.050
-156.467 20.900 1.090
23.096 65.697 1.385
121.282 28.088 1.103
-171.718 -2.810 1.062
120.288 22.615 1.065
154.777 1.098 1.072
21.215 62.344 1.177
139.750 35.517 1.102
121.745 25.157 1.064
101.358 3.050 1.080
102.153 2.215 1.086
24.515 65.673 1.341
70.220 -49.345 1.155
-131.625 55.333 1.064
-81.808 24.553 1.038
-5.050 58.457 1.109
-75.988 37.165 1.082
12.894 55.522 1.131
23.033 -34.050 1.054
99.817 11.795 1.074
98.425 7.832 1.114
135.183 34.683 1.042
133.567 33.500 1.044
-152.512 57.732 1.062
134.583 34.017 1.048
116.067 5.983 1.060
103.430 3.975 1.070
130.200 32.600 1.084
103.443 1.325 1.089
15.589 56.105 1.145
11.127 58.997 1.090
135.767 33.483 1.050
144.367 42.983 1.037
167.733 8.733 1.122
-8.400 43.367 1.063
-117.257 32.867 1.096
-80.917 -2.200 1.088
-110.345 24.162 1.082
-1.221 46.158 1.041
-87.817 13.333 1.105
17.865 58.742 1.165
99.765 6.432 1.096
177.433 -17.600 1.065
-4.781 48.359 1.070
0.106 49.482 1.047
-1.765 47.205 1.052
123.750 13.150 1.093
-3.182 55.990 1.084
-1.140 60.155 1.084
-1.794 46.497 1.048
-75.120 38.782 1.038
119.417 34.750 1.088
-64.753 17.697 1.020
10.299 43.546 1.058
-3.825 53.332 1.051
-80.717 -6.933 1.061
159.067 -31.517 1.076
-118.272 33.720 1.085
-64.883 47.083 1.213
1.751 52.473 1.059
15.150 -26.650 1.105
100.613 4.240 1.081
121.617 32.133 1.120
172.717 -43.600 1.093
5.113 61.934 1.086
-67.047 17.972 1.033
137.617 34.683 1.010
135.383 35.467 1.098
171.373 7.107 1.097
130.300 31.267 1.046
-4.417 36.717 1.042
134.463 7.330 1.133
73.527 4.190 1.112
-7.333 55.367 1.079
120.967 14.583 1.086
21.463 61.594 1.148
174.500 -35.833 1.062
16.837 58.554 1.216
173.200 52.833 1.170
-72.117 -17.000 1.108
132.717 33.867 1.071
-81.432 30.395 1.053
-106.422 23.198 1.064
139.817 34.917 1.058
15.563 38.196 1.063
-177.367 28.217 1.045
-5.014 51.702 1.057
-4.906 55.750 1.076
50.600 26.233 1.062
130.450 32.617 1.076
139.482 34.067 1.054
141.983 39.650 1.144
-157.800 21.433 1.103
7.421 43.729 1.059
-71.960 41.048 1.053
-121.888 36.605 1.064
22.133 -34.183 1.059
134.167 33.267 1.042
129.867 32.733 1.096
136.883 35.083 1.039
127.667 26.200 1.071
-61.683 56.550 1.729
129.842 29.842 1.069
-1.634 47.194 1.058
-70.097 41.285 1.064
176.917 -39.483 1.134
-81.808 26.132 1.070
14.269 40.841 1.067
166.905 -0.528 1.054
-159.350 21.967 1.051
129.495 28.382 1.075
-124.617 48.368 1.058
-72.087 41.355 1.040
-74.015 40.700 1.043
0.057 50.782 1.044
-5.542 50.102 1.055
-71.327 41.505 1.066
-2.987 51.550 1.077
-122.910 49.200 1.047
130.992 30.735 1.081
-1.440 55.007 1.044
-60.250 46.217 1.123
166.437 -22.292 1.102
-175.167 -21.133 1.091
-140.082 -8.930 1.079
11.950 78.933 1.603
141.717 39.067 1.050
141.750 39.017 1.047
139.383 34.783 1.085
17.097 57.366 1.192
138.217 34.617 1.050
140.900 36.933 1.042
135.433 34.650 1.036
16.478 57.275 1.194
10.734 59.909 1.078
18.497 40.147 1.055
25.418 65.040 1.396
130.217 32.983 1.060
136.217 34.067 1.043
-170.683 -14.283 1.161
-81.167 -5.083 1.068
15.275 40.032 1.058
-149.567 -17.525 1.037
-123.451 48.654 1.054
100.347 5.422 1.064
-158.053 -8.977 1.036
-87.213 30.403 1.008
-75.142 39.933 1.075
22.690 63.709 1.286
158.243 6.987 1.081
-123.253 49.337 1.054
-25.672 37.735 1.121
-123.440 48.125 1.062
-59.133 47.567 1.162
-1.062 45.569 1.073
-80.593 28.415 1.050
25.630 -33.960 1.056
118.575 -20.318 1.063
150.912 -34.473 1.077
57.495 -20.155 1.111
16.867 -29.250 1.065
138.467 -35.108 1.064
-3.446 47.644 1.039
3.107 42.520 1.062
168.300 -17.767 1.149
-6.190 55.627 1.113
-4.768 54.085 1.089
-127.489 50.722 1.033
-97.215 26.060 0.969
-70.247 43.657 1.132
141.600 -38.333 1.056
-5.120 54.843 1.057
-6.657 55.207 1.100
-120.760 35.177 1.065
-1.112 50.803 1.058
-130.324 54.317 1.048
-71.401 41.807 1.062
-148.527 70.400 1.095
55.528 -4.672 1.083
-82.860 8.273 1.060
-87.950 15.833 1.084
-15.417 28.133 1.056
-72.967 -41.483 1.074
-67.617 -54.933 1.139
-132.072 53.252 1.066
24.407 64.666 1.413
-159.775 -21.207 1.038
20.895 63.986 1.233
21.426 61.133 1.160
-75.573 39.558 1.064
55.285 -20.935 1.156
-21.940 64.151 1.210
-134.953 -23.125 1.133
12.113 57.250 1.089
-97.047 28.022 0.986
63.418 -19.668 1.048
11.230 64.859 1.071
-3.966 48.718 1.037
150.790 -23.162 1.078
-17.750 28.683 1.088
-93.870 29.730 0.845
133.333 36.200 1.120
-2.246 47.140 1.037
-1.682 43.395 1.060
-2.028 48.641 1.084
-2.202 47.267 1.041
-66.063 45.251 1.135
145.742 15.227 1.026
133.250 35.550 1.029
17.950 -33.017 1.081
-95.203 16.160 1.051
-117.173 32.713 1.090
-80.108 -26.292 1.099
-122.465 37.807 1.043
-90.833 13.917 1.082
-66.117 18.460 1.036
-75.200 -15.367 1.076
-160.502 55.337 1.071
118.067 5.810 1.077
-74.009 40.467 1.045
-90.313 -0.755 1.097
-118.500 34.008 1.065
-122.339 47.603 1.046
104.115 1.932 1.054
-151.720 59.441 1.063
-149.427 60.120 1.061
-76.330 36.947 1.039
115.350 22.750 1.078
0.743 51.442 1.069
119.550 35.383 1.101
138.517 35.017 1.055
130.933 33.933 1.074
135.383 33.683 1.058
18.433 -34.183 1.061
14.358 55.557 1.186
-135.342 57.052 1.036
19.012 63.191 1.126
-135.327 59.450 1.069
12.829 55.417 1.138
11.218 58.354 1.089
-76.452 38.317 1.050
-124.043 44.625 1.040
17.531 62.363 1.189
147.933 -42.550 1.091
-78.918 33.655 1.058
-82.627 27.760 1.027
-52.717 47.567 1.071
-57.821 -51.692 1.124
11.832 58.093 1.092
-123.181 49.125 1.070
-2.117 49.183 1.092
18.082 59.325 1.188
-6.389 58.207 1.119
134.900 34.350 1.047
178.427 -18.132 1.085
39.600 -69.000 1.182
134.050 34.350 1.041
-81.282 -4.582 1.068
103.853 1.262 1.052
135.183 34.333 1.046
174.033 -39.050 1.053
172.930 1.363 1.104
-5.600 36.000 1.026
176.183 -37.650 1.079
117.883 4.233 1.120
-16.240 28.480 1.102
133.640 -32.150 1.074
104.140 2.807 1.065
136.850 34.467 1.038
-6.064 56.623 1.086
-125.913 49.154 1.039
139.767 35.650 1.051
-109.048 25.600 1.072
132.967 32.783 1.040
5.913 43.117 1.034
146.833 -19.250 1.047
137.217 36.767 1.061
7.567 58.000 1.091
13.750 45.650 1.043
151.850 7.450 1.067
-78.730 1.817 1.052
22.101 60.428 1.145
138.883 35.017 1.070
-5.158 57.895 1.088
-166.537 53.880 1.095
133.950 34.483 1.035
135.900 33.567 1.044
132.550 33.233 1.073
21.571 63.081 1.229
-146.362 61.125 1.074
-0.330 39.460 1.037
-71.633 -33.033 1.080
-123.110 49.287 1.055
12.217 57.100 1.135
31.100 70.333 1.162
12.426 45.419 1.055
-123.370 48.422 1.041
12.579 56.142 1.083
-8.770 42.601 1.080
18.284 57.639 1.260
135.150 34.217 1.049
166.617 19.283 1.035
141.683 45.400 1.076
14.500 -22.950 1.097
-77.022 38.873 1.030
174.783 -41.283 1.079
-2.448 50.608 1.059
-0.614 54.490 1.049
-3.086 58.441 1.121
-123.965 46.708 1.043
-73.782 40.793 1.062
-77.953 34.227 1.038
18.419 54.797 1.116
-62.700 45.683 1.124
-70.672 41.523 1.056
-3.568 54.651 1.066
128.102 -15.453 1.076
118.067 24.450 1.054
-139.733 59.548 1.083
138.128 9.508 1.043
-66.117 43.833 1.113
139.633 35.467 1.063
13.817 55.417 1.172
39.190 -6.155 1.082
111.833 21.583 1.061
