144.283 44.017 1.040
-2.075 57.143 1.091
131.417 31.583 1.048
-89.833 13.583 1.068
-99.912 16.840 1.042
-176.632 51.863 1.065
-122.298 37.772 1.049
-126.931 50.587 1.036
29.917 31.217 1.051
-5.433 36.117 1.018
-149.890 61.238 1.081
13.506 43.625 1.108
-76.482 38.983 1.036
-70.400 -23.650 1.059
-84.982 29.727 0.322
-171.750 -13.817 1.131
-53.983 47.300 1.050
-13.530 28.972 1.065
-123.767 46.208 1.033
-74.418 39.355 1.043
-2.715 51.511 1.043
141.500 38.300 1.044
-79.573 8.962 1.045
-76.578 39.267 1.034
-90.285 -0.437 1.067
-125.136 48.836 1.051
2.163 41.342 1.047
-68.205 44.392 1.129
16.912 41.137 1.068
12.903 55.756 1.119
-59.633 -62.483 0.096
-1.515 43.527 1.040
109.083 21.483 1.055
-128.143 52.163 1.047
-64.700 32.400 1.106
-3.050 43.357 1.066
168.350 -46.600 1.110
-6.340 36.800 1.032
141.917 -10.600 1.054
-71.052 42.355 1.105
1.578 50.727 1.080
-4.500 48.383 1.037
-73.182 41.173 1.054
153.167 -27.367 1.079
122.217 -18.000 1.085
-77.100 3.900 1.056
-58.500 -34.667 1.068
152.380 -24.767 1.087
145.915 -41.050 1.073
-109.908 22.880 1.078
-6.283 36.533 1.032
9.114 39.210 1.042
1.868 50.969 1.063
-77.150 -12.050 1.073
-76.068 38.573 1.044
-125.247 50.042 1.041
-47.925 -25.017 1.032
147.058 -19.277 1.067
18.433 -33.900 1.051
-74.960 38.968 1.043
113.652 -24.898 1.063
-75.533 10.383 1.070
-9.417 38.692 1.037
15.094 37.498 1.025
-83.032 29.135 1.093
103.187 5.265 1.063
-5.317 35.900 1.028
91.050 22.217 1.113
-124.322 43.345 1.047
-79.925 32.782 1.042
-64.920 18.335 1.029
-63.117 46.233 1.122
-1.635 49.651 1.044
-76.113 36.967 1.053
142.200 27.100 1.066
140.867 35.750 1.056
-157.472 1.982 1.061
-94.200 58.783 -1.911
96.883 -12.117 1.104
-1.890 47.277 1.049
-145.753 60.558 1.065
-97.217 27.580 0.962
91.833 21.450 1.091
-124.183 41.745 1.040
-79.915 9.355 1.053
1.302 52.934 1.071
8.717 53.867 1.053
130.850 -12.467 1.084
20.385 60.032 1.248
6.933 53.326 1.101
4.746 52.965 1.063
-4.185 50.368 1.056
1.085 49.929 1.139
-2.088 47.306 1.051
108.617 19.100 1.090
1.318 51.117 1.059
-75.740 36.183 1.055
2.367 51.048 1.057
31.050 -29.867 1.047
27.917 -33.017 1.059
-109.448 -27.150 1.051
-66.985 44.903 1.124
162.387 11.430 1.131
-116.633 31.850 1.097
8.433 55.467 1.068
-79.647 0.992 1.052
121.900 -33.867 1.058
-64.267 -65.250 0.809
1.348 51.957 1.100
-81.467 30.672 1.051
-4.983 52.014 1.054
18.211 60.409 1.156
151.233 -33.850 1.060
-80.902 32.033 1.054
-95.308 28.948 1.028
115.717 -32.050 1.056
-166.288 23.868 1.074
-123.010 48.547 1.071
139.933 40.650 1.056
128.850 32.700 1.097
-123.451 48.769 1.056
179.195 -8.525 1.098
-16.907 32.640 1.103
21.231 64.916 1.383
-94.793 29.310 0.995
73.152 -0.687 1.110
11.933 54.567 1.058
102.107 6.227 1.050
-5.350 36.117 1.047
-5.698 43.558 1.059
-3.018 53.450 1.045
11.791 57.685 1.089
-89.957 29.263 0.797
136.417 -13.860 1.093
144.650 13.433 1.075
-110.900 27.933 1.066
141.533 40.533 1.097
110.283 20.017 1.080
140.717 41.783 1.054
-63.583 44.667 1.063
132.067 34.900 1.046
27.179 60.563 1.144
145.567 43.283 1.092
22.977 59.823 1.180
1.284 51.947 1.087
9.101 63.425 1.063
24.956 60.154 1.159
-2.920 54.032 1.030
115.738 -31.825 1.056
-155.067 19.733 1.057
-3.134 51.215 1.065
89.467 21.783 1.071
147.330 -42.887 1.073
4.120 51.977 1.062
-4.631 53.308 1.057
114.217 22.300 1.055
159.957 -9.425 1.152
25.973 70.980 1.084
-157.867 21.307 1.098
12.467 56.100 1.088
131.683 32.417 1.058
-6.834 37.132 1.041
-124.217 40.767 1.065
-4.111 51.211 1.058
-43.165 -22.897 1.041
-0.186 53.631 1.043
124.167 24.333 1.049
-169.530 16.738 1.044
103.792 1.462 1.059
-78.833 -33.622 1.160
-134.412 58.298 1.058
130.567 31.583 1.043
-156.467 20.900 1.081
23.096 65.697 1.504
121.282 28.088 1.105
-171.718 -2.810 1.056
120.288 22.615 1.058
154.777 1.098 1.070
21.215 62.344 1.203
139.750 35.517 1.089
121.745 25.157 1.060
101.358 3.050 1.077
102.153 2.215 1.078
24.515 65.673 1.433
70.220 -49.345 1.145
-131.625 55.333 1.065
-81.808 24.553 1.039
-5.050 58.457 1.111
-75.988 37.165 1.087
12.894 55.522 1.127
23.033 -34.050 1.052
99.817 11.795 1.068
98.425 7.832 1.118
135.183 34.683 1.041
133.567 33.500 1.044
-152.512 57.732 1.064
134.583 34.017 1.043
116.067 5.983 1.057
103.430 3.975 1.066
130.200 32.600 1.070
103.443 1.325 1.078
15.589 56.105 1.159
11.127 58.997 1.094
135.767 33.483 1.041
144.367 42.983 1.037
167.733 8.733 1.115
-8.400 43.367 1.060
-117.257 32.867 1.095
-80.917 -2.200 1.073
-110.345 24.162 1.083
-1.221 46.158 1.041
-87.817 13.333 1.096
17.865 58.742 1.187
99.765 6.432 1.102
177.433 -17.600 1.068
-4.781 48.359 1.064
0.106 49.482 1.035
-1.765 47.205 1.055
123.750 13.150 1.093
-3.182 55.990 1.084
-1.140 60.155 1.078
-1.794 46.497 1.047
-75.120 38.782 1.038
119.417 34.750 1.082
-64.753 17.697 1.021
10.299 43.546 1.047
-3.825 53.332 1.050
-80.717 -6.933 1.057
159.067 -31.517 1.070
-118.272 33.720 1.085
-64.883 47.083 1.217
1.751 52.473 1.063
15.150 -26.650 1.096
100.613 4.240 1.079
121.617 32.133 1.124
172.717 -43.600 1.084
5.113 61.934 1.076
-67.047 17.972 1.031
137.617 34.683 1.010
135.383 35.467 1.087
171.373 7.107 1.089
130.300 31.267 1.043
-4.417 36.717 1.035
134.463 7.330 1.123
73.527 4.190 1.103
-7.333 55.367 1.075
120.967 14.583 1.075
21.463 61.594 1.169
174.500 -35.833 1.059
16.837 58.554 1.237
173.200 52.833 1.158
-72.117 -17.000 1.100
132.717 33.867 1.059
-81.432 30.395 1.055
-106.422 23.198 1.060
139.817 34.917 1.053
15.563 38.196 1.057
-177.367 28.217 1.044
-5.014 51.702 1.055
-4.906 55.750 1.077
50.600 26.233 1.062
130.450 32.617 1.065
139.482 34.067 1.050
141.983 39.650 1.135
-157.800 21.433 1.098
7.421 43.729 1.045
-71.960 41.048 1.054
-121.888 36.605 1.060
22.133 -34.183 1.054
134.167 33.267 1.041
129.867 32.733 1.080
136.883 35.083 1.039
127.667 26.200 1.063
-61.683 56.550 1.761
129.842 29.842 1.063
-1.634 47.194 1.055
-70.097 41.285 1.065
176.917 -39.483 1.134
-81.808 26.132 1.069
14.269 40.841 1.055
166.905 -0.528 1.054
-159.350 21.967 1.053
129.495 28.382 1.063
-124.617 48.368 1.050
-72.087 41.355 1.041
-74.015 40.700 1.041
0.057 50.782 1.037
-5.542 50.102 1.048
-71.327 41.505 1.062
-2.987 51.550 1.073
-122.910 49.200 1.046
130.992 30.735 1.069
-1.440 55.007 1.043
-60.250 46.217 1.121
166.437 -22.292 1.093
-175.167 -21.133 1.091
-140.082 -8.930 1.075
11.950 78.933 1.519
141.717 39.067 1.052
141.750 39.017 1.050
139.383 34.783 1.079
17.097 57.366 1.194
138.217 34.617 1.045
140.900 36.933 1.039
135.433 34.650 1.036
16.478 57.275 1.201
10.734 59.909 1.086
18.497 40.147 1.054
25.418 65.040 1.514
130.217 32.983 1.051
136.217 34.067 1.042
-170.683 -14.283 1.153
-81.167 -5.083 1.063
15.275 40.032 1.048
-149.567 -17.525 1.037
-123.451 48.654 1.054
100.347 5.422 1.066
-158.053 -8.977 1.037
-87.213 30.403 1.007
-75.142 39.933 1.071
22.690 63.709 1.359
158.243 6.987 1.083
-123.253 49.337 1.048
-25.672 37.735 1.106
-123.440 48.125 1.063
-59.133 47.567 1.157
-1.062 45.569 1.067
-80.593 28.415 1.054
25.630 -33.960 1.050
118.575 -20.318 1.064
150.912 -34.473 1.084
57.495 -20.155 1.098
16.867 -29.250 1.057
138.467 -35.108 1.066
-3.446 47.644 1.032
3.107 42.520 1.052
168.300 -17.767 1.159
-6.190 55.627 1.111
-4.768 54.085 1.090
-127.489 50.722 1.032
-97.215 26.060 0.966
-70.247 43.657 1.128
141.600 -38.333 1.054
-5.120 54.843 1.053
-6.657 55.207 1.095
-120.760 35.177 1.057
-1.112 50.803 1.054
-130.324 54.317 1.044
-71.401 41.807 1.062
-148.527 70.400 1.099
55.528 -4.672 1.068
-82.860 8.273 1.059
-87.950 15.833 1.076
-15.417 28.133 1.051
-72.967 -41.483 1.082
-67.617 -54.933 1.170
-132.072 53.252 1.059
24.407 64.666 1.549
-159.775 -21.207 1.042
20.895 63.986 1.303
21.426 61.133 1.177
-75.573 39.558 1.063
55.285 -20.935 1.150
-21.940 64.151 1.191
-134.953 -23.125 1.137
12.113 57.250 1.086
-97.047 28.022 0.988
63.418 -19.668 1.045
11.230 64.859 1.069
-3.966 48.718 1.030
150.790 -23.162 1.079
-17.750 28.683 1.079
-93.870 29.730 0.827
133.333 36.200 1.101
-2.246 47.140 1.033
-1.682 43.395 1.047
-2.028 48.641 1.068
-2.202 47.267 1.039
-66.063 45.251 1.133
145.742 15.227 1.029
133.250 35.550 1.029
17.950 -33.017 1.073
-95.203 16.160 1.049
-117.173 32.713 1.084
-80.108 -26.292 1.095
-122.465 37.807 1.041
-90.833 13.917 1.075
-66.117 18.460 1.035
-75.200 -15.367 1.069
-160.502 55.337 1.066
118.067 5.810 1.072
-74.009 40.467 1.047
-90.313 -0.755 1.095
-118.500 34.008 1.067
-122.339 47.603 1.046
104.115 1.932 1.052
-151.720 59.441 1.059
-149.427 60.120 1.062
-76.330 36.947 1.041
115.350 22.750 1.073
0.743 51.442 1.063
119.550 35.383 1.092
138.517 35.017 1.049
130.933 33.933 1.068
135.383 33.683 1.047
18.433 -34.183 1.055
14.358 55.557 1.185
-135.342 57.052 1.031
19.012 63.191 1.149
-135.327 59.450 1.066
12.829 55.417 1.138
11.218 58.354 1.089
-76.452 38.317 1.048
-124.043 44.625 1.036
17.531 62.363 1.230
147.933 -42.550 1.077
-78.918 33.655 1.059
-82.627 27.760 1.028
-52.717 47.567 1.069
-57.821 -51.692 1.123
11.832 58.093 1.089
-123.181 49.125 1.066
-2.117 49.183 1.074
18.082 59.325 1.173
-6.389 58.207 1.118
134.900 34.350 1.041
178.427 -18.132 1.091
39.600 -69.000 1.130
134.050 34.350 1.035
-81.282 -4.582 1.065
103.853 1.262 1.052
135.183 34.333 1.044
174.033 -39.050 1.053
172.930 1.363 1.102
-5.600 36.000 1.022
176.183 -37.650 1.078
117.883 4.233 1.120
-16.240 28.480 1.090
133.640 -32.150 1.075
104.140 2.807 1.063
136.850 34.467 1.036
-6.064 56.623 1.087
-125.913 49.154 1.034
139.767 35.650 1.050
-109.048 25.600 1.077
132.967 32.783 1.041
5.913 43.117 1.031
146.833 -19.250 1.051
137.217 36.767 1.055
7.567 58.000 1.090
13.750 45.650 1.041
151.850 7.450 1.062
-78.730 1.817 1.049
22.101 60.428 1.165
138.883 35.017 1.060
-5.158 57.895 1.091
-166.537 53.880 1.087
133.950 34.483 1.033
135.900 33.567 1.039
132.550 33.233 1.063
21.571 63.081 1.294
-146.362 61.125 1.070
-0.330 39.460 1.034
-71.633 -33.033 1.082
-123.110 49.287 1.047
12.217 57.100 1.129
31.100 70.333 1.146
12.426 45.419 1.054
-123.370 48.422 1.039
12.579 56.142 1.093
-8.770 42.601 1.079
18.284 57.639 1.276
135.150 34.217 1.042
166.617 19.283 1.036
141.683 45.400 1.069
14.500 -22.950 1.085
-77.022 38.873 1.030
174.783 -41.283 1.078
-2.448 50.608 1.054
-0.614 54.490 1.047
-3.086 58.441 1.113
-123.965 46.708 1.040
-73.782 40.793 1.066
-77.953 34.227 1.042
18.419 54.797 1.110
-62.700 45.683 1.133
-70.672 41.523 1.059
-3.568 54.651 1.064
128.102 -15.453 1.075
118.067 24.450 1.054
-139.733 59.548 1.076
138.128 9.508 1.040
-66.117 43.833 1.115
139.633 35.467 1.057
13.817 55.417 1.160
39.190 -6.155 1.083
111.833 21.583 1.056
