144.283 44.017 1.120
-2.075 57.143 1.328
131.417 31.583 1.137
-89.833 13.583 1.233
-99.912 16.840 1.145
-176.632 51.863 1.242
-122.298 37.772 1.184
-126.931 50.587 1.257
29.917 31.217 1.139
-5.433 36.117 1.058
-149.890 61.238 1.406
13.506 43.625 1.316
-76.482 38.983 1.095
-70.400 -23.650 1.169
-84.982 29.727 -0.772
-171.750 -13.817 1.393
-53.983 47.300 1.150
-13.530 28.972 1.193
-123.767 46.208 1.130
-74.418 39.355 1.116
-2.715 51.511 1.133
141.500 38.300 1.128
-79.573 8.962 1.115
-76.578 39.267 1.085
-90.285 -0.437 1.191
-125.136 48.836 1.226
2.163 41.342 1.149
-68.205 44.392 1.440
16.912 41.137 1.225
12.903 55.756 1.341
-59.633 -62.483 1.534
-1.515 43.527 1.149
109.083 21.483 1.158
-128.143 52.163 1.532
-64.700 32.400 1.362
-3.050 43.357 1.245
168.350 -46.600 1.242
-6.340 36.800 1.104
141.917 -10.600 1.157
-71.052 42.355 1.287
1.578 50.727 1.226
-4.500 48.383 1.124
-73.182 41.173 1.136
153.167 -27.367 1.239
122.217 -18.000 1.246
-77.100 3.900 1.201
-58.500 -34.667 1.144
152.380 -24.767 1.245
145.915 -41.050 1.207
-109.908 22.880 1.249
-6.283 36.533 1.111
9.114 39.210 1.125
1.868 50.969 1.175
-77.150 -12.050 1.243
-76.068 38.573 1.110
-125.247 50.042 1.223
-47.925 -25.017 1.079
147.058 -19.277 1.175
18.433 -33.900 1.164
-74.960 38.968 1.105
113.652 -24.898 1.192
-75.533 10.383 1.194
-9.417 38.692 1.125
15.094 37.498 1.066
-83.032 29.135 1.236
103.187 5.265 1.183
-5.317 35.900 1.103
91.050 22.217 1.327
-124.322 43.345 1.170
-79.925 32.782 1.111
-64.920 18.335 1.091
-63.117 46.233 1.359
-1.635 49.651 1.180
-76.113 36.967 1.133
142.200 27.100 1.188
140.867 35.750 1.165
-157.472 1.982 1.196
-94.200 58.783 0.378
96.883 -12.117 1.321
-1.890 47.277 1.166
-145.753 60.558 1.387
-97.217 27.580 0.895
91.833 21.450 1.270
-124.183 41.745 1.154
-79.915 9.355 1.144
1.302 52.934 1.184
8.717 53.867 1.139
130.850 -12.467 1.255
20.385 60.032 -0.323
6.933 53.326 1.250
4.746 52.965 1.178
-4.185 50.368 1.163
1.085 49.929 1.406
-2.088 47.306 1.158
108.617 19.100 1.261
1.318 51.117 1.164
-75.740 36.183 1.138
2.367 51.048 1.143
31.050 -29.867 1.145
27.917 -33.017 1.177
-109.448 -27.150 1.127
-66.985 44.903 1.410
162.387 11.430 1.401
-116.633 31.850 1.303
8.433 55.467 1.168
-79.647 0.992 1.170
121.900 -33.867 1.181
-64.267 -65.250 2.206
1.348 51.957 1.264
-81.467 30.672 1.131
-4.983 52.014 1.173
18.211 60.409 0.372
151.233 -33.850 1.153
-80.902 32.033 1.146
-95.308 28.948 1.071
115.717 -32.050 1.167
-166.288 23.868 1.229
-123.010 48.547 1.286
139.933 40.650 1.170
128.850 32.700 1.315
-123.451 48.769 1.249
179.195 -8.525 1.304
-16.907 32.640 1.311
21.231 64.916 0.776
-94.793 29.310 0.986
73.152 -0.687 1.344
11.933 54.567 1.158
102.107 6.227 1.149
-5.350 36.117 1.171
-5.698 43.558 1.228
-3.018 53.450 1.151
11.791 57.685 1.400
-89.957 29.263 0.492
136.417 -13.860 1.251
144.650 13.433 1.249
-110.900 27.933 1.240
141.533 40.533 1.311
110.283 20.017 1.211
140.717 41.783 1.160
-63.583 44.667 1.175
132.067 34.900 1.124
27.179 60.563 1.782
145.567 43.283 1.320
22.977 59.823 2.508
1.284 51.947 1.256
9.101 63.425 1.399
24.956 60.154 1.844
-2.920 54.032 1.102
115.738 -31.825 1.171
-155.067 19.733 1.196
-3.134 51.215 1.208
89.467 21.783 1.187
147.330 -42.887 1.189
4.120 51.977 1.171
-4.631 53.308 1.201
114.217 22.300 1.150
159.957 -9.425 1.455
25.973 70.980 1.380
-157.867 21.307 1.324
12.467 56.100 1.261
131.683 32.417 1.163
-6.834 37.132 1.141
-124.217 40.767 1.228
-4.111 51.211 1.182
-43.165 -22.897 1.111
-0.186 53.631 1.119
124.167 24.333 1.133
-169.530 16.738 1.133
103.792 1.462 1.189
-78.833 -33.622 1.378
-134.412 58.298 1.362
130.567 31.583 1.133
-156.467 20.900 1.268
23.096 65.697 0.740
121.282 28.088 1.295
-171.718 -2.810 1.184
120.288 22.615 1.170
154.777 1.098 1.211
21.215 62.344 0.801
139.750 35.517 1.285
121.745 25.157 1.164
101.358 3.050 1.255
102.153 2.215 1.246
24.515 65.673 0.767
70.220 -49.345 1.413
-131.625 55.333 1.358
-81.808 24.553 1.110
-5.050 58.457 1.403
-75.988 37.165 1.205
12.894 55.522 1.380
23.033 -34.050 1.145
99.817 11.795 1.209
98.425 7.832 1.335
135.183 34.683 1.124
133.567 33.500 1.120
-152.512 57.732 1.223
134.583 34.017 1.144
116.067 5.983 1.170
103.430 3.975 1.196
130.200 32.600 1.222
103.443 1.325 1.268
15.589 56.105 1.507
11.127 58.997 1.602
135.767 33.483 1.146
144.367 42.983 1.123
167.733 8.733 1.359
-8.400 43.367 1.180
-117.257 32.867 1.363
-80.917 -2.200 1.258
-110.345 24.162 1.256
-1.221 46.158 1.125
-87.817 13.333 1.347
17.865 58.742 2.465
99.765 6.432 1.297
177.433 -17.600 1.180
-4.781 48.359 1.193
0.106 49.482 1.141
-1.765 47.205 1.150
123.750 13.150 1.262
-3.182 55.990 1.278
-1.140 60.155 1.268
-1.794 46.497 1.144
-75.120 38.782 1.097
119.417 34.750 1.241
-64.753 17.697 1.059
10.299 43.546 1.177
-3.825 53.332 1.172
-80.717 -6.933 1.173
159.067 -31.517 1.196
-118.272 33.720 1.343
-64.883 47.083 1.602
1.751 52.473 1.157
15.150 -26.650 1.282
100.613 4.240 1.255
121.617 32.133 1.333
172.717 -43.600 1.214
5.113 61.934 1.306
-67.047 17.972 1.102
137.617 34.683 1.030
135.383 35.467 1.266
171.373 7.107 1.272
130.300 31.267 1.123
-4.417 36.717 1.122
134.463 7.330 1.386
73.527 4.190 1.303
-7.333 55.367 1.275
120.967 14.583 1.245
21.463 61.594 0.656
174.500 -35.833 1.146
16.837 58.554 2.898
173.200 52.833 1.582
-72.117 -17.000 1.306
132.717 33.867 1.188
-81.432 30.395 1.147
-106.422 23.198 1.219
139.817 34.917 1.166
15.563 38.196 1.172
-177.367 28.217 1.131
-5.014 51.702 1.172
-4.906 55.750 1.277
50.600 26.233 1.173
130.450 32.617 1.204
139.482 34.067 1.159
141.983 39.650 1.390
-157.800 21.433 1.322
7.421 43.729 1.170
-71.960 41.048 1.131
-121.888 36.605 1.216
22.133 -34.183 1.157
134.167 33.267 1.119
129.867 32.733 1.252
136.883 35.083 1.110
127.667 26.200 1.179
-61.683 56.550 -10.632
129.842 29.842 1.178
-1.634 47.194 1.171
-70.097 41.285 1.172
176.917 -39.483 1.330
-81.808 26.132 1.193
14.269 40.841 1.185
166.905 -0.528 1.152
-159.350 21.967 1.172
129.495 28.382 1.180
-124.617 48.368 1.227
-72.087 41.355 1.102
-74.015 40.700 1.103
0.057 50.782 1.132
-5.542 50.102 1.158
-71.327 41.505 1.176
-2.987 51.550 1.224
-122.910 49.200 1.187
130.992 30.735 1.214
-1.440 55.007 1.132
-60.250 46.217 1.310
166.437 -22.292 1.285
-175.167 -21.133 1.244
-140.082 -8.930 1.231
11.950 78.933 0.040
141.717 39.067 1.151
141.750 39.017 1.145
139.383 34.783 1.238
17.097 57.366 1.984
138.217 34.617 1.149
140.900 36.933 1.125
135.433 34.650 1.105
16.478 57.275 2.009
10.734 59.909 1.557
18.497 40.147 1.156
25.418 65.040 0.726
130.217 32.983 1.161
136.217 34.067 1.121
-170.683 -14.283 1.450
-81.167 -5.083 1.197
15.275 40.032 1.157
-149.567 -17.525 1.108
-123.451 48.654 1.220
100.347 5.422 1.192
-158.053 -8.977 1.107
-87.213 30.403 1.018
-75.142 39.933 1.178
22.690 63.709 0.689
158.243 6.987 1.242
-123.253 49.337 1.223
-25.672 37.735 1.350
-123.440 48.125 1.248
-59.133 47.567 1.461
-1.062 45.569 1.217
-80.593 28.415 1.143
25.630 -33.960 1.152
118.575 -20.318 1.194
150.912 -34.473 1.204
57.495 -20.155 1.318
16.867 -29.250 1.174
138.467 -35.108 1.202
-3.446 47.644 1.121
3.107 42.520 1.185
168.300 -17.767 1.407
-6.190 55.627 1.396
-4.768 54.085 1.303
-127.489 50.722 1.223
-97.215 26.060 0.904
-70.247 43.657 1.419
141.600 -38.333 1.160
-5.120 54.843 1.194
-6.657 55.207 1.377
-120.760 35.177 1.216
-1.112 50.803 1.173
-130.324 54.317 1.545
-71.401 41.807 1.162
-148.527 70.400 1.261
55.528 -4.672 1.232
-82.860 8.273 1.195
-87.950 15.833 1.244
-15.417 28.133 1.152
-72.967 -41.483 1.154
-67.617 -54.933 1.117
-132.072 53.252 1.317
24.407 64.666 0.701
-159.775 -21.207 1.105
20.895 63.986 0.785
21.426 61.133 0.641
-75.573 39.558 1.161
55.285 -20.935 1.474
-21.940 64.151 7.289
-134.953 -23.125 1.353
12.113 57.250 1.357
-97.047 28.022 0.973
63.418 -19.668 1.152
11.230 64.859 1.464
-3.966 48.718 1.100
150.790 -23.162 1.221
-17.750 28.683 1.248
-93.870 29.730 0.579
133.333 36.200 1.332
-2.246 47.140 1.109
-1.682 43.395 1.186
-2.028 48.641 1.244
-2.202 47.267 1.129
-66.063 45.251 1.438
145.742 15.227 1.078
133.250 35.550 1.081
17.950 -33.017 1.227
-95.203 16.160 1.165
-117.173 32.713 1.315
-80.108 -26.292 1.247
-122.465 37.807 1.152
-90.833 13.917 1.253
-66.117 18.460 1.108
-75.200 -15.367 1.202
-160.502 55.337 1.232
118.067 5.810 1.223
-74.009 40.467 1.120
-90.313 -0.755 1.282
-118.500 34.008 1.266
-122.339 47.603 1.192
104.115 1.932 1.159
-151.720 59.441 1.257
-149.427 60.120 1.258
-76.330 36.947 1.096
115.350 22.750 1.211
0.743 51.442 1.177
119.550 35.383 1.274
138.517 35.017 1.163
130.933 33.933 1.202
135.383 33.683 1.161
18.433 -34.183 1.174
14.358 55.557 1.579
-135.342 57.052 1.140
19.012 63.191 0.858
-135.327 59.450 1.423
12.829 55.417 1.400
11.218 58.354 1.596
-76.452 38.317 1.115
-124.043 44.625 1.130
17.531 62.363 0.784
147.933 -42.550 1.237
-78.918 33.655 1.153
-82.627 27.760 1.069
-52.717 47.567 1.180
-57.821 -51.692 1.169
11.832 58.093 1.400
-123.181 49.125 1.282
-2.117 49.183 1.275
18.082 59.325 -9.987
-6.389 58.207 1.428
134.900 34.350 1.138
178.427 -18.132 1.242
39.600 -69.000 1.353
134.050 34.350 1.114
-81.282 -4.582 1.200
103.853 1.262 1.159
135.183 34.333 1.134
174.033 -39.050 1.138
172.930 1.363 1.305
-5.600 36.000 1.088
176.183 -37.650 1.203
117.883 4.233 1.354
-16.240 28.480 1.275
133.640 -32.150 1.223
104.140 2.807 1.197
136.850 34.467 1.111
-6.064 56.623 1.323
-125.913 49.154 1.174
139.767 35.650 1.141
-109.048 25.600 1.241
132.967 32.783 1.113
5.913 43.117 1.098
146.833 -19.250 1.137
137.217 36.767 1.170
7.567 58.000 1.299
13.750 45.650 1.131
151.850 7.450 1.193
-78.730 1.817 1.173
22.101 60.428 -1.856
138.883 35.017 1.192
-5.158 57.895 1.354
-166.537 53.880 1.313
133.950 34.483 1.095
135.900 33.567 1.121
132.550 33.233 1.199
21.571 63.081 0.772
-146.362 61.125 1.396
-0.330 39.460 1.107
-71.633 -33.033 1.190
-123.110 49.287 1.237
12.217 57.100 1.602
31.100 70.333 1.661
12.426 45.419 1.178
-123.370 48.422 1.162
12.579 56.142 1.255
-8.770 42.601 1.237
18.284 57.639 2.266
135.150 34.217 1.143
166.617 19.283 1.115
141.683 45.400 1.226
14.500 -22.950 1.253
-77.022 38.873 1.071
174.783 -41.283 1.186
-2.448 50.608 1.179
-0.614 54.490 1.134
-3.086 58.441 1.406
-123.965 46.708 1.150
-73.782 40.793 1.157
-77.953 34.227 1.106
18.419 54.797 1.395
-62.700 45.683 1.335
-70.672 41.523 1.159
-3.568 54.651 1.224
128.102 -15.453 1.238
118.067 24.450 1.148
-139.733 59.548 1.488
138.128 9.508 1.113
-66.117 43.833 1.330
139.633 35.467 1.175
13.817 55.417 1.535
39.190 -6.155 1.249
111.833 21.583 1.156
