144.283 44.017 1.023
-2.075 57.143 1.066
131.417 31.583 1.034
-89.833 13.583 1.050
-99.912 16.840 1.026
-176.632 51.863 1.041
-122.298 37.772 1.035
-126.931 50.587 1.023
29.917 31.217 1.032
-5.433 36.117 1.012
-149.890 61.238 1.054
13.506 43.625 1.071
-76.482 38.983 1.028
-70.400 -23.650 1.041
-84.982 29.727 0.458
-171.750 -13.817 1.089
-53.983 47.300 1.041
-13.530 28.972 1.041
-123.767 46.208 1.024
-74.418 39.355 1.034
-2.715 51.511 1.030
141.500 38.300 1.024
-79.573 8.962 1.023
-76.578 39.267 1.026
-90.285 -0.437 1.046
-125.136 48.836 1.035
2.163 41.342 1.026
-68.205 44.392 1.102
16.912 41.137 1.037
12.903 55.756 1.085
-59.633 -62.483 0.747
-1.515 43.527 1.025
109.083 21.483 1.040
-128.143 52.163 1.031
-64.700 32.400 1.056
-3.050 43.357 1.044
168.350 -46.600 1.062
-6.340 36.800 1.020
141.917 -10.600 1.036
-71.052 42.355 1.076
1.578 50.727 1.055
-4.500 48.383 1.031
-73.182 41.173 1.038
153.167 -27.367 1.059
122.217 -18.000 1.059
-77.100 3.900 1.039
-58.500 -34.667 1.049
152.380 -24.767 1.066
145.915 -41.050 1.049
-109.908 22.880 1.046
-6.283 36.533 1.019
9.114 39.210 1.028
1.868 50.969 1.042
-77.150 -12.050 1.053
-76.068 38.573 1.034
-125.247 50.042 1.028
-47.925 -25.017 1.023
147.058 -19.277 1.045
18.433 -33.900 1.036
-74.960 38.968 1.030
113.652 -24.898 1.044
-75.533 10.383 1.037
-9.417 38.692 1.025
15.094 37.498 1.017
-83.032 29.135 1.064
103.187 5.265 1.041
-5.317 35.900 1.016
91.050 22.217 1.079
-124.322 43.345 1.034
-79.925 32.782 1.027
-64.920 18.335 1.019
-63.117 46.233 1.085
-1.635 49.651 1.034
-76.113 36.967 1.038
142.200 27.100 1.043
140.867 35.750 1.039
-157.472 1.982 1.041
-94.200 58.783 2.886
96.883 -12.117 1.064
-1.890 47.277 1.038
-145.753 60.558 1.046
-97.217 27.580 0.982
91.833 21.450 1.062
-124.183 41.745 1.028
-79.915 9.355 1.028
1.302 52.934 1.049
8.717 53.867 1.040
130.850 -12.467 1.058
20.385 60.032 1.117
6.933 53.326 1.070
4.746 52.965 1.044
-4.185 50.368 1.042
1.085 49.929 1.097
-2.088 47.306 1.037
108.617 19.100 1.061
1.318 51.117 1.040
-75.740 36.183 1.041
2.367 51.048 1.036
31.050 -29.867 1.027
27.917 -33.017 1.042
-109.448 -27.150 1.038
-66.985 44.903 1.094
162.387 11.430 1.087
-116.633 31.850 1.068
8.433 55.467 1.045
-79.647 0.992 1.032
121.900 -33.867 1.040
-64.267 -65.250 0.895
1.348 51.957 1.068
-81.467 30.672 1.034
-4.983 52.014 1.037
18.211 60.409 1.077
151.233 -33.850 1.048
-80.902 32.033 1.039
-95.308 28.948 1.019
115.717 -32.050 1.039
-166.288 23.868 1.043
-123.010 48.547 1.046
139.933 40.650 1.032
128.850 32.700 1.069
-123.451 48.769 1.036
179.195 -8.525 1.067
-16.907 32.640 1.072
21.231 64.916 1.123
-94.793 29.310 0.995
73.152 -0.687 1.072
11.933 54.567 1.041
102.107 6.227 1.029
-5.350 36.117 1.030
-5.698 43.558 1.040
-3.018 53.450 1.030
11.791 57.685 1.064
-89.957 29.263 0.859
136.417 -13.860 1.060
144.650 13.433 1.046
-110.900 27.933 1.041
141.533 40.533 1.067
110.283 20.017 1.055
140.717 41.783 1.038
-63.583 44.667 1.049
132.067 34.900 1.029
27.179 60.563 1.085
145.567 43.283 1.058
22.977 59.823 1.108
1.284 51.947 1.062
9.101 63.425 1.041
24.956 60.154 1.095
-2.920 54.032 1.019
115.738 -31.825 1.044
-155.067 19.733 1.038
-3.134 51.215 1.049
89.467 21.783 1.045
147.330 -42.887 1.046
4.120 51.977 1.045
-4.631 53.308 1.043
114.217 22.300 1.039
159.957 -9.425 1.096
25.973 70.980 1.056
-157.867 21.307 1.060
12.467 56.100 1.059
131.683 32.417 1.042
-6.834 37.132 1.025
-124.217 40.767 1.045
-4.111 51.211 1.044
-43.165 -22.897 1.027
-0.186 53.631 1.031
124.167 24.333 1.035
-169.530 16.738 1.028
103.792 1.462 1.031
-78.833 -33.622 1.119
-134.412 58.298 1.040
130.567 31.583 1.031
-156.467 20.900 1.053
23.096 65.697 1.164
121.282 28.088 1.073
-171.718 -2.810 1.039
120.288 22.615 1.039
154.777 1.098 1.046
21.215 62.344 1.072
139.750 35.517 1.062
121.745 25.157 1.043
101.358 3.050 1.050
102.153 2.215 1.055
24.515 65.673 1.140
70.220 -49.345 1.086
-131.625 55.333 1.039
-81.808 24.553 1.020
-5.050 58.457 1.078
-75.988 37.165 1.063
12.894 55.522 1.085
23.033 -34.050 1.035
99.817 11.795 1.041
98.425 7.832 1.076
135.183 34.683 1.028
133.567 33.500 1.030
-152.512 57.732 1.043
134.583 34.017 1.029
116.067 5.983 1.041
103.430 3.975 1.042
130.200 32.600 1.046
103.443 1.325 1.039
15.589 56.105 1.092
11.127 58.997 1.065
135.767 33.483 1.025
144.367 42.983 1.022
167.733 8.733 1.079
-8.400 43.367 1.041
-117.257 32.867 1.067
-80.917 -2.200 1.051
-110.345 24.162 1.052
-1.221 46.158 1.029
-87.817 13.333 1.069
17.865 58.742 1.103
99.765 6.432 1.066
177.433 -17.600 1.039
-4.781 48.359 1.048
0.106 49.482 1.029
-1.765 47.205 1.039
123.750 13.150 1.063
-3.182 55.990 1.063
-1.140 60.155 1.062
-1.794 46.497 1.034
-75.120 38.782 1.028
119.417 34.750 1.056
-64.753 17.697 1.013
10.299 43.546 1.028
-3.825 53.332 1.034
-80.717 -6.933 1.039
159.067 -31.517 1.046
-118.272 33.720 1.053
-64.883 47.083 1.157
1.751 52.473 1.042
15.150 -26.650 1.067
100.613 4.240 1.051
121.617 32.133 1.083
172.717 -43.600 1.062
5.113 61.934 1.055
-67.047 17.972 1.017
137.617 34.683 1.005
135.383 35.467 1.060
171.373 7.107 1.060
130.300 31.267 1.030
-4.417 36.717 1.019
134.463 7.330 1.081
73.527 4.190 1.065
-7.333 55.367 1.052
120.967 14.583 1.047
21.463 61.594 1.069
174.500 -35.833 1.039
16.837 58.554 1.140
173.200 52.833 1.095
-72.117 -17.000 1.073
132.717 33.867 1.042
-81.432 30.395 1.039
-106.422 23.198 1.037
139.817 34.917 1.034
15.563 38.196 1.031
-177.367 28.217 1.027
-5.014 51.702 1.042
-4.906 55.750 1.050
50.600 26.233 1.038
130.450 32.617 1.044
139.482 34.067 1.034
141.983 39.650 1.088
-157.800 21.433 1.065
7.421 43.729 1.027
-71.960 41.048 1.038
-121.888 36.605 1.042
22.133 -34.183 1.037
134.167 33.267 1.028
129.867 32.733 1.056
136.883 35.083 1.024
127.667 26.200 1.043
-61.683 56.550 1.494
129.842 29.842 1.043
-1.634 47.194 1.041
-70.097 41.285 1.049
176.917 -39.483 1.088
-81.808 26.132 1.050
14.269 40.841 1.030
166.905 -0.528 1.034
-159.350 21.967 1.030
129.495 28.382 1.046
-124.617 48.368 1.033
-72.087 41.355 1.030
-74.015 40.700 1.029
0.057 50.782 1.025
-5.542 50.102 1.038
-71.327 41.505 1.050
-2.987 51.550 1.056
-122.910 49.200 1.030
130.992 30.735 1.048
-1.440 55.007 1.030
-60.250 46.217 1.092
166.437 -22.292 1.066
-175.167 -21.133 1.056
-140.082 -8.930 1.053
11.950 78.933 1.251
141.717 39.067 1.028
141.750 39.017 1.027
139.383 34.783 1.051
17.097 57.366 1.118
138.217 34.617 1.028
140.900 36.933 1.026
135.433 34.650 1.026
16.478 57.275 1.117
10.734 59.909 1.056
18.497 40.147 1.034
25.418 65.040 1.178
130.217 32.983 1.037
136.217 34.067 1.027
-170.683 -14.283 1.103
-81.167 -5.083 1.044
15.275 40.032 1.029
-149.567 -17.525 1.025
-123.451 48.654 1.035
100.347 5.422 1.038
-158.053 -8.977 1.023
-87.213 30.403 1.005
-75.142 39.933 1.055
22.690 63.709 1.115
158.243 6.987 1.054
-123.253 49.337 1.032
-25.672 37.735 1.081
-123.440 48.125 1.042
-59.133 47.567 1.115
-1.062 45.569 1.051
-80.593 28.415 1.040
25.630 -33.960 1.035
118.575 -20.318 1.044
150.912 -34.473 1.062
57.495 -20.155 1.063
16.867 -29.250 1.042
138.467 -35.108 1.043
-3.446 47.644 1.021
3.107 42.520 1.032
168.300 -17.767 1.092
-6.190 55.627 1.077
-4.768 54.085 1.062
-127.489 50.722 1.019
-97.215 26.060 0.974
-70.247 43.657 1.100
141.600 -38.333 1.037
-5.120 54.843 1.039
-6.657 55.207 1.065
-120.760 35.177 1.041
-1.112 50.803 1.038
-130.324 54.317 1.027
-71.401 41.807 1.047
-148.527 70.400 1.069
55.528 -4.672 1.046
-82.860 8.273 1.039
-87.950 15.833 1.039
-15.417 28.133 1.031
-72.967 -41.483 1.049
-67.617 -54.933 1.203
-132.072 53.252 1.037
24.407 64.666 1.174
-159.775 -21.207 1.029
20.895 63.986 1.091
21.426 61.133 1.073
-75.573 39.558 1.049
55.285 -20.935 1.092
-21.940 64.151 1.105
-134.953 -23.125 1.097
12.113 57.250 1.058
-97.047 28.022 0.991
63.418 -19.668 1.029
11.230 64.859 1.047
-3.966 48.718 1.024
150.790 -23.162 1.056
-17.750 28.683 1.051
-93.870 29.730 0.877
133.333 36.200 1.074
-2.246 47.140 1.026
-1.682 43.395 1.031
-2.028 48.641 1.055
-2.202 47.267 1.028
-66.063 45.251 1.101
145.742 15.227 1.016
133.250 35.550 1.018
17.950 -33.017 1.049
-95.203 16.160 1.033
-117.173 32.713 1.060
-80.108 -26.292 1.063
-122.465 37.807 1.029
-90.833 13.917 1.051
-66.117 18.460 1.021
-75.200 -15.367 1.051
-160.502 55.337 1.049
118.067 5.810 1.053
-74.009 40.467 1.032
-90.313 -0.755 1.065
-118.500 34.008 1.042
-122.339 47.603 1.030
104.115 1.932 1.030
-151.720 59.441 1.041
-149.427 60.120 1.042
-76.330 36.947 1.028
115.350 22.750 1.046
0.743 51.442 1.046
119.550 35.383 1.063
138.517 35.017 1.029
130.933 33.933 1.044
135.383 33.683 1.030
18.433 -34.183 1.039
14.358 55.557 1.116
-135.342 57.052 1.023
19.012 63.191 1.057
-135.327 59.450 1.046
12.829 55.417 1.093
11.218 58.354 1.063
-76.452 38.317 1.035
-124.043 44.625 1.025
17.531 62.363 1.090
147.933 -42.550 1.051
-78.918 33.655 1.044
-82.627 27.760 1.017
-52.717 47.567 1.066
-57.821 -51.692 1.112
11.832 58.093 1.064
-123.181 49.125 1.043
-2.117 49.183 1.062
18.082 59.325 1.094
-6.389 58.207 1.087
134.900 34.350 1.024
178.427 -18.132 1.050
39.600 -69.000 1.074
134.050 34.350 1.025
-81.282 -4.582 1.042
103.853 1.262 1.029
135.183 34.333 1.026
174.033 -39.050 1.031
172.930 1.363 1.065
-5.600 36.000 1.015
176.183 -37.650 1.042
117.883 4.233 1.064
-16.240 28.480 1.058
133.640 -32.150 1.052
104.140 2.807 1.034
136.850 34.467 1.023
-6.064 56.623 1.060
-125.913 49.154 1.021
139.767 35.650 1.034
-109.048 25.600 1.046
132.967 32.783 1.028
5.913 43.117 1.019
146.833 -19.250 1.034
137.217 36.767 1.031
7.567 58.000 1.062
13.750 45.650 1.022
151.850 7.450 1.041
-78.730 1.817 1.027
22.101 60.428 1.076
138.883 35.017 1.035
-5.158 57.895 1.067
-166.537 53.880 1.062
133.950 34.483 1.023
135.900 33.567 1.026
132.550 33.233 1.046
21.571 63.081 1.098
-146.362 61.125 1.048
-0.330 39.460 1.020
-71.633 -33.033 1.057
-123.110 49.287 1.033
12.217 57.100 1.090
31.100 70.333 1.095
12.426 45.419 1.035
-123.370 48.422 1.026
12.579 56.142 1.062
-8.770 42.601 1.056
18.284 57.639 1.156
135.150 34.217 1.028
166.617 19.283 1.022
141.683 45.400 1.047
14.500 -22.950 1.063
-77.022 38.873 1.022
174.783 -41.283 1.041
-2.448 50.608 1.042
-0.614 54.490 1.036
-3.086 58.441 1.080
-123.965 46.708 1.028
-73.782 40.793 1.043
-77.953 34.227 1.026
18.419 54.797 1.076
-62.700 45.683 1.093
-70.672 41.523 1.044
-3.568 54.651 1.045
128.102 -15.453 1.050
118.067 24.450 1.038
-139.733 59.548 1.050
138.128 9.508 1.026
-66.117 43.833 1.087
139.633 35.467 1.037
13.817 55.417 1.105
39.190 -6.155 1.053
111.833 21.583 1.039
