144.283 44.017 1.051
-2.075 57.143 1.139
131.417 31.583 1.067
-89.833 13.583 1.095
-99.912 16.840 1.055
-176.632 51.863 1.096
-122.298 37.772 1.068
-126.931 50.587 1.054
29.917 31.217 1.066
-5.433 36.117 1.022
-149.890 61.238 1.115
13.506 43.625 1.127
-76.482 38.983 1.048
-70.400 -23.650 1.080
-84.982 29.727 0.189
-171.750 -13.817 1.174
-53.983 47.300 1.069
-13.530 28.972 1.087
-123.767 46.208 1.050
-74.418 39.355 1.058
-2.715 51.511 1.056
141.500 38.300 1.053
-79.573 8.962 1.056
-76.578 39.267 1.045
-90.285 -0.437 1.082
-125.136 48.836 1.073
2.163 41.342 1.070
-68.205 44.392 1.171
16.912 41.137 1.100
12.903 55.756 1.152
-59.633 -62.483 4.664
-1.515 43.527 1.061
109.083 21.483 1.071
-128.143 52.163 1.074
-64.700 32.400 1.146
-3.050 43.357 1.102
168.350 -46.600 1.127
-6.340 36.800 1.045
141.917 -10.600 1.073
-71.052 42.355 1.119
1.578 50.727 1.101
-4.500 48.383 1.057
-73.182 41.173 1.067
153.167 -27.367 1.107
122.217 -18.000 1.107
-77.100 3.900 1.083
-58.500 -34.667 1.081
152.380 -24.767 1.112
145.915 -41.050 1.095
-109.908 22.880 1.099
-6.283 36.533 1.049
9.114 39.210 1.059
1.868 50.969 1.074
-77.150 -12.050 1.105
-76.068 38.573 1.055
-125.247 50.042 1.065
-47.925 -25.017 1.044
147.058 -19.277 1.078
18.433 -33.900 1.074
-74.960 38.968 1.052
113.652 -24.898 1.078
-75.533 10.383 1.087
-9.417 38.692 1.052
15.094 37.498 1.029
-83.032 29.135 1.111
103.187 5.265 1.081
-5.317 35.900 1.042
91.050 22.217 1.138
-124.322 43.345 1.068
-79.925 32.782 1.050
-64.920 18.335 1.040
-63.117 46.233 1.151
-1.635 49.651 1.078
-76.113 36.967 1.065
142.200 27.100 1.090
140.867 35.750 1.074
-157.472 1.982 1.084
-94.200 58.783 -0.523
96.883 -12.117 1.139
-1.890 47.277 1.071
-145.753 60.558 1.102
-97.217 27.580 0.964
91.833 21.450 1.111
-124.183 41.745 1.055
-79.915 9.355 1.066
1.302 52.934 1.089
8.717 53.867 1.071
130.850 -12.467 1.116
20.385 60.032 1.370
6.933 53.326 1.117
4.746 52.965 1.082
-4.185 50.368 1.074
1.085 49.929 1.185
-2.088 47.306 1.065
108.617 19.100 1.117
1.318 51.117 1.076
-75.740 36.183 1.067
2.367 51.048 1.069
31.050 -29.867 1.059
27.917 -33.017 1.080
-109.448 -27.150 1.064
-66.985 44.903 1.164
162.387 11.430 1.178
-116.633 31.850 1.127
8.433 55.467 1.076
-79.647 0.992 1.068
121.900 -33.867 1.075
-64.267 -65.250 0.567
1.348 51.957 1.125
-81.467 30.672 1.060
-4.983 52.014 1.072
18.211 60.409 1.234
151.233 -33.850 1.073
-80.902 32.033 1.068
-95.308 28.948 1.033
115.717 -32.050 1.071
-166.288 23.868 1.096
-123.010 48.547 1.098
139.933 40.650 1.075
128.850 32.700 1.147
-123.451 48.769 1.082
179.195 -8.525 1.137
-16.907 32.640 1.147
21.231 64.916 3.061
-94.793 29.310 0.996
73.152 -0.687 1.158
11.933 54.567 1.075
102.107 6.227 1.066
-5.350 36.117 1.070
-5.698 43.558 1.095
-3.018 53.450 1.061
11.791 57.685 1.120
-89.957 29.263 0.763
136.417 -13.860 1.112
144.650 13.433 1.110
-110.900 27.933 1.090
141.533 40.533 1.145
110.283 20.017 1.098
140.717 41.783 1.072
-63.583 44.667 1.083
132.067 34.900 1.057
27.179 60.563 1.181
145.567 43.283 1.136
22.977 59.823 1.245
1.284 51.947 1.117
9.101 63.425 1.095
24.956 60.154 1.210
-2.920 54.032 1.038
115.738 -31.825 1.073
-155.067 19.733 1.082
-3.134 51.215 1.091
89.467 21.783 1.083
147.330 -42.887 1.096
4.120 51.977 1.079
-4.631 53.308 1.079
114.217 22.300 1.070
159.957 -9.425 1.209
25.973 70.980 1.125
-157.867 21.307 1.135
12.467 56.100 1.104
131.683 32.417 1.078
-6.834 37.132 1.059
-124.217 40.767 1.085
-4.111 51.211 1.081
-43.165 -22.897 1.054
-0.186 53.631 1.053
124.167 24.333 1.068
-169.530 16.738 1.059
103.792 1.462 1.084
-78.833 -33.622 1.207
-134.412 58.298 1.083
130.567 31.583 1.064
-156.467 20.900 1.117
23.096 65.697 3.066
121.282 28.088 1.136
-171.718 -2.810 1.079
120.288 22.615 1.081
154.777 1.098 1.092
21.215 62.344 1.441
139.750 35.517 1.128
121.745 25.157 1.077
101.358 3.050 1.103
102.153 2.215 1.108
24.515 65.673 2.715
70.220 -49.345 1.189
-131.625 55.333 1.094
-81.808 24.553 1.050
-5.050 58.457 1.141
-75.988 37.165 1.108
12.894 55.522 1.167
23.033 -34.050 1.066
99.817 11.795 1.091
98.425 7.832 1.144
135.183 34.683 1.056
133.567 33.500 1.055
-152.512 57.732 1.084
134.583 34.017 1.062
116.067 5.983 1.075
103.430 3.975 1.085
130.200 32.600 1.103
103.443 1.325 1.115
15.589 56.105 1.200
11.127 58.997 1.130
135.767 33.483 1.065
144.367 42.983 1.049
167.733 8.733 1.153
-8.400 43.367 1.080
-117.257 32.867 1.125
-80.917 -2.200 1.107
-110.345 24.162 1.110
-1.221 46.158 1.053
-87.817 13.333 1.143
17.865 58.742 1.240
99.765 6.432 1.131
177.433 -17.600 1.078
-4.781 48.359 1.088
0.106 49.482 1.060
-1.765 47.205 1.068
123.750 13.150 1.125
-3.182 55.990 1.113
-1.140 60.155 1.107
-1.794 46.497 1.064
-75.120 38.782 1.046
119.417 34.750 1.109
-64.753 17.697 1.026
10.299 43.546 1.074
-3.825 53.332 1.066
-80.717 -6.933 1.079
159.067 -31.517 1.095
-118.272 33.720 1.118
-64.883 47.083 1.258
1.751 52.473 1.077
15.150 -26.650 1.129
100.613 4.240 1.104
121.617 32.133 1.150
172.717 -43.600 1.114
5.113 61.934 1.111
-67.047 17.972 1.042
137.617 34.683 1.011
135.383 35.467 1.124
171.373 7.107 1.120
130.300 31.267 1.059
-4.417 36.717 1.055
134.463 7.330 1.170
73.527 4.190 1.136
-7.333 55.367 1.102
120.967 14.583 1.108
21.463 61.594 1.294
174.500 -35.833 1.077
16.837 58.554 1.316
173.200 52.833 1.233
-72.117 -17.000 1.134
132.717 33.867 1.089
-81.432 30.395 1.067
-106.422 23.198 1.083
139.817 34.917 1.074
15.563 38.196 1.086
-177.367 28.217 1.058
-5.014 51.702 1.075
-4.906 55.750 1.101
50.600 26.233 1.076
130.450 32.617 1.098
139.482 34.067 1.069
141.983 39.650 1.183
-157.800 21.433 1.137
7.421 43.729 1.073
-71.960 41.048 1.065
-121.888 36.605 1.082
22.133 -34.183 1.074
134.167 33.267 1.052
129.867 32.733 1.118
136.883 35.083 1.048
127.667 26.200 1.084
-61.683 56.550 2.128
129.842 29.842 1.085
-1.634 47.194 1.072
-70.097 41.285 1.076
176.917 -39.483 1.172
-81.808 26.132 1.086
14.269 40.841 1.085
166.905 -0.528 1.067
-159.350 21.967 1.070
129.495 28.382 1.090
-124.617 48.368 1.074
-72.087 41.355 1.049
-74.015 40.700 1.052
0.057 50.782 1.054
-5.542 50.102 1.067
-71.327 41.505 1.083
-2.987 51.550 1.099
-122.910 49.200 1.059
130.992 30.735 1.098
-1.440 55.007 1.058
-60.250 46.217 1.148
166.437 -22.292 1.127
-175.167 -21.133 1.115
-140.082 -8.930 1.103
11.950 78.933 2.360
141.717 39.067 1.065
141.750 39.017 1.062
139.383 34.783 1.112
17.097 57.366 1.259
138.217 34.617 1.064
140.900 36.933 1.053
135.433 34.650 1.047
16.478 57.275 1.276
10.734 59.909 1.114
18.497 40.147 1.069
25.418 65.040 3.005
130.217 32.983 1.075
136.217 34.067 1.057
-170.683 -14.283 1.206
-81.167 -5.083 1.083
15.275 40.032 1.076
-149.567 -17.525 1.050
-123.451 48.654 1.074
100.347 5.422 1.080
-158.053 -8.977 1.045
-87.213 30.403 1.011
-75.142 39.933 1.095
22.690 63.709 1.819
158.243 6.987 1.109
-123.253 49.337 1.070
-25.672 37.735 1.151
-123.440 48.125 1.081
-59.133 47.567 1.204
-1.062 45.569 1.091
-80.593 28.415 1.064
25.630 -33.960 1.073
118.575 -20.318 1.082
150.912 -34.473 1.100
57.495 -20.155 1.134
16.867 -29.250 1.083
138.467 -35.108 1.087
-3.446 47.644 1.051
3.107 42.520 1.081
168.300 -17.767 1.194
-6.190 55.627 1.144
-4.768 54.085 1.116
-127.489 50.722 1.047
-97.215 26.060 0.958
-70.247 43.657 1.170
141.600 -38.333 1.073
-5.120 54.843 1.075
-6.657 55.207 1.131
-120.760 35.177 1.085
-1.112 50.803 1.071
-130.324 54.317 1.068
-71.401 41.807 1.076
-148.527 70.400 1.123
55.528 -4.672 1.103
-82.860 8.273 1.079
-87.950 15.833 1.106
-15.417 28.133 1.071
-72.967 -41.483 1.092
-67.617 -54.933 1.130
-132.072 53.252 1.087
24.407 64.666 2.855
-159.775 -21.207 1.053
20.895 63.986 1.760
21.426 61.133 1.310
-75.573 39.558 1.080
55.285 -20.935 1.205
-21.940 64.151 1.312
-134.953 -23.125 1.165
12.113 57.250 1.115
-97.047 28.022 0.986
63.418 -19.668 1.063
11.230 64.859 1.098
-3.966 48.718 1.044
150.790 -23.162 1.100
-17.750 28.683 1.112
-93.870 29.730 0.788
133.333 36.200 1.154
-2.246 47.140 1.046
-1.682 43.395 1.079
-2.028 48.641 1.107
-2.202 47.267 1.050
-66.063 45.251 1.178
145.742 15.227 1.035
133.250 35.550 1.039
17.950 -33.017 1.105
-95.203 16.160 1.071
-117.173 32.713 1.114
-80.108 -26.292 1.125
-122.465 37.807 1.055
-90.833 13.917 1.105
-66.117 18.460 1.048
-75.200 -15.367 1.096
-160.502 55.337 1.092
118.067 5.810 1.100
-74.009 40.467 1.059
-90.313 -0.755 1.127
-118.500 34.008 1.088
-122.339 47.603 1.063
104.115 1.932 1.070
-151.720 59.441 1.084
-149.427 60.120 1.083
-76.330 36.947 1.050
115.350 22.750 1.096
0.743 51.442 1.089
119.550 35.383 1.129
138.517 35.017 1.071
130.933 33.933 1.090
135.383 33.683 1.070
18.433 -34.183 1.080
14.358 55.557 1.248
-135.342 57.052 1.045
19.012 63.191 1.321
-135.327 59.450 1.098
12.829 55.417 1.175
11.218 58.354 1.130
-76.452 38.317 1.060
-124.043 44.625 1.049
17.531 62.363 1.546
147.933 -42.550 1.111
-78.918 33.655 1.080
-82.627 27.760 1.031
-52.717 47.567 1.089
-57.821 -51.692 1.135
11.832 58.093 1.129
-123.181 49.125 1.095
-2.117 49.183 1.119
18.082 59.325 1.263
-6.389 58.207 1.156
134.900 34.350 1.059
178.427 -18.132 1.115
39.600 -69.000 1.223
134.050 34.350 1.053
-81.282 -4.582 1.085
103.853 1.262 1.070
135.183 34.333 1.062
174.033 -39.050 1.069
172.930 1.363 1.129
-5.600 36.000 1.034
176.183 -37.650 1.100
117.883 4.233 1.150
-16.240 28.480 1.132
133.640 -32.150 1.098
104.140 2.807 1.085
136.850 34.467 1.048
-6.064 56.623 1.119
-125.913 49.154 1.053
139.767 35.650 1.064
-109.048 25.600 1.098
132.967 32.783 1.053
5.913 43.117 1.041
146.833 -19.250 1.061
137.217 36.767 1.076
7.567 58.000 1.113
13.750 45.650 1.053
151.850 7.450 1.084
-78.730 1.817 1.069
22.101 60.428 1.234
138.883 35.017 1.085
-5.158 57.895 1.120
-166.537 53.880 1.123
133.950 34.483 1.045
135.900 33.567 1.057
132.550 33.233 1.091
21.571 63.081 1.768
-146.362 61.125 1.103
-0.330 39.460 1.049
-71.633 -33.033 1.099
-123.110 49.287 1.075
12.217 57.100 1.180
31.100 70.333 1.211
12.426 45.419 1.071
-123.370 48.422 1.053
12.579 56.142 1.110
-8.770 42.601 1.106
18.284 57.639 1.352
135.150 34.217 1.063
166.617 19.283 1.048
141.683 45.400 1.101
14.500 -22.950 1.115
-77.022 38.873 1.035
174.783 -41.283 1.094
-2.448 50.608 1.076
-0.614 54.490 1.062
-3.086 58.441 1.156
-123.965 46.708 1.056
-73.782 40.793 1.079
-77.953 34.227 1.048
18.419 54.797 1.156
-62.700 45.683 1.155
-70.672 41.523 1.071
-3.568 54.651 1.081
128.102 -15.453 1.101
118.067 24.450 1.070
-139.733 59.548 1.108
138.128 9.508 1.049
-66.117 43.833 1.146
139.633 35.467 1.080
13.817 55.417 1.208
39.190 -6.155 1.111
111.833 21.583 1.076
