144.283 44.017 1.032
-2.075 57.143 1.085
131.417 31.583 1.044
-89.833 13.583 1.062
-99.912 16.840 1.034
-176.632 51.863 1.061
-122.298 37.772 1.041
-126.931 50.587 1.030
29.917 31.217 1.043
-5.433 36.117 1.015
-149.890 61.238 1.071
13.506 43.625 1.083
-76.482 38.983 1.030
-70.400 -23.650 1.051
-84.982 29.727 0.450
-171.750 -13.817 1.109
-53.983 47.300 1.046
-13.530 28.972 1.056
-123.767 46.208 1.029
-74.418 39.355 1.038
-2.715 51.511 1.035
141.500 38.300 1.034
-79.573 8.962 1.036
-76.578 39.267 1.027
-90.285 -0.437 1.055
-125.136 48.836 1.043
2.163 41.342 1.044
-68.205 44.392 1.101
16.912 41.137 1.062
12.903 55.756 1.097
-59.633 -62.483 0.287
-1.515 43.527 1.041
109.083 21.483 1.049
-128.143 52.163 1.039
-64.700 32.400 1.091
-3.050 43.357 1.063
168.350 -46.600 1.083
-6.340 36.800 1.028
141.917 -10.600 1.047
-71.052 42.355 1.081
1.578 50.727 1.067
-4.500 48.383 1.036
-73.182 41.173 1.044
153.167 -27.367 1.072
122.217 -18.000 1.068
-77.100 3.900 1.053
-58.500 -34.667 1.055
152.380 -24.767 1.077
145.915 -41.050 1.061
-109.908 22.880 1.064
-6.283 36.533 1.031
9.114 39.210 1.038
1.868 50.969 1.050
-77.150 -12.050 1.069
-76.068 38.573 1.037
-125.247 50.042 1.038
-47.925 -25.017 1.029
147.058 -19.277 1.053
18.433 -33.900 1.049
-74.960 38.968 1.035
113.652 -24.898 1.050
-75.533 10.383 1.055
-9.417 38.692 1.036
15.094 37.498 1.022
-83.032 29.135 1.074
103.187 5.265 1.053
-5.317 35.900 1.026
91.050 22.217 1.089
-124.322 43.345 1.042
-79.925 32.782 1.033
-64.920 18.335 1.025
-63.117 46.233 1.097
-1.635 49.651 1.049
-76.113 36.967 1.043
142.200 27.100 1.059
140.867 35.750 1.049
-157.472 1.982 1.053
-94.200 58.783 5.379
96.883 -12.117 1.087
-1.890 47.277 1.046
-145.753 60.558 1.055
-97.217 27.580 0.982
91.833 21.450 1.072
-124.183 41.745 1.034
-79.915 9.355 1.041
1.302 52.934 1.059
8.717 53.867 1.046
130.850 -12.467 1.073
20.385 60.032 1.164
6.933 53.326 1.079
4.746 52.965 1.052
-4.185 50.368 1.046
1.085 49.929 1.121
-2.088 47.306 1.044
108.617 19.100 1.076
1.318 51.117 1.050
-75.740 36.183 1.046
2.367 51.048 1.044
31.050 -29.867 1.039
27.917 -33.017 1.051
-109.448 -27.150 1.045
-66.985 44.903 1.106
162.387 11.430 1.116
-116.633 31.850 1.078
8.433 55.467 1.053
-79.647 0.992 1.043
121.900 -33.867 1.047
-64.267 -65.250 0.818
1.348 51.957 1.085
-81.467 30.672 1.039
-4.983 52.014 1.046
18.211 60.409 1.102
151.233 -33.850 1.048
-80.902 32.033 1.043
-95.308 28.948 1.024
115.717 -32.050 1.045
-166.288 23.868 1.061
-123.010 48.547 1.057
139.933 40.650 1.048
128.850 32.700 1.098
-123.451 48.769 1.050
179.195 -8.525 1.088
-16.907 32.640 1.100
21.231 64.916 1.182
-94.793 29.310 0.996
73.152 -0.687 1.104
11.933 54.567 1.046
102.107 6.227 1.042
-5.350 36.117 1.045
-5.698 43.558 1.058
-3.018 53.450 1.036
11.791 57.685 1.076
-89.957 29.263 0.832
136.417 -13.860 1.070
144.650 13.433 1.067
-110.900 27.933 1.054
141.533 40.533 1.089
110.283 20.017 1.065
140.717 41.783 1.043
-63.583 44.667 1.055
132.067 34.900 1.039
27.179 60.563 1.109
145.567 43.283 1.091
22.977 59.823 1.130
1.284 51.947 1.076
9.101 63.425 1.052
24.956 60.154 1.115
-2.920 54.032 1.024
115.738 -31.825 1.047
-155.067 19.733 1.052
-3.134 51.215 1.061
89.467 21.783 1.053
147.330 -42.887 1.061
4.120 51.977 1.054
-4.631 53.308 1.049
114.217 22.300 1.048
159.957 -9.425 1.135
25.973 70.980 1.074
-157.867 21.307 1.084
12.467 56.100 1.067
131.683 32.417 1.050
-6.834 37.132 1.039
-124.217 40.767 1.054
-4.111 51.211 1.053
-43.165 -22.897 1.037
-0.186 53.631 1.036
124.167 24.333 1.039
-169.530 16.738 1.037
103.792 1.462 1.049
-78.833 -33.622 1.148
-134.412 58.298 1.048
130.567 31.583 1.043
-156.467 20.900 1.070
23.096 65.697 1.213
121.282 28.088 1.082
-171.718 -2.810 1.050
120.288 22.615 1.054
154.777 1.098 1.057
21.215 62.344 1.106
139.750 35.517 1.083
121.745 25.157 1.051
101.358 3.050 1.066
102.153 2.215 1.071
24.515 65.673 1.187
70.220 -49.345 1.124
-131.625 55.333 1.054
-81.808 24.553 1.031
-5.050 58.457 1.085
-75.988 37.165 1.068
12.894 55.522 1.109
23.033 -34.050 1.042
99.817 11.795 1.059
98.425 7.832 1.094
135.183 34.683 1.035
133.567 33.500 1.035
-152.512 57.732 1.050
134.583 34.017 1.040
116.067 5.983 1.047
103.430 3.975 1.056
130.200 32.600 1.069
103.443 1.325 1.071
15.589 56.105 1.123
11.127 58.997 1.071
135.767 33.483 1.042
144.367 42.983 1.029
167.733 8.733 1.098
-8.400 43.367 1.051
-117.257 32.867 1.079
-80.917 -2.200 1.072
-110.345 24.162 1.070
-1.221 46.158 1.033
-87.817 13.333 1.087
17.865 58.742 1.134
99.765 6.432 1.081
177.433 -17.600 1.051
-4.781 48.359 1.058
0.106 49.482 1.038
-1.765 47.205 1.045
123.750 13.150 1.080
-3.182 55.990 1.067
-1.140 60.155 1.068
-1.794 46.497 1.041
-75.120 38.782 1.030
119.417 34.750 1.074
-64.753 17.697 1.016
10.299 43.546 1.048
-3.825 53.332 1.041
-80.717 -6.933 1.049
159.067 -31.517 1.064
-118.272 33.720 1.068
-64.883 47.083 1.168
1.751 52.473 1.048
15.150 -26.650 1.087
100.613 4.240 1.068
121.617 32.133 1.100
172.717 -43.600 1.076
5.113 61.934 1.069
-67.047 17.972 1.026
137.617 34.683 1.007
135.383 35.467 1.081
171.373 7.107 1.076
130.300 31.267 1.037
-4.417 36.717 1.035
134.463 7.330 1.111
73.527 4.190 1.090
-7.333 55.367 1.061
120.967 14.583 1.069
21.463 61.594 1.103
174.500 -35.833 1.053
16.837 58.554 1.168
173.200 52.833 1.136
-72.117 -17.000 1.089
132.717 33.867 1.056
-81.432 30.395 1.044
-106.422 23.198 1.053
139.817 34.917 1.050
15.563 38.196 1.055
-177.367 28.217 1.035
-5.014 51.702 1.048
-4.906 55.750 1.062
50.600 26.233 1.049
130.450 32.617 1.064
139.482 34.067 1.046
141.983 39.650 1.122
-157.800 21.433 1.083
7.421 43.729 1.047
-71.960 41.048 1.044
-121.888 36.605 1.052
22.133 -34.183 1.049
134.167 33.267 1.035
129.867 32.733 1.081
136.883 35.083 1.030
127.667 26.200 1.058
-61.683 56.550 1.531
129.842 29.842 1.059
-1.634 47.194 1.046
-70.097 41.285 1.055
176.917 -39.483 1.113
-81.808 26.132 1.057
14.269 40.841 1.055
166.905 -0.528 1.044
-159.350 21.967 1.044
129.495 28.382 1.060
-124.617 48.368 1.044
-72.087 41.355 1.034
-74.015 40.700 1.034
0.057 50.782 1.035
-5.542 50.102 1.044
-71.327 41.505 1.052
-2.987 51.550 1.063
-122.910 49.200 1.037
130.992 30.735 1.064
-1.440 55.007 1.038
-60.250 46.217 1.099
166.437 -22.292 1.083
-175.167 -21.133 1.074
-140.082 -8.930 1.064
11.950 78.933 1.402
141.717 39.067 1.040
141.750 39.017 1.038
139.383 34.783 1.071
17.097 57.366 1.152
138.217 34.617 1.041
140.900 36.933 1.035
135.433 34.650 1.030
16.478 57.275 1.157
10.734 59.909 1.066
18.497 40.147 1.046
25.418 65.040 1.218
130.217 32.983 1.049
136.217 34.067 1.035
-170.683 -14.283 1.133
-81.167 -5.083 1.054
15.275 40.032 1.051
-149.567 -17.525 1.030
-123.451 48.654 1.044
100.347 5.422 1.050
-158.053 -8.977 1.029
-87.213 30.403 1.007
-75.142 39.933 1.061
22.690 63.709 1.179
158.243 6.987 1.071
-123.253 49.337 1.044
-25.672 37.735 1.097
-123.440 48.125 1.049
-59.133 47.567 1.131
-1.062 45.569 1.059
-80.593 28.415 1.042
25.630 -33.960 1.048
118.575 -20.318 1.052
150.912 -34.473 1.066
57.495 -20.155 1.092
16.867 -29.250 1.053
138.467 -35.108 1.053
-3.446 47.644 1.032
3.107 42.520 1.050
168.300 -17.767 1.115
-6.190 55.627 1.089
-4.768 54.085 1.071
-127.489 50.722 1.026
-97.215 26.060 0.970
-70.247 43.657 1.108
141.600 -38.333 1.044
-5.120 54.843 1.045
-6.657 55.207 1.080
-120.760 35.177 1.052
-1.112 50.803 1.048
-130.324 54.317 1.036
-71.401 41.807 1.050
-148.527 70.400 1.081
55.528 -4.672 1.068
-82.860 8.273 1.048
-87.950 15.833 1.068
-15.417 28.133 1.046
-72.967 -41.483 1.063
-67.617 -54.933 1.149
-132.072 53.252 1.052
24.407 64.666 1.223
-159.775 -21.207 1.033
20.895 63.986 1.138
21.426 61.133 1.108
-75.573 39.558 1.055
55.285 -20.935 1.139
-21.940 64.151 1.156
-134.953 -23.125 1.110
12.113 57.250 1.066
-97.047 28.022 0.992
63.418 -19.668 1.040
11.230 64.859 1.058
-3.966 48.718 1.028
150.790 -23.162 1.064
-17.750 28.683 1.072
-93.870 29.730 0.868
133.333 36.200 1.098
-2.246 47.140 1.029
-1.682 43.395 1.049
-2.028 48.641 1.069
-2.202 47.267 1.033
-66.063 45.251 1.116
145.742 15.227 1.023
133.250 35.550 1.024
17.950 -33.017 1.066
-95.203 16.160 1.043
-117.173 32.713 1.068
-80.108 -26.292 1.080
-122.465 37.807 1.036
-90.833 13.917 1.066
-66.117 18.460 1.030
-75.200 -15.367 1.061
-160.502 55.337 1.057
118.067 5.810 1.064
-74.009 40.467 1.037
-90.313 -0.755 1.082
-118.500 34.008 1.052
-122.339 47.603 1.039
104.115 1.932 1.043
-151.720 59.441 1.050
-149.427 60.120 1.048
-76.330 36.947 1.032
115.350 22.750 1.064
0.743 51.442 1.059
119.550 35.383 1.084
138.517 35.017 1.044
130.933 33.933 1.063
135.383 33.683 1.047
18.433 -34.183 1.052
14.358 55.557 1.157
-135.342 57.052 1.027
19.012 63.191 1.070
-135.327 59.450 1.055
12.829 55.417 1.108
11.218 58.354 1.071
-76.452 38.317 1.042
-124.043 44.625 1.032
17.531 62.363 1.113
147.933 -42.550 1.074
-78.918 33.655 1.047
-82.627 27.760 1.021
-52.717 47.567 1.055
-57.821 -51.692 1.112
11.832 58.093 1.073
-123.181 49.125 1.056
-2.117 49.183 1.075
18.082 59.325 1.132
-6.389 58.207 1.096
134.900 34.350 1.038
178.427 -18.132 1.069
39.600 -69.000 1.157
134.050 34.350 1.033
-81.282 -4.582 1.055
103.853 1.262 1.045
135.183 34.333 1.042
174.033 -39.050 1.044
172.930 1.363 1.086
-5.600 36.000 1.023
176.183 -37.650 1.067
117.883 4.233 1.097
-16.240 28.480 1.084
133.640 -32.150 1.060
104.140 2.807 1.054
136.850 34.467 1.032
-6.064 56.623 1.072
-125.913 49.154 1.031
139.767 35.650 1.044
-109.048 25.600 1.060
132.967 32.783 1.034
5.913 43.117 1.027
146.833 -19.250 1.039
137.217 36.767 1.049
7.567 58.000 1.074
13.750 45.650 1.034
151.850 7.450 1.058
-78.730 1.817 1.042
22.101 60.428 1.114
138.883 35.017 1.055
-5.158 57.895 1.077
-166.537 53.880 1.078
133.950 34.483 1.030
135.900 33.567 1.035
132.550 33.233 1.059
21.571 63.081 1.138
-146.362 61.125 1.059
-0.330 39.460 1.030
-71.633 -33.033 1.067
-123.110 49.287 1.046
12.217 57.100 1.110
31.100 70.333 1.126
12.426 45.419 1.042
-123.370 48.422 1.032
12.579 56.142 1.069
-8.770 42.601 1.068
18.284 57.639 1.203
135.150 34.217 1.039
166.617 19.283 1.031
141.683 45.400 1.066
14.500 -22.950 1.077
-77.022 38.873 1.025
174.783 -41.283 1.064
-2.448 50.608 1.050
-0.614 54.490 1.043
-3.086 58.441 1.094
-123.965 46.708 1.035
-73.782 40.793 1.052
-77.953 34.227 1.032
18.419 54.797 1.095
-62.700 45.683 1.098
-70.672 41.523 1.049
-3.568 54.651 1.051
128.102 -15.453 1.062
118.067 24.450 1.045
-139.733 59.548 1.064
138.128 9.508 1.033
-66.117 43.833 1.095
139.633 35.467 1.050
13.817 55.417 1.137
39.190 -6.155 1.072
111.833 21.583 1.047
