144.283 44.017 1.129
-2.075 57.143 1.365
131.417 31.583 1.148
-89.833 13.583 1.268
-99.912 16.840 1.143
-176.632 51.863 1.220
-122.298 37.772 1.226
-126.931 50.587 1.300
29.917 31.217 1.141
-5.433 36.117 1.066
-149.890 61.238 1.427
13.506 43.625 1.388
-76.482 38.983 1.103
-70.400 -23.650 1.179
-84.982 29.727 -1.154
-171.750 -13.817 1.428
-53.983 47.300 1.198
-13.530 28.972 1.189
-123.767 46.208 1.135
-74.418 39.355 1.129
-2.715 51.511 1.150
141.500 38.300 1.131
-79.573 8.962 1.110
-76.578 39.267 1.100
-90.285 -0.437 1.222
-125.136 48.836 1.231
2.163 41.342 1.130
-68.205 44.392 1.654
16.912 41.137 1.184
12.903 55.756 1.451
-59.633 -62.483 1.439
-1.515 43.527 1.146
109.083 21.483 1.187
-128.143 52.163 1.823
-64.700 32.400 1.277
-3.050 43.357 1.245
168.350 -46.600 1.243
-6.340 36.800 1.105
141.917 -10.600 1.172
-71.052 42.355 1.418
1.578 50.727 1.253
-4.500 48.383 1.149
-73.182 41.173 1.143
153.167 -27.367 1.275
122.217 -18.000 1.311
-77.100 3.900 1.211
-58.500 -34.667 1.169
152.380 -24.767 1.295
145.915 -41.050 1.241
-109.908 22.880 1.249
-6.283 36.533 1.099
9.114 39.210 1.132
1.868 50.969 1.203
-77.150 -12.050 1.260
-76.068 38.573 1.126
-125.247 50.042 1.232
-47.925 -25.017 1.091
147.058 -19.277 1.222
18.433 -33.900 1.161
-74.960 38.968 1.117
113.652 -24.898 1.240
-75.533 10.383 1.189
-9.417 38.692 1.123
15.094 37.498 1.077
-83.032 29.135 1.283
103.187 5.265 1.199
-5.317 35.900 1.095
91.050 22.217 1.415
-124.322 43.345 1.184
-79.925 32.782 1.124
-64.920 18.335 1.087
-63.117 46.233 1.481
-1.635 49.651 1.205
-76.113 36.967 1.150
142.200 27.100 1.192
140.867 35.750 1.175
-157.472 1.982 1.199
-94.200 58.783 0.444
96.883 -12.117 1.321
-1.890 47.277 1.189
-145.753 60.558 1.459
-97.217 27.580 0.918
91.833 21.450 1.338
-124.183 41.745 1.153
-79.915 9.355 1.127
1.302 52.934 1.215
8.717 53.867 1.181
130.850 -12.467 1.317
20.385 60.032 0.515
6.933 53.326 1.308
4.746 52.965 1.214
-4.185 50.368 1.184
1.085 49.929 1.458
-2.088 47.306 1.186
108.617 19.100 1.283
1.318 51.117 1.163
-75.740 36.183 1.155
2.367 51.048 1.175
31.050 -29.867 1.133
27.917 -33.017 1.192
-109.448 -27.150 1.145
-66.985 44.903 1.566
162.387 11.430 1.433
-116.633 31.850 1.370
8.433 55.467 1.213
-79.647 0.992 1.177
121.900 -33.867 1.213
-64.267 -65.250 2.477
1.348 51.957 1.297
-81.467 30.672 1.158
-4.983 52.014 1.201
18.211 60.409 0.718
151.233 -33.850 1.226
-80.902 32.033 1.171
-95.308 28.948 1.083
115.717 -32.050 1.200
-166.288 23.868 1.219
-123.010 48.547 1.316
139.933 40.650 1.164
128.850 32.700 1.319
-123.451 48.769 1.257
179.195 -8.525 1.328
-16.907 32.640 1.334
21.231 64.916 0.844
-94.793 29.310 0.971
73.152 -0.687 1.340
11.933 54.567 1.203
102.107 6.227 1.151
-5.350 36.117 1.173
-5.698 43.558 1.217
-3.018 53.450 1.187
11.791 57.685 1.741
-89.957 29.263 0.417
136.417 -13.860 1.311
144.650 13.433 1.212
-110.900 27.933 1.242
141.533 40.533 1.328
110.283 20.017 1.262
140.717 41.783 1.197
-63.583 44.667 1.216
132.067 34.900 1.142
27.179 60.563 12.589
145.567 43.283 1.278
22.977 59.823 -2.189
1.284 51.947 1.257
9.101 63.425 2.426
24.956 60.154 13.407
-2.920 54.032 1.122
115.738 -31.825 1.227
-155.067 19.733 1.213
-3.134 51.215 1.241
89.467 21.783 1.225
147.330 -42.887 1.209
4.120 51.977 1.208
-4.631 53.308 1.243
114.217 22.300 1.178
159.957 -9.425 1.462
25.973 70.980 1.623
-157.867 21.307 1.327
12.467 56.100 1.366
131.683 32.417 1.181
-6.834 37.132 1.130
-124.217 40.767 1.254
-4.111 51.211 1.218
-43.165 -22.897 1.113
-0.186 53.631 1.135
124.167 24.333 1.152
-169.530 16.738 1.145
103.792 1.462 1.169
-78.833 -33.622 1.386
-134.412 58.298 1.479
130.567 31.583 1.141
-156.467 20.900 1.292
23.096 65.697 0.803
121.282 28.088 1.381
-171.718 -2.810 1.184
120.288 22.615 1.181
154.777 1.098 1.220
21.215 62.344 0.869
139.750 35.517 1.286
121.745 25.157 1.192
101.358 3.050 1.276
102.153 2.215 1.266
24.515 65.673 0.828
70.220 -49.345 1.400
-131.625 55.333 1.404
-81.808 24.553 1.092
-5.050 58.457 1.588
-75.988 37.165 1.246
12.894 55.522 1.467
23.033 -34.050 1.168
99.817 11.795 1.204
98.425 7.832 1.384
135.183 34.683 1.141
133.567 33.500 1.151
-152.512 57.732 1.268
134.583 34.017 1.143
116.067 5.983 1.202
103.430 3.975 1.212
130.200 32.600 1.212
103.443 1.325 1.196
15.589 56.105 1.690
11.127 58.997 4.254
135.767 33.483 1.129
144.367 42.983 1.123
167.733 8.733 1.387
-8.400 43.367 1.194
-117.257 32.867 1.418
-80.917 -2.200 1.256
-110.345 24.162 1.285
-1.221 46.158 1.153
-87.817 13.333 1.372
17.865 58.742 -3.244
99.765 6.432 1.344
177.433 -17.600 1.179
-4.781 48.359 1.233
0.106 49.482 1.171
-1.765 47.205 1.186
123.750 13.150 1.320
-3.182 55.990 1.379
-1.140 60.155 1.344
-1.794 46.497 1.177
-75.120 38.782 1.107
119.417 34.750 1.239
-64.753 17.697 1.062
10.299 43.546 1.146
-3.825 53.332 1.216
-80.717 -6.933 1.188
159.067 -31.517 1.197
-118.272 33.720 1.401
-64.883 47.083 1.727
1.751 52.473 1.186
15.150 -26.650 1.300
100.613 4.240 1.286
121.617 32.133 1.429
172.717 -43.600 1.260
5.113 61.934 1.445
-67.047 17.972 1.089
137.617 34.683 1.018
135.383 35.467 1.278
171.373 7.107 1.291
130.300 31.267 1.132
-4.417 36.717 1.097
134.463 7.330 1.403
73.527 4.190 1.294
-7.333 55.367 1.365
120.967 14.583 1.247
21.463 61.594 0.824
174.500 -35.833 1.149
16.837 58.554 -4.240
173.200 52.833 1.547
-72.117 -17.000 1.312
132.717 33.867 1.185
-81.432 30.395 1.164
-106.422 23.198 1.202
139.817 34.917 1.169
15.563 38.196 1.136
-177.367 28.217 1.127
-5.014 51.702 1.219
-4.906 55.750 1.384
50.600 26.233 1.203
130.450 32.617 1.200
139.482 34.067 1.167
141.983 39.650 1.408
-157.800 21.433 1.324
7.421 43.729 1.146
-71.960 41.048 1.149
-121.888 36.605 1.237
22.133 -34.183 1.177
134.167 33.267 1.132
129.867 32.733 1.247
136.883 35.083 1.123
127.667 26.200 1.181
-61.683 56.550 -3.732
129.842 29.842 1.183
-1.634 47.194 1.205
-70.097 41.285 1.234
176.917 -39.483 1.365
-81.808 26.132 1.219
14.269 40.841 1.144
166.905 -0.528 1.166
-159.350 21.967 1.160
129.495 28.382 1.177
-124.617 48.368 1.224
-72.087 41.355 1.122
-74.015 40.700 1.107
0.057 50.782 1.133
-5.542 50.102 1.178
-71.327 41.505 1.228
-2.987 51.550 1.277
-122.910 49.200 1.207
130.992 30.735 1.214
-1.440 55.007 1.160
-60.250 46.217 1.418
166.437 -22.292 1.306
-175.167 -21.133 1.264
-140.082 -8.930 1.239
11.950 78.933 0.186
141.717 39.067 1.150
141.750 39.017 1.139
139.383 34.783 1.243
17.097 57.366 3.395
138.217 34.617 1.142
140.900 36.933 1.129
135.433 34.650 1.122
16.478 57.275 3.309
10.734 59.909 3.928
18.497 40.147 1.164
25.418 65.040 0.791
130.217 32.983 1.161
136.217 34.067 1.132
-170.683 -14.283 1.488
-81.167 -5.083 1.202
15.275 40.032 1.134
-149.567 -17.525 1.115
-123.451 48.654 1.246
100.347 5.422 1.206
-158.053 -8.977 1.113
-87.213 30.403 1.029
-75.142 39.933 1.198
22.690 63.709 0.819
158.243 6.987 1.263
-123.253 49.337 1.217
-25.672 37.735 1.407
-123.440 48.125 1.287
-59.133 47.567 1.570
-1.062 45.569 1.268
-80.593 28.415 1.178
25.630 -33.960 1.163
118.575 -20.318 1.233
150.912 -34.473 1.283
57.495 -20.155 1.301
16.867 -29.250 1.189
138.467 -35.108 1.222
-3.446 47.644 1.119
3.107 42.520 1.158
168.300 -17.767 1.417
-6.190 55.627 1.514
-4.768 54.085 1.391
-127.489 50.722 1.253
-97.215 26.060 0.892
-70.247 43.657 1.562
141.600 -38.333 1.188
-5.120 54.843 1.242
-6.657 55.207 1.468
-120.760 35.177 1.244
-1.112 50.803 1.204
-130.324 54.317 1.986
-71.401 41.807 1.205
-148.527 70.400 1.329
55.528 -4.672 1.206
-82.860 8.273 1.212
-87.950 15.833 1.202
-15.417 28.133 1.140
-72.967 -41.483 1.146
-67.617 -54.933 1.127
-132.072 53.252 1.345
24.407 64.666 0.790
-159.775 -21.207 1.126
20.895 63.986 0.873
21.426 61.133 0.820
-75.573 39.558 1.186
55.285 -20.935 1.470
-21.940 64.151 -16.452
-134.953 -23.125 1.401
12.113 57.250 1.684
-97.047 28.022 0.958
63.418 -19.668 1.154
11.230 64.859 3.618
-3.966 48.718 1.119
150.790 -23.162 1.258
-17.750 28.683 1.227
-93.870 29.730 0.472
133.333 36.200 1.318
-2.246 47.140 1.123
-1.682 43.395 1.177
-2.028 48.641 1.284
-2.202 47.267 1.145
-66.063 45.251 1.576
145.742 15.227 1.084
133.250 35.550 1.097
17.950 -33.017 1.226
-95.203 16.160 1.176
-117.173 32.713 1.398
-80.108 -26.292 1.250
-122.465 37.807 1.178
-90.833 13.917 1.276
-66.117 18.460 1.104
-75.200 -15.367 1.222
-160.502 55.337 1.287
118.067 5.810 1.256
-74.009 40.467 1.116
-90.313 -0.755 1.306
-118.500 34.008 1.313
-122.339 47.603 1.200
104.115 1.932 1.159
-151.720 59.441 1.316
-149.427 60.120 1.316
-76.330 36.947 1.112
115.350 22.750 1.227
0.743 51.442 1.196
119.550 35.383 1.263
138.517 35.017 1.151
130.933 33.933 1.219
135.383 33.683 1.137
18.433 -34.183 1.172
14.358 55.557 1.752
-135.342 57.052 1.161
19.012 63.191 0.896
-135.327 59.450 1.547
12.829 55.417 1.505
11.218 58.354 4.273
-76.452 38.317 1.141
-124.043 44.625 1.140
17.531 62.363 0.857
147.933 -42.550 1.228
-78.918 33.655 1.194
-82.627 27.760 1.078
-52.717 47.567 1.265
-57.821 -51.692 1.197
11.832 58.093 1.743
-123.181 49.125 1.297
-2.117 49.183 1.315
18.082 59.325 0.115
-6.389 58.207 1.599
134.900 34.350 1.129
178.427 -18.132 1.242
39.600 -69.000 1.206
134.050 34.350 1.116
-81.282 -4.582 1.213
103.853 1.262 1.149
135.183 34.333 1.129
174.033 -39.050 1.145
172.930 1.363 1.322
-5.600 36.000 1.089
176.183 -37.650 1.194
117.883 4.233 1.320
-16.240 28.480 1.271
133.640 -32.150 1.275
104.140 2.807 1.177
136.850 34.467 1.112
-6.064 56.623 1.433
-125.913 49.154 1.183
139.767 35.650 1.155
-109.048 25.600 1.258
132.967 32.783 1.129
5.913 43.117 1.098
146.833 -19.250 1.162
137.217 36.767 1.164
7.567 58.000 1.432
13.750 45.650 1.137
151.850 7.450 1.197
-78.730 1.817 1.159
22.101 60.428 0.495
138.883 35.017 1.177
-5.158 57.895 1.495
-166.537 53.880 1.362
133.950 34.483 1.119
135.900 33.567 1.130
132.550 33.233 1.200
21.571 63.081 0.861
-146.362 61.125 1.470
-0.330 39.460 1.101
-71.633 -33.033 1.224
-123.110 49.287 1.223
12.217 57.100 2.100
31.100 70.333 2.094
12.426 45.419 1.204
-123.370 48.422 1.178
12.579 56.142 1.386
-8.770 42.601 1.276
18.284 57.639 4.082
135.150 34.217 1.130
166.617 19.283 1.118
141.683 45.400 1.237
14.500 -22.950 1.273
-77.022 38.873 1.082
174.783 -41.283 1.176
-2.448 50.608 1.202
-0.614 54.490 1.173
-3.086 58.441 1.541
-123.965 46.708 1.162
-73.782 40.793 1.184
-77.953 34.227 1.114
18.419 54.797 1.561
-62.700 45.683 1.435
-70.672 41.523 1.199
-3.568 54.651 1.285
128.102 -15.453 1.281
118.067 24.450 1.170
-139.733 59.548 1.565
138.128 9.508 1.128
-66.117 43.833 1.461
139.633 35.467 1.178
13.817 55.417 1.669
39.190 -6.155 1.254
111.833 21.583 1.188
