144.283 44.017 1.034
-2.075 57.143 1.100
131.417 31.583 1.048
-89.833 13.583 1.072
-99.912 16.840 1.040
-176.632 51.863 1.061
-122.298 37.772 1.053
-126.931 50.587 1.038
29.917 31.217 1.046
-5.433 36.117 1.016
-149.890 61.238 1.079
13.506 43.625 1.105
-76.482 38.983 1.040
-70.400 -23.650 1.056
-84.982 29.727 0.310
-171.750 -13.817 1.136
-53.983 47.300 1.061
-13.530 28.972 1.060
-123.767 46.208 1.035
-74.418 39.355 1.048
-2.715 51.511 1.043
141.500 38.300 1.036
-79.573 8.962 1.032
-76.578 39.267 1.037
-90.285 -0.437 1.065
-125.136 48.836 1.050
2.163 41.342 1.038
-68.205 44.392 1.148
16.912 41.137 1.054
12.903 55.756 1.123
-59.633 -62.483 0.296
-1.515 43.527 1.038
109.083 21.483 1.059
-128.143 52.163 1.048
-64.700 32.400 1.083
-3.050 43.357 1.068
168.350 -46.600 1.088
-6.340 36.800 1.029
141.917 -10.600 1.052
-71.052 42.355 1.111
1.578 50.727 1.080
-4.500 48.383 1.044
-73.182 41.173 1.052
153.167 -27.367 1.087
122.217 -18.000 1.090
-77.100 3.900 1.059
-58.500 -34.667 1.071
152.380 -24.767 1.095
145.915 -41.050 1.071
-109.908 22.880 1.068
-6.283 36.533 1.027
9.114 39.210 1.042
1.868 50.969 1.062
-77.150 -12.050 1.080
-76.068 38.573 1.049
-125.247 50.042 1.046
-47.925 -25.017 1.032
147.058 -19.277 1.066
18.433 -33.900 1.052
-74.960 38.968 1.044
113.652 -24.898 1.066
-75.533 10.383 1.055
-9.417 38.692 1.035
15.094 37.498 1.025
-83.032 29.135 1.091
103.187 5.265 1.061
-5.317 35.900 1.024
91.050 22.217 1.114
-124.322 43.345 1.047
-79.925 32.782 1.040
-64.920 18.335 1.026
-63.117 46.233 1.125
-1.635 49.651 1.051
-76.113 36.967 1.056
142.200 27.100 1.064
140.867 35.750 1.054
-157.472 1.982 1.061
-94.200 58.783 -1.450
96.883 -12.117 1.094
-1.890 47.277 1.054
-145.753 60.558 1.071
-97.217 27.580 0.968
91.833 21.450 1.093
-124.183 41.745 1.041
-79.915 9.355 1.038
1.302 52.934 1.074
8.717 53.867 1.057
130.850 -12.467 1.085
20.385 60.032 1.231
6.933 53.326 1.104
4.746 52.965 1.066
-4.185 50.368 1.060
1.085 49.929 1.140
-2.088 47.306 1.054
108.617 19.100 1.088
1.318 51.117 1.054
-75.740 36.183 1.061
2.367 51.048 1.056
31.050 -29.867 1.040
27.917 -33.017 1.061
-109.448 -27.150 1.052
-66.985 44.903 1.146
162.387 11.430 1.128
-116.633 31.850 1.097
8.433 55.467 1.064
-79.647 0.992 1.049
121.900 -33.867 1.058
-64.267 -65.250 0.814
1.348 51.957 1.100
-81.467 30.672 1.053
-4.983 52.014 1.057
18.211 60.409 1.162
151.233 -33.850 1.069
-80.902 32.033 1.056
-95.308 28.948 1.027
115.717 -32.050 1.059
-166.288 23.868 1.064
-123.010 48.547 1.072
139.933 40.650 1.048
128.850 32.700 1.099
-123.451 48.769 1.057
179.195 -8.525 1.101
-16.907 32.640 1.105
21.231 64.916 1.451
-94.793 29.310 0.993
73.152 -0.687 1.101
11.933 54.567 1.062
102.107 6.227 1.044
-5.350 36.117 1.045
-5.698 43.558 1.060
-3.018 53.450 1.045
11.791 57.685 1.098
-89.957 29.263 0.795
136.417 -13.860 1.089
144.650 13.433 1.064
-110.900 27.933 1.060
141.533 40.533 1.097
110.283 20.017 1.084
140.717 41.783 1.054
-63.583 44.667 1.071
132.067 34.900 1.044
27.179 60.563 1.147
145.567 43.283 1.083
22.977 59.823 1.179
1.284 51.947 1.086
9.101 63.425 1.064
24.956 60.154 1.156
-2.920 54.032 1.030
115.738 -31.825 1.065
-155.067 19.733 1.058
-3.134 51.215 1.072
89.467 21.783 1.068
147.330 -42.887 1.065
4.120 51.977 1.064
-4.631 53.308 1.064
114.217 22.300 1.057
159.957 -9.425 1.140
25.973 70.980 1.087
-157.867 21.307 1.090
12.467 56.100 1.091
131.683 32.417 1.060
-6.834 37.132 1.038
-124.217 40.767 1.067
-4.111 51.211 1.066
-43.165 -22.897 1.038
-0.186 53.631 1.045
124.167 24.333 1.051
-169.530 16.738 1.043
103.792 1.462 1.048
-78.833 -33.622 1.170
-134.412 58.298 1.060
130.567 31.583 1.046
-156.467 20.900 1.082
23.096 65.697 1.635
121.282 28.088 1.106
-171.718 -2.810 1.056
120.288 22.615 1.058
154.777 1.098 1.068
21.215 62.344 1.196
139.750 35.517 1.090
121.745 25.157 1.062
101.358 3.050 1.071
102.153 2.215 1.081
24.515 65.673 1.550
70.220 -49.345 1.131
-131.625 55.333 1.062
-81.808 24.553 1.031
-5.050 58.457 1.117
-75.988 37.165 1.092
12.894 55.522 1.124
23.033 -34.050 1.052
99.817 11.795 1.057
98.425 7.832 1.113
135.183 34.683 1.040
133.567 33.500 1.041
-152.512 57.732 1.065
134.583 34.017 1.039
116.067 5.983 1.058
103.430 3.975 1.062
130.200 32.600 1.072
103.443 1.325 1.057
15.589 56.105 1.144
11.127 58.997 1.109
135.767 33.483 1.039
144.367 42.983 1.033
167.733 8.733 1.116
-8.400 43.367 1.055
-117.257 32.867 1.097
-80.917 -2.200 1.075
-110.345 24.162 1.078
-1.221 46.158 1.043
-87.817 13.333 1.104
17.865 58.742 1.179
99.765 6.432 1.099
177.433 -17.600 1.056
-4.781 48.359 1.070
0.106 49.482 1.044
-1.765 47.205 1.056
123.750 13.150 1.093
-3.182 55.990 1.096
-1.140 60.155 1.096
-1.794 46.497 1.053
-75.120 38.782 1.041
119.417 34.750 1.079
-64.753 17.697 1.020
10.299 43.546 1.041
-3.825 53.332 1.051
-80.717 -6.933 1.059
159.067 -31.517 1.066
-118.272 33.720 1.083
-64.883 47.083 1.227
1.751 52.473 1.063
15.150 -26.650 1.099
100.613 4.240 1.073
121.617 32.133 1.122
172.717 -43.600 1.091
5.113 61.934 1.086
-67.047 17.972 1.027
137.617 34.683 1.011
135.383 35.467 1.093
171.373 7.107 1.087
130.300 31.267 1.042
-4.417 36.717 1.029
134.463 7.330 1.120
73.527 4.190 1.093
-7.333 55.367 1.082
120.967 14.583 1.068
21.463 61.594 1.157
174.500 -35.833 1.055
16.837 58.554 1.217
173.200 52.833 1.139
-72.117 -17.000 1.102
132.717 33.867 1.060
-81.432 30.395 1.055
-106.422 23.198 1.054
139.817 34.917 1.054
15.563 38.196 1.045
-177.367 28.217 1.039
-5.014 51.702 1.059
-4.906 55.750 1.081
50.600 26.233 1.058
130.450 32.617 1.064
139.482 34.067 1.052
141.983 39.650 1.128
-157.800 21.433 1.092
7.421 43.729 1.040
-71.960 41.048 1.059
-121.888 36.605 1.063
22.133 -34.183 1.053
134.167 33.267 1.040
129.867 32.733 1.077
136.883 35.083 1.035
127.667 26.200 1.063
-61.683 56.550 1.805
129.842 29.842 1.062
-1.634 47.194 1.059
-70.097 41.285 1.076
176.917 -39.483 1.128
-81.808 26.132 1.073
14.269 40.841 1.043
166.905 -0.528 1.050
-159.350 21.967 1.045
129.495 28.382 1.061
-124.617 48.368 1.052
-72.087 41.355 1.044
-74.015 40.700 1.042
0.057 50.782 1.037
-5.542 50.102 1.054
-71.327 41.505 1.071
-2.987 51.550 1.081
-122.910 49.200 1.044
130.992 30.735 1.072
-1.440 55.007 1.043
-60.250 46.217 1.134
166.437 -22.292 1.098
-175.167 -21.133 1.082
-140.082 -8.930 1.080
11.950 78.933 1.532
141.717 39.067 1.043
141.750 39.017 1.040
139.383 34.783 1.073
17.097 57.366 1.189
138.217 34.617 1.041
140.900 36.933 1.038
135.433 34.650 1.037
16.478 57.275 1.186
10.734 59.909 1.091
18.497 40.147 1.048
25.418 65.040 1.651
130.217 32.983 1.052
136.217 34.067 1.040
-170.683 -14.283 1.148
-81.167 -5.083 1.062
15.275 40.032 1.040
-149.567 -17.525 1.035
-123.451 48.654 1.053
100.347 5.422 1.057
-158.053 -8.977 1.036
-87.213 30.403 1.009
-75.142 39.933 1.077
22.690 63.709 1.347
158.243 6.987 1.079
-123.253 49.337 1.047
-25.672 37.735 1.119
-123.440 48.125 1.063
-59.133 47.567 1.180
-1.062 45.569 1.074
-80.593 28.415 1.059
25.630 -33.960 1.051
118.575 -20.318 1.064
150.912 -34.473 1.090
57.495 -20.155 1.089
16.867 -29.250 1.057
138.467 -35.108 1.065
-3.446 47.644 1.032
3.107 42.520 1.047
168.300 -17.767 1.135
-6.190 55.627 1.115
-4.768 54.085 1.096
-127.489 50.722 1.030
-97.215 26.060 0.963
-70.247 43.657 1.156
141.600 -38.333 1.056
-5.120 54.843 1.059
-6.657 55.207 1.101
-120.760 35.177 1.060
-1.112 50.803 1.056
-130.324 54.317 1.046
-71.401 41.807 1.064
-148.527 70.400 1.096
55.528 -4.672 1.065
-82.860 8.273 1.058
-87.950 15.833 1.060
-15.417 28.133 1.047
-72.967 -41.483 1.067
-67.617 -54.933 1.166
-132.072 53.252 1.059
24.407 64.666 1.575
-159.775 -21.207 1.041
20.895 63.986 1.288
21.426 61.133 1.163
-75.573 39.558 1.068
55.285 -20.935 1.134
-21.940 64.151 1.188
-134.953 -23.125 1.130
12.113 57.250 1.093
-97.047 28.022 0.988
63.418 -19.668 1.045
11.230 64.859 1.073
-3.966 48.718 1.038
150.790 -23.162 1.079
-17.750 28.683 1.072
-93.870 29.730 0.836
133.333 36.200 1.105
-2.246 47.140 1.039
-1.682 43.395 1.045
-2.028 48.641 1.079
-2.202 47.267 1.040
-66.063 45.251 1.152
145.742 15.227 1.025
133.250 35.550 1.026
17.950 -33.017 1.074
-95.203 16.160 1.047
-117.173 32.713 1.090
-80.108 -26.292 1.093
-122.465 37.807 1.044
-90.833 13.917 1.076
-66.117 18.460 1.032
-75.200 -15.367 1.071
-160.502 55.337 1.071
118.067 5.810 1.076
-74.009 40.467 1.044
-90.313 -0.755 1.092
-118.500 34.008 1.063
-122.339 47.603 1.046
104.115 1.932 1.044
-151.720 59.441 1.062
-149.427 60.120 1.062
-76.330 36.947 1.042
115.350 22.750 1.067
0.743 51.442 1.065
119.550 35.383 1.091
138.517 35.017 1.045
130.933 33.933 1.067
135.383 33.683 1.043
18.433 -34.183 1.056
14.358 55.557 1.179
-135.342 57.052 1.034
19.012 63.191 1.171
-135.327 59.450 1.073
12.829 55.417 1.140
11.218 58.354 1.108
-76.452 38.317 1.053
-124.043 44.625 1.037
17.531 62.363 1.241
147.933 -42.550 1.072
-78.918 33.655 1.063
-82.627 27.760 1.025
-52.717 47.567 1.091
-57.821 -51.692 1.137
11.832 58.093 1.103
-123.181 49.125 1.068
-2.117 49.183 1.092
18.082 59.325 1.167
-6.389 58.207 1.132
134.900 34.350 1.036
178.427 -18.132 1.077
39.600 -69.000 1.099
134.050 34.350 1.035
-81.282 -4.582 1.067
103.853 1.262 1.043
135.183 34.333 1.038
174.033 -39.050 1.045
172.930 1.363 1.099
-5.600 36.000 1.023
176.183 -37.650 1.066
117.883 4.233 1.091
-16.240 28.480 1.087
133.640 -32.150 1.078
104.140 2.807 1.050
136.850 34.467 1.033
-6.064 56.623 1.092
-125.913 49.154 1.035
139.767 35.650 1.048
-109.048 25.600 1.066
132.967 32.783 1.041
5.913 43.117 1.029
146.833 -19.250 1.050
137.217 36.767 1.047
7.567 58.000 1.093
13.750 45.650 1.034
151.850 7.450 1.063
-78.730 1.817 1.042
22.101 60.428 1.149
138.883 35.017 1.052
-5.158 57.895 1.101
-166.537 53.880 1.089
133.950 34.483 1.035
135.900 33.567 1.039
132.550 33.233 1.067
21.571 63.081 1.310
-146.362 61.125 1.071
-0.330 39.460 1.031
-71.633 -33.033 1.082
-123.110 49.287 1.050
12.217 57.100 1.147
31.100 70.333 1.146
12.426 45.419 1.052
-123.370 48.422 1.038
12.579 56.142 1.092
-8.770 42.601 1.082
18.284 57.639 1.253
135.150 34.217 1.039
166.617 19.283 1.032
141.683 45.400 1.069
14.500 -22.950 1.088
-77.022 38.873 1.031
174.783 -41.283 1.058
-2.448 50.608 1.061
-0.614 54.490 1.052
-3.086 58.441 1.126
-123.965 46.708 1.042
-73.782 40.793 1.062
-77.953 34.227 1.038
18.419 54.797 1.111
-62.700 45.683 1.130
-70.672 41.523 1.066
-3.568 54.651 1.069
128.102 -15.453 1.074
118.067 24.450 1.055
-139.733 59.548 1.078
138.128 9.508 1.038
-66.117 43.833 1.133
139.633 35.467 1.054
13.817 55.417 1.158
39.190 -6.155 1.075
111.833 21.583 1.058
