144.283 44.017 1.027
-2.075 57.143 1.081
131.417 31.583 1.039
-89.833 13.583 1.059
-99.912 16.840 1.031
-176.632 51.863 1.049
-122.298 37.772 1.043
-126.931 50.587 1.029
29.917 31.217 1.037
-5.433 36.117 1.014
-149.890 61.238 1.063
13.506 43.625 1.086
-76.482 38.983 1.033
-70.400 -23.650 1.048
-84.982 29.727 0.443
-171.750 -13.817 1.107
-53.983 47.300 1.049
-13.530 28.972 1.048
-123.767 46.208 1.029
-74.418 39.355 1.042
-2.715 51.511 1.038
141.500 38.300 1.028
-79.573 8.962 1.027
-76.578 39.267 1.029
-90.285 -0.437 1.053
-125.136 48.836 1.038
2.163 41.342 1.029
-68.205 44.392 1.117
16.912 41.137 1.043
12.903 55.756 1.096
-59.633 -62.483 0.621
-1.515 43.527 1.030
109.083 21.483 1.046
-128.143 52.163 1.038
-64.700 32.400 1.067
-3.050 43.357 1.054
168.350 -46.600 1.072
-6.340 36.800 1.024
141.917 -10.600 1.043
-71.052 42.355 1.092
1.578 50.727 1.064
-4.500 48.383 1.038
-73.182 41.173 1.046
153.167 -27.367 1.071
122.217 -18.000 1.071
-77.100 3.900 1.047
-58.500 -34.667 1.056
152.380 -24.767 1.076
145.915 -41.050 1.060
-109.908 22.880 1.054
-6.283 36.533 1.022
9.114 39.210 1.034
1.868 50.969 1.049
-77.150 -12.050 1.063
-76.068 38.573 1.038
-125.247 50.042 1.034
-47.925 -25.017 1.027
147.058 -19.277 1.055
18.433 -33.900 1.042
-74.960 38.968 1.037
113.652 -24.898 1.053
-75.533 10.383 1.046
-9.417 38.692 1.030
15.094 37.498 1.020
-83.032 29.135 1.076
103.187 5.265 1.049
-5.317 35.900 1.019
91.050 22.217 1.094
-124.322 43.345 1.037
-79.925 32.782 1.032
-64.920 18.335 1.022
-63.117 46.233 1.096
-1.635 49.651 1.040
-76.113 36.967 1.046
142.200 27.100 1.053
140.867 35.750 1.045
-157.472 1.982 1.049
-94.200 58.783 18.306
96.883 -12.117 1.078
-1.890 47.277 1.044
-145.753 60.558 1.055
-97.217 27.580 0.978
91.833 21.450 1.075
-124.183 41.745 1.035
-79.915 9.355 1.033
1.302 52.934 1.057
8.717 53.867 1.045
130.850 -12.467 1.067
20.385 60.032 1.157
6.933 53.326 1.084
4.746 52.965 1.053
-4.185 50.368 1.049
1.085 49.929 1.113
-2.088 47.306 1.042
108.617 19.100 1.073
1.318 51.117 1.046
-75.740 36.183 1.050
2.367 51.048 1.046
31.050 -29.867 1.034
27.917 -33.017 1.048
-109.448 -27.150 1.046
-66.985 44.903 1.111
162.387 11.430 1.100
-116.633 31.850 1.080
8.433 55.467 1.057
-79.647 0.992 1.040
121.900 -33.867 1.048
-64.267 -65.250 0.857
1.348 51.957 1.082
-81.467 30.672 1.041
-4.983 52.014 1.046
18.211 60.409 1.098
151.233 -33.850 1.056
-80.902 32.033 1.044
-95.308 28.948 1.025
115.717 -32.050 1.048
-166.288 23.868 1.053
-123.010 48.547 1.058
139.933 40.650 1.037
128.850 32.700 1.080
-123.451 48.769 1.045
179.195 -8.525 1.079
-16.907 32.640 1.085
21.231 64.916 1.193
-94.793 29.310 0.996
73.152 -0.687 1.083
11.933 54.567 1.048
102.107 6.227 1.036
-5.350 36.117 1.036
-5.698 43.558 1.047
-3.018 53.450 1.035
11.791 57.685 1.076
-89.957 29.263 0.820
136.417 -13.860 1.077
144.650 13.433 1.050
-110.900 27.933 1.047
141.533 40.533 1.078
110.283 20.017 1.069
140.717 41.783 1.044
-63.583 44.667 1.057
132.067 34.900 1.035
27.179 60.563 1.103
145.567 43.283 1.070
22.977 59.823 1.130
1.284 51.947 1.071
9.101 63.425 1.048
24.956 60.154 1.115
-2.920 54.032 1.023
115.738 -31.825 1.052
-155.067 19.733 1.048
-3.134 51.215 1.059
89.467 21.783 1.053
147.330 -42.887 1.054
4.120 51.977 1.052
-4.631 53.308 1.050
114.217 22.300 1.045
159.957 -9.425 1.115
25.973 70.980 1.067
-157.867 21.307 1.070
12.467 56.100 1.071
131.683 32.417 1.048
-6.834 37.132 1.030
-124.217 40.767 1.052
-4.111 51.211 1.053
-43.165 -22.897 1.031
-0.186 53.631 1.037
124.167 24.333 1.040
-169.530 16.738 1.035
103.792 1.462 1.038
-78.833 -33.622 1.142
-134.412 58.298 1.047
130.567 31.583 1.037
-156.467 20.900 1.065
23.096 65.697 1.269
121.282 28.088 1.087
-171.718 -2.810 1.046
120.288 22.615 1.048
154.777 1.098 1.056
21.215 62.344 1.114
139.750 35.517 1.071
121.745 25.157 1.048
101.358 3.050 1.060
102.153 2.215 1.065
24.515 65.673 1.230
70.220 -49.345 1.109
-131.625 55.333 1.047
-81.808 24.553 1.024
-5.050 58.457 1.095
-75.988 37.165 1.073
12.894 55.522 1.102
23.033 -34.050 1.044
99.817 11.795 1.048
98.425 7.832 1.091
135.183 34.683 1.032
133.567 33.500 1.034
-152.512 57.732 1.050
134.583 34.017 1.033
116.067 5.983 1.047
103.430 3.975 1.050
130.200 32.600 1.056
103.443 1.325 1.048
15.589 56.105 1.113
11.127 58.997 1.081
135.767 33.483 1.032
144.367 42.983 1.027
167.733 8.733 1.095
-8.400 43.367 1.049
-117.257 32.867 1.079
-80.917 -2.200 1.059
-110.345 24.162 1.063
-1.221 46.158 1.035
-87.817 13.333 1.083
17.865 58.742 1.133
99.765 6.432 1.080
177.433 -17.600 1.046
-4.781 48.359 1.059
0.106 49.482 1.034
-1.765 47.205 1.047
123.750 13.150 1.076
-3.182 55.990 1.076
-1.140 60.155 1.076
-1.794 46.497 1.040
-75.120 38.782 1.032
119.417 34.750 1.066
-64.753 17.697 1.015
10.299 43.546 1.033
-3.825 53.332 1.039
-80.717 -6.933 1.048
159.067 -31.517 1.053
-118.272 33.720 1.064
-64.883 47.083 1.191
1.751 52.473 1.048
15.150 -26.650 1.079
100.613 4.240 1.060
121.617 32.133 1.099
172.717 -43.600 1.071
5.113 61.934 1.069
-67.047 17.972 1.021
137.617 34.683 1.007
135.383 35.467 1.074
171.373 7.107 1.073
130.300 31.267 1.037
-4.417 36.717 1.022
134.463 7.330 1.095
73.527 4.190 1.076
-7.333 55.367 1.063
120.967 14.583 1.056
21.463 61.594 1.101
174.500 -35.833 1.046
16.837 58.554 1.173
173.200 52.833 1.115
-72.117 -17.000 1.087
132.717 33.867 1.048
-81.432 30.395 1.045
-106.422 23.198 1.044
139.817 34.917 1.042
15.563 38.196 1.036
-177.367 28.217 1.032
-5.014 51.702 1.051
-4.906 55.750 1.061
50.600 26.233 1.046
130.450 32.617 1.052
139.482 34.067 1.041
141.983 39.650 1.102
-157.800 21.433 1.073
7.421 43.729 1.034
-71.960 41.048 1.045
-121.888 36.605 1.051
22.133 -34.183 1.045
134.167 33.267 1.032
129.867 32.733 1.065
136.883 35.083 1.029
127.667 26.200 1.053
-61.683 56.550 1.612
129.842 29.842 1.052
-1.634 47.194 1.047
-70.097 41.285 1.057
176.917 -39.483 1.106
-81.808 26.132 1.058
14.269 40.841 1.036
166.905 -0.528 1.040
-159.350 21.967 1.035
129.495 28.382 1.050
-124.617 48.368 1.040
-72.087 41.355 1.034
-74.015 40.700 1.033
0.057 50.782 1.030
-5.542 50.102 1.043
-71.327 41.505 1.063
-2.987 51.550 1.065
-122.910 49.200 1.036
130.992 30.735 1.057
-1.440 55.007 1.037
-60.250 46.217 1.115
166.437 -22.292 1.080
-175.167 -21.133 1.071
-140.082 -8.930 1.063
11.950 78.933 1.343
141.717 39.067 1.034
141.750 39.017 1.032
139.383 34.783 1.060
17.097 57.366 1.142
138.217 34.617 1.033
140.900 36.933 1.030
135.433 34.650 1.030
16.478 57.275 1.140
10.734 59.909 1.073
18.497 40.147 1.040
25.418 65.040 1.275
130.217 32.983 1.041
136.217 34.067 1.032
-170.683 -14.283 1.125
-81.167 -5.083 1.051
15.275 40.032 1.034
-149.567 -17.525 1.028
-123.451 48.654 1.044
100.347 5.422 1.045
-158.053 -8.977 1.030
-87.213 30.403 1.009
-75.142 39.933 1.063
22.690 63.709 1.173
158.243 6.987 1.063
-123.253 49.337 1.037
-25.672 37.735 1.095
-123.440 48.125 1.050
-59.133 47.567 1.149
-1.062 45.569 1.060
-80.593 28.415 1.045
25.630 -33.960 1.042
118.575 -20.318 1.052
150.912 -34.473 1.073
57.495 -20.155 1.074
16.867 -29.250 1.048
138.467 -35.108 1.051
-3.446 47.644 1.025
3.107 42.520 1.038
168.300 -17.767 1.106
-6.190 55.627 1.093
-4.768 54.085 1.077
-127.489 50.722 1.024
-97.215 26.060 0.971
-70.247 43.657 1.116
141.600 -38.333 1.044
-5.120 54.843 1.048
-6.657 55.207 1.085
-120.760 35.177 1.046
-1.112 50.803 1.046
-130.324 54.317 1.033
-71.401 41.807 1.054
-148.527 70.400 1.079
55.528 -4.672 1.052
-82.860 8.273 1.046
-87.950 15.833 1.049
-15.417 28.133 1.036
-72.967 -41.483 1.055
-67.617 -54.933 1.194
-132.072 53.252 1.049
24.407 64.666 1.266
-159.775 -21.207 1.032
20.895 63.986 1.143
21.426 61.133 1.098
-75.573 39.558 1.053
55.285 -20.935 1.108
-21.940 64.151 1.134
-134.953 -23.125 1.113
12.113 57.250 1.072
-97.047 28.022 0.987
63.418 -19.668 1.035
11.230 64.859 1.058
-3.966 48.718 1.029
150.790 -23.162 1.066
-17.750 28.683 1.062
-93.870 29.730 0.873
133.333 36.200 1.087
-2.246 47.140 1.032
-1.682 43.395 1.038
-2.028 48.641 1.064
-2.202 47.267 1.032
-66.063 45.251 1.116
145.742 15.227 1.019
133.250 35.550 1.022
17.950 -33.017 1.059
-95.203 16.160 1.038
-117.173 32.713 1.070
-80.108 -26.292 1.074
-122.465 37.807 1.034
-90.833 13.917 1.060
-66.117 18.460 1.025
-75.200 -15.367 1.060
-160.502 55.337 1.059
118.067 5.810 1.062
-74.009 40.467 1.035
-90.313 -0.755 1.078
-118.500 34.008 1.049
-122.339 47.603 1.036
104.115 1.932 1.036
-151.720 59.441 1.049
-149.427 60.120 1.052
-76.330 36.947 1.034
115.350 22.750 1.054
0.743 51.442 1.053
119.550 35.383 1.076
138.517 35.017 1.036
130.933 33.933 1.053
135.383 33.683 1.034
18.433 -34.183 1.044
14.358 55.557 1.143
-135.342 57.052 1.028
19.012 63.191 1.093
-135.327 59.450 1.058
12.829 55.417 1.112
11.218 58.354 1.081
-76.452 38.317 1.042
-124.043 44.625 1.028
17.531 62.363 1.131
147.933 -42.550 1.062
-78.918 33.655 1.051
-82.627 27.760 1.022
-52.717 47.567 1.075
-57.821 -51.692 1.121
11.832 58.093 1.078
-123.181 49.125 1.053
-2.117 49.183 1.073
18.082 59.325 1.118
-6.389 58.207 1.104
134.900 34.350 1.030
178.427 -18.132 1.060
39.600 -69.000 1.088
134.050 34.350 1.028
-81.282 -4.582 1.052
103.853 1.262 1.033
135.183 34.333 1.033
174.033 -39.050 1.035
172.930 1.363 1.080
-5.600 36.000 1.017
176.183 -37.650 1.049
117.883 4.233 1.077
-16.240 28.480 1.071
133.640 -32.150 1.063
104.140 2.807 1.040
136.850 34.467 1.027
-6.064 56.623 1.073
-125.913 49.154 1.027
139.767 35.650 1.037
-109.048 25.600 1.053
132.967 32.783 1.033
5.913 43.117 1.023
146.833 -19.250 1.041
137.217 36.767 1.038
7.567 58.000 1.077
13.750 45.650 1.027
151.850 7.450 1.048
-78.730 1.817 1.035
22.101 60.428 1.104
138.883 35.017 1.041
-5.158 57.895 1.082
-166.537 53.880 1.074
133.950 34.483 1.028
135.900 33.567 1.031
132.550 33.233 1.054
21.571 63.081 1.150
-146.362 61.125 1.062
-0.330 39.460 1.025
-71.633 -33.033 1.069
-123.110 49.287 1.041
12.217 57.100 1.111
31.100 70.333 1.115
12.426 45.419 1.042
-123.370 48.422 1.031
12.579 56.142 1.072
-8.770 42.601 1.067
18.284 57.639 1.205
135.150 34.217 1.033
166.617 19.283 1.026
141.683 45.400 1.057
14.500 -22.950 1.072
-77.022 38.873 1.026
174.783 -41.283 1.049
-2.448 50.608 1.048
-0.614 54.490 1.042
-3.086 58.441 1.099
-123.965 46.708 1.033
-73.782 40.793 1.053
-77.953 34.227 1.031
18.419 54.797 1.089
-62.700 45.683 1.114
-70.672 41.523 1.051
-3.568 54.651 1.055
128.102 -15.453 1.059
118.067 24.450 1.044
-139.733 59.548 1.064
138.128 9.508 1.031
-66.117 43.833 1.107
139.633 35.467 1.046
13.817 55.417 1.126
39.190 -6.155 1.063
111.833 21.583 1.047
