144.283 44.017 1.028
-2.075 57.143 1.062
131.417 31.583 1.031
-89.833 13.583 1.047
-99.912 16.840 1.027
-176.632 51.863 1.045
-122.298 37.772 1.032
-126.931 50.587 1.023
29.917 31.217 1.036
-5.433 36.117 1.012
-149.890 61.238 1.053
13.506 43.625 1.070
-76.482 38.983 1.026
-70.400 -23.650 1.041
-84.982 29.727 0.550
-171.750 -13.817 1.089
-53.983 47.300 1.033
-13.530 28.972 1.042
-123.767 46.208 1.022
-74.418 39.355 1.031
-2.715 51.511 1.028
141.500 38.300 1.031
-79.573 8.962 1.030
-76.578 39.267 1.024
-90.285 -0.437 1.046
-125.136 48.836 1.033
2.163 41.342 1.032
-68.205 44.392 1.088
16.912 41.137 1.044
12.903 55.756 1.082
-59.633 -62.483 0.677
-1.515 43.527 1.027
109.083 21.483 1.039
-128.143 52.163 1.030
-64.700 32.400 1.074
-3.050 43.357 1.045
168.350 -46.600 1.078
-6.340 36.800 1.021
141.917 -10.600 1.036
-71.052 42.355 1.068
1.578 50.727 1.053
-4.500 48.383 1.026
-73.182 41.173 1.039
153.167 -27.367 1.056
122.217 -18.000 1.058
-77.100 3.900 1.038
-58.500 -34.667 1.047
152.380 -24.767 1.060
145.915 -41.050 1.049
-109.908 22.880 1.052
-6.283 36.533 1.022
9.114 39.210 1.029
1.868 50.969 1.041
-77.150 -12.050 1.050
-76.068 38.573 1.031
-125.247 50.042 1.027
-47.925 -25.017 1.022
147.058 -19.277 1.046
18.433 -33.900 1.035
-74.960 38.968 1.029
113.652 -24.898 1.042
-75.533 10.383 1.047
-9.417 38.692 1.027
15.094 37.498 1.018
-83.032 29.135 1.065
103.187 5.265 1.043
-5.317 35.900 1.018
91.050 22.217 1.080
-124.322 43.345 1.031
-79.925 32.782 1.031
-64.920 18.335 1.020
-63.117 46.233 1.080
-1.635 49.651 1.029
-76.113 36.967 1.039
142.200 27.100 1.045
140.867 35.750 1.038
-157.472 1.982 1.041
-94.200 58.783 2.659
96.883 -12.117 1.071
-1.890 47.277 1.034
-145.753 60.558 1.044
-97.217 27.580 0.981
91.833 21.450 1.064
-124.183 41.745 1.027
-79.915 9.355 1.036
1.302 52.934 1.048
8.717 53.867 1.040
130.850 -12.467 1.059
20.385 60.032 1.127
6.933 53.326 1.069
4.746 52.965 1.042
-4.185 50.368 1.041
1.085 49.929 1.096
-2.088 47.306 1.033
108.617 19.100 1.062
1.318 51.117 1.039
-75.740 36.183 1.040
2.367 51.048 1.038
31.050 -29.867 1.033
27.917 -33.017 1.040
-109.448 -27.150 1.038
-66.985 44.903 1.084
162.387 11.430 1.089
-116.633 31.850 1.065
8.433 55.467 1.043
-79.647 0.992 1.035
121.900 -33.867 1.039
-64.267 -65.250 0.890
1.348 51.957 1.069
-81.467 30.672 1.035
-4.983 52.014 1.037
18.211 60.409 1.080
151.233 -33.850 1.043
-80.902 32.033 1.037
-95.308 28.948 1.019
115.717 -32.050 1.037
-166.288 23.868 1.048
-123.010 48.547 1.046
139.933 40.650 1.038
128.850 32.700 1.068
-123.451 48.769 1.036
179.195 -8.525 1.068
-16.907 32.640 1.073
21.231 64.916 1.123
-94.793 29.310 0.997
73.152 -0.687 1.079
11.933 54.567 1.038
102.107 6.227 1.033
-5.350 36.117 1.031
-5.698 43.558 1.040
-3.018 53.450 1.030
11.791 57.685 1.057
-89.957 29.263 0.863
136.417 -13.860 1.063
144.650 13.433 1.053
-110.900 27.933 1.044
141.533 40.533 1.068
110.283 20.017 1.056
140.717 41.783 1.038
-63.583 44.667 1.041
132.067 34.900 1.030
27.179 60.563 1.091
145.567 43.283 1.067
22.977 59.823 1.109
1.284 51.947 1.059
9.101 63.425 1.040
24.956 60.154 1.095
-2.920 54.032 1.020
115.738 -31.825 1.039
-155.067 19.733 1.039
-3.134 51.215 1.044
89.467 21.783 1.049
147.330 -42.887 1.050
4.120 51.977 1.046
-4.631 53.308 1.038
114.217 22.300 1.038
159.957 -9.425 1.105
25.973 70.980 1.057
-157.867 21.307 1.067
12.467 56.100 1.062
131.683 32.417 1.040
-6.834 37.132 1.028
-124.217 40.767 1.043
-4.111 51.211 1.039
-43.165 -22.897 1.028
-0.186 53.631 1.030
124.167 24.333 1.034
-169.530 16.738 1.029
103.792 1.462 1.039
-78.833 -33.622 1.119
-134.412 58.298 1.036
130.567 31.583 1.030
-156.467 20.900 1.056
23.096 65.697 1.164
121.282 28.088 1.069
-171.718 -2.810 1.040
120.288 22.615 1.040
154.777 1.098 1.046
21.215 62.344 1.081
139.750 35.517 1.063
121.745 25.157 1.042
101.358 3.050 1.053
102.153 2.215 1.057
24.515 65.673 1.130
70.220 -49.345 1.101
-131.625 55.333 1.041
-81.808 24.553 1.025
-5.050 58.457 1.076
-75.988 37.165 1.063
12.894 55.522 1.085
23.033 -34.050 1.036
99.817 11.795 1.047
98.425 7.832 1.082
135.183 34.683 1.030
133.567 33.500 1.029
-152.512 57.732 1.041
134.583 34.017 1.029
116.067 5.983 1.039
103.430 3.975 1.044
130.200 32.600 1.049
103.443 1.325 1.054
15.589 56.105 1.103
11.127 58.997 1.058
135.767 33.483 1.029
144.367 42.983 1.026
167.733 8.733 1.079
-8.400 43.367 1.041
-117.257 32.867 1.062
-80.917 -2.200 1.050
-110.345 24.162 1.055
-1.221 46.158 1.028
-87.817 13.333 1.064
17.865 58.742 1.110
99.765 6.432 1.071
177.433 -17.600 1.048
-4.781 48.359 1.041
0.106 49.482 1.026
-1.765 47.205 1.037
123.750 13.150 1.062
-3.182 55.990 1.057
-1.140 60.155 1.052
-1.794 46.497 1.032
-75.120 38.782 1.026
119.417 34.750 1.054
-64.753 17.697 1.015
10.299 43.546 1.031
-3.825 53.332 1.035
-80.717 -6.933 1.039
159.067 -31.517 1.047
-118.272 33.720 1.058
-64.883 47.083 1.152
1.751 52.473 1.044
15.150 -26.650 1.064
100.613 4.240 1.054
121.617 32.133 1.084
172.717 -43.600 1.060
5.113 61.934 1.051
-67.047 17.972 1.021
137.617 34.683 1.006
135.383 35.467 1.057
171.373 7.107 1.059
130.300 31.267 1.029
-4.417 36.717 1.023
134.463 7.330 1.086
73.527 4.190 1.069
-7.333 55.367 1.052
120.967 14.583 1.052
21.463 61.594 1.074
174.500 -35.833 1.044
16.837 58.554 1.143
173.200 52.833 1.103
-72.117 -17.000 1.067
132.717 33.867 1.040
-81.432 30.395 1.038
-106.422 23.198 1.042
139.817 34.917 1.038
15.563 38.196 1.039
-177.367 28.217 1.031
-5.014 51.702 1.037
-4.906 55.750 1.050
50.600 26.233 1.042
130.450 32.617 1.045
139.482 34.067 1.035
141.983 39.650 1.092
-157.800 21.433 1.065
7.421 43.729 1.031
-71.960 41.048 1.035
-121.888 36.605 1.040
22.133 -34.183 1.038
134.167 33.267 1.028
129.867 32.733 1.054
136.883 35.083 1.026
127.667 26.200 1.044
-61.683 56.550 1.461
129.842 29.842 1.044
-1.634 47.194 1.037
-70.097 41.285 1.046
176.917 -39.483 1.092
-81.808 26.132 1.047
14.269 40.841 1.037
166.905 -0.528 1.037
-159.350 21.967 1.035
129.495 28.382 1.043
-124.617 48.368 1.033
-72.087 41.355 1.029
-74.015 40.700 1.027
0.057 50.782 1.025
-5.542 50.102 1.032
-71.327 41.505 1.045
-2.987 51.550 1.047
-122.910 49.200 1.029
130.992 30.735 1.046
-1.440 55.007 1.030
-60.250 46.217 1.086
166.437 -22.292 1.064
-175.167 -21.133 1.064
-140.082 -8.930 1.052
11.950 78.933 1.260
141.717 39.067 1.035
141.750 39.017 1.033
139.383 34.783 1.051
17.097 57.366 1.125
138.217 34.617 1.031
140.900 36.933 1.026
135.433 34.650 1.026
16.478 57.275 1.126
10.734 59.909 1.054
18.497 40.147 1.037
25.418 65.040 1.164
130.217 32.983 1.036
136.217 34.067 1.030
-170.683 -14.283 1.106
-81.167 -5.083 1.043
15.275 40.032 1.034
-149.567 -17.525 1.025
-123.451 48.654 1.037
100.347 5.422 1.044
-158.053 -8.977 1.024
-87.213 30.403 1.007
-75.142 39.933 1.054
22.690 63.709 1.139
158.243 6.987 1.056
-123.253 49.337 1.032
-25.672 37.735 1.073
-123.440 48.125 1.041
-59.133 47.567 1.107
-1.062 45.569 1.047
-80.593 28.415 1.039
25.630 -33.960 1.035
118.575 -20.318 1.046
150.912 -34.473 1.057
57.495 -20.155 1.069
16.867 -29.250 1.040
138.467 -35.108 1.044
-3.446 47.644 1.021
3.107 42.520 1.035
168.300 -17.767 1.110
-6.190 55.627 1.072
-4.768 54.085 1.059
-127.489 50.722 1.020
-97.215 26.060 0.974
-70.247 43.657 1.089
141.600 -38.333 1.038
-5.120 54.843 1.037
-6.657 55.207 1.064
-120.760 35.177 1.039
-1.112 50.803 1.037
-130.324 54.317 1.026
-71.401 41.807 1.043
-148.527 70.400 1.067
55.528 -4.672 1.047
-82.860 8.273 1.039
-87.950 15.833 1.054
-15.417 28.133 1.035
-72.967 -41.483 1.056
-67.617 -54.933 1.206
-132.072 53.252 1.038
24.407 64.666 1.179
-159.775 -21.207 1.028
20.895 63.986 1.105
21.426 61.133 1.086
-75.573 39.558 1.043
55.285 -20.935 1.104
-21.940 64.151 1.111
-134.953 -23.125 1.092
12.113 57.250 1.052
-97.047 28.022 0.992
63.418 -19.668 1.032
11.230 64.859 1.043
-3.966 48.718 1.022
150.790 -23.162 1.057
-17.750 28.683 1.054
-93.870 29.730 0.897
133.333 36.200 1.070
-2.246 47.140 1.024
-1.682 43.395 1.032
-2.028 48.641 1.046
-2.202 47.267 1.024
-66.063 45.251 1.090
145.742 15.227 1.018
133.250 35.550 1.019
17.950 -33.017 1.051
-95.203 16.160 1.032
-117.173 32.713 1.056
-80.108 -26.292 1.065
-122.465 37.807 1.025
-90.833 13.917 1.054
-66.117 18.460 1.025
-75.200 -15.367 1.049
-160.502 55.337 1.047
118.067 5.810 1.050
-74.009 40.467 1.031
-90.313 -0.755 1.067
-118.500 34.008 1.044
-122.339 47.603 1.030
104.115 1.932 1.035
-151.720 59.441 1.036
-149.427 60.120 1.038
-76.330 36.947 1.028
115.350 22.750 1.050
0.743 51.442 1.046
119.550 35.383 1.067
138.517 35.017 1.034
130.933 33.933 1.047
135.383 33.683 1.033
18.433 -34.183 1.038
14.358 55.557 1.128
-135.342 57.052 1.021
19.012 63.191 1.062
-135.327 59.450 1.043
12.829 55.417 1.094
11.218 58.354 1.057
-76.452 38.317 1.034
-124.043 44.625 1.024
17.531 62.363 1.089
147.933 -42.550 1.054
-78.918 33.655 1.043
-82.627 27.760 1.018
-52.717 47.567 1.048
-57.821 -51.692 1.107
11.832 58.093 1.057
-123.181 49.125 1.044
-2.117 49.183 1.052
18.082 59.325 1.098
-6.389 58.207 1.079
134.900 34.350 1.027
178.427 -18.132 1.060
39.600 -69.000 1.096
134.050 34.350 1.024
-81.282 -4.582 1.044
103.853 1.262 1.035
135.183 34.333 1.030
174.033 -39.050 1.037
172.930 1.363 1.072
-5.600 36.000 1.016
176.183 -37.650 1.055
117.883 4.233 1.081
-16.240 28.480 1.064
133.640 -32.150 1.052
104.140 2.807 1.042
136.850 34.467 1.026
-6.064 56.623 1.058
-125.913 49.154 1.022
139.767 35.650 1.036
-109.048 25.600 1.051
132.967 32.783 1.028
5.913 43.117 1.021
146.833 -19.250 1.037
137.217 36.767 1.038
7.567 58.000 1.059
13.750 45.650 1.026
151.850 7.450 1.044
-78.730 1.817 1.030
22.101 60.428 1.090
138.883 35.017 1.039
-5.158 57.895 1.063
-166.537 53.880 1.059
133.950 34.483 1.023
135.900 33.567 1.027
132.550 33.233 1.045
21.571 63.081 1.108
-146.362 61.125 1.045
-0.330 39.460 1.023
-71.633 -33.033 1.057
-123.110 49.287 1.032
12.217 57.100 1.079
31.100 70.333 1.097
12.426 45.419 1.039
-123.370 48.422 1.027
12.579 56.142 1.062
-8.770 42.601 1.054
18.284 57.639 1.171
135.150 34.217 1.030
166.617 19.283 1.022
141.683 45.400 1.048
14.500 -22.950 1.061
-77.022 38.873 1.020
174.783 -41.283 1.053
-2.448 50.608 1.037
-0.614 54.490 1.032
-3.086 58.441 1.074
-123.965 46.708 1.027
-73.782 40.793 1.046
-77.953 34.227 1.029
18.419 54.797 1.077
-62.700 45.683 1.086
-70.672 41.523 1.040
-3.568 54.651 1.042
128.102 -15.453 1.050
118.067 24.450 1.037
-139.733 59.548 1.049
138.128 9.508 1.028
-66.117 43.833 1.076
139.633 35.467 1.039
13.817 55.417 1.111
39.190 -6.155 1.057
111.833 21.583 1.040
