144.283 44.017 1.066
-2.075 57.143 1.196
131.417 31.583 1.085
-89.833 13.583 1.143
-99.912 16.840 1.074
-176.632 51.863 1.119
-122.298 37.772 1.103
-126.931 50.587 1.086
29.917 31.217 1.086
-5.433 36.117 1.035
-149.890 61.238 1.181
13.506 43.625 1.217
-76.482 38.983 1.068
-70.400 -23.650 1.106
-84.982 29.727 -0.271
-171.750 -13.817 1.246
-53.983 47.300 1.115
-13.530 28.972 1.112
-123.767 46.208 1.067
-74.418 39.355 1.089
-2.715 51.511 1.086
141.500 38.300 1.069
-79.573 8.962 1.061
-76.578 39.267 1.062
-90.285 -0.437 1.124
-125.136 48.836 1.102
2.163 41.342 1.074
-68.205 44.392 1.312
16.912 41.137 1.102
12.903 55.756 1.226
-59.633 -62.483 1.975
-1.515 43.527 1.074
109.083 21.483 1.101
-128.143 52.163 1.135
-64.700 32.400 1.160
-3.050 43.357 1.133
168.350 -46.600 1.156
-6.340 36.800 1.059
141.917 -10.600 1.101
-71.052 42.355 1.213
1.578 50.727 1.141
-4.500 48.383 1.083
-73.182 41.173 1.091
153.167 -27.367 1.158
122.217 -18.000 1.168
-77.100 3.900 1.117
-58.500 -34.667 1.115
152.380 -24.767 1.169
145.915 -41.050 1.132
-109.908 22.880 1.130
-6.283 36.533 1.051
9.114 39.210 1.077
1.868 50.969 1.118
-77.150 -12.050 1.149
-76.068 38.573 1.083
-125.247 50.042 1.096
-47.925 -25.017 1.059
147.058 -19.277 1.128
18.433 -33.900 1.091
-74.960 38.968 1.077
113.652 -24.898 1.119
-75.533 10.383 1.101
-9.417 38.692 1.070
15.094 37.498 1.044
-83.032 29.135 1.178
103.187 5.265 1.113
-5.317 35.900 1.048
91.050 22.217 1.228
-124.322 43.345 1.095
-79.925 32.782 1.071
-64.920 18.335 1.046
-63.117 46.233 1.246
-1.635 49.651 1.099
-76.113 36.967 1.095
142.200 27.100 1.114
140.867 35.750 1.105
-157.472 1.982 1.110
-94.200 58.783 0.247
96.883 -12.117 1.176
-1.890 47.277 1.103
-145.753 60.558 1.160
-97.217 27.580 0.946
91.833 21.450 1.188
-124.183 41.745 1.084
-79.915 9.355 1.074
1.302 52.934 1.124
8.717 53.867 1.109
130.850 -12.467 1.168
20.385 60.032 15.900
6.933 53.326 1.182
4.746 52.965 1.118
-4.185 50.368 1.110
1.085 49.929 1.262
-2.088 47.306 1.103
108.617 19.100 1.163
1.318 51.117 1.097
-75.740 36.183 1.105
2.367 51.048 1.099
31.050 -29.867 1.078
27.917 -33.017 1.107
-109.448 -27.150 1.090
-66.985 44.903 1.284
162.387 11.430 1.241
-116.633 31.850 1.191
8.433 55.467 1.118
-79.647 0.992 1.096
121.900 -33.867 1.114
-64.267 -65.250 0.248
1.348 51.957 1.185
-81.467 30.672 1.091
-4.983 52.014 1.112
18.211 60.409 -3.085
151.233 -33.850 1.121
-80.902 32.033 1.100
-95.308 28.948 1.051
115.717 -32.050 1.111
-166.288 23.868 1.120
-123.010 48.547 1.145
139.933 40.650 1.092
128.850 32.700 1.182
-123.451 48.769 1.117
179.195 -8.525 1.186
-16.907 32.640 1.196
21.231 64.916 0.701
-94.793 29.310 0.987
73.152 -0.687 1.193
11.933 54.567 1.115
102.107 6.227 1.087
-5.350 36.117 1.088
-5.698 43.558 1.116
-3.018 53.450 1.087
11.791 57.685 1.232
-89.957 29.263 0.635
136.417 -13.860 1.169
144.650 13.433 1.118
-110.900 27.933 1.120
141.533 40.533 1.184
110.283 20.017 1.153
140.717 41.783 1.104
-63.583 44.667 1.128
132.067 34.900 1.084
27.179 60.563 1.417
145.567 43.283 1.166
22.977 59.823 1.597
1.284 51.947 1.157
9.101 63.425 1.185
24.956 60.154 1.456
-2.920 54.032 1.060
115.738 -31.825 1.131
-155.067 19.733 1.115
-3.134 51.215 1.135
89.467 21.783 1.127
147.330 -42.887 1.124
4.120 51.977 1.124
-4.631 53.308 1.125
114.217 22.300 1.099
159.957 -9.425 1.253
25.973 70.980 1.191
-157.867 21.307 1.171
12.467 56.100 1.179
131.683 32.417 1.108
-6.834 37.132 1.070
-124.217 40.767 1.130
-4.111 51.211 1.124
-43.165 -22.897 1.069
-0.186 53.631 1.079
124.167 24.333 1.089
-169.530 16.738 1.080
103.792 1.462 1.095
-78.833 -33.622 1.275
-134.412 58.298 1.142
130.567 31.583 1.081
-156.467 20.900 1.153
23.096 65.697 0.654
121.282 28.088 1.204
-171.718 -2.810 1.107
120.288 22.615 1.106
154.777 1.098 1.124
21.215 62.344 0.724
139.750 35.517 1.165
121.745 25.157 1.109
101.358 3.050 1.141
102.153 2.215 1.151
24.515 65.673 0.698
70.220 -49.345 1.232
-131.625 55.333 1.141
-81.808 24.553 1.057
-5.050 58.457 1.254
-75.988 37.165 1.152
12.894 55.522 1.253
23.033 -34.050 1.096
99.817 11.795 1.110
98.425 7.832 1.214
135.183 34.683 1.080
133.567 33.500 1.081
-152.512 57.732 1.130
134.583 34.017 1.077
116.067 5.983 1.109
103.430 3.975 1.121
130.200 32.600 1.126
103.443 1.325 1.110
15.589 56.105 1.294
11.127 58.997 1.298
135.767 33.483 1.074
144.367 42.983 1.063
167.733 8.733 1.227
-8.400 43.367 1.113
-117.257 32.867 1.195
-80.917 -2.200 1.145
-110.345 24.162 1.152
-1.221 46.158 1.083
-87.817 13.333 1.200
17.865 58.742 1.621
99.765 6.432 1.182
177.433 -17.600 1.105
-4.781 48.359 1.134
0.106 49.482 1.087
-1.765 47.205 1.107
123.750 13.150 1.171
-3.182 55.990 1.195
-1.140 60.155 1.181
-1.794 46.497 1.099
-75.120 38.782 1.071
119.417 34.750 1.144
-64.753 17.697 1.033
10.299 43.546 1.079
-3.825 53.332 1.105
-80.717 -6.933 1.107
159.067 -31.517 1.113
-118.272 33.720 1.177
-64.883 47.083 1.418
1.751 52.473 1.113
15.150 -26.650 1.173
100.613 4.240 1.150
121.617 32.133 1.232
172.717 -43.600 1.156
5.113 61.934 1.184
-67.047 17.972 1.048
137.617 34.683 1.022
135.383 35.467 1.162
171.373 7.107 1.162
130.300 31.267 1.081
-4.417 36.717 1.054
134.463 7.330 1.218
73.527 4.190 1.166
-7.333 55.367 1.167
120.967 14.583 1.133
21.463 61.594 0.453
174.500 -35.833 1.096
16.837 58.554 1.762
173.200 52.833 1.287
-72.117 -17.000 1.192
132.717 33.867 1.113
-81.432 30.395 1.101
-106.422 23.198 1.101
139.817 34.917 1.103
15.563 38.196 1.082
-177.367 28.217 1.073
-5.014 51.702 1.121
-4.906 55.750 1.168
50.600 26.233 1.107
130.450 32.617 1.119
139.482 34.067 1.093
141.983 39.650 1.245
-157.800 21.433 1.171
7.421 43.729 1.078
-71.960 41.048 1.100
-121.888 36.605 1.124
22.133 -34.183 1.098
134.167 33.267 1.077
129.867 32.733 1.142
136.883 35.083 1.068
127.667 26.200 1.112
-61.683 56.550 4.936
129.842 29.842 1.115
-1.634 47.194 1.113
-70.097 41.285 1.134
176.917 -39.483 1.226
-81.808 26.132 1.133
14.269 40.841 1.080
166.905 -0.528 1.093
-159.350 21.967 1.083
129.495 28.382 1.113
-124.617 48.368 1.102
-72.087 41.355 1.071
-74.015 40.700 1.069
0.057 50.782 1.073
-5.542 50.102 1.108
-71.327 41.505 1.135
-2.987 51.550 1.150
-122.910 49.200 1.098
130.992 30.735 1.126
-1.440 55.007 1.085
-60.250 46.217 1.250
166.437 -22.292 1.175
-175.167 -21.133 1.151
-140.082 -8.930 1.141
11.950 78.933 -5.252
141.717 39.067 1.079
141.750 39.017 1.073
139.383 34.783 1.136
17.097 57.366 1.486
138.217 34.617 1.077
140.900 36.933 1.071
135.433 34.650 1.067
16.478 57.275 1.487
10.734 59.909 1.264
18.497 40.147 1.095
25.418 65.040 0.623
130.217 32.983 1.094
136.217 34.067 1.075
-170.683 -14.283 1.275
-81.167 -5.083 1.119
15.275 40.032 1.077
-149.567 -17.525 1.064
-123.451 48.654 1.116
100.347 5.422 1.106
-158.053 -8.977 1.063
-87.213 30.403 1.014
-75.142 39.933 1.132
22.690 63.709 0.638
158.243 6.987 1.148
-123.253 49.337 1.105
-25.672 37.735 1.219
-123.440 48.125 1.129
-59.133 47.567 1.339
-1.062 45.569 1.142
-80.593 28.415 1.107
25.630 -33.960 1.095
118.575 -20.318 1.123
150.912 -34.473 1.164
57.495 -20.155 1.171
16.867 -29.250 1.108
138.467 -35.108 1.123
-3.446 47.644 1.059
3.107 42.520 1.089
168.300 -17.767 1.234
-6.190 55.627 1.240
-4.768 54.085 1.195
-127.489 50.722 1.073
-97.215 26.060 0.932
-70.247 43.657 1.298
141.600 -38.333 1.102
-5.120 54.843 1.122
-6.657 55.207 1.218
-120.760 35.177 1.122
-1.112 50.803 1.107
-130.324 54.317 1.125
-71.401 41.807 1.124
-148.527 70.400 1.192
55.528 -4.672 1.120
-82.860 8.273 1.113
-87.950 15.833 1.115
-15.417 28.133 1.081
-72.967 -41.483 1.106
-67.617 -54.933 1.142
-132.072 53.252 1.140
24.407 64.666 0.618
-159.775 -21.207 1.069
20.895 63.986 0.736
21.426 61.133 0.423
-75.573 39.558 1.113
55.285 -20.935 1.255
-21.940 64.151 1.557
-134.953 -23.125 1.245
12.113 57.250 1.226
-97.047 28.022 0.979
63.418 -19.668 1.085
11.230 64.859 1.225
-3.966 48.718 1.071
150.790 -23.162 1.148
-17.750 28.683 1.136
-93.870 29.730 0.694
133.333 36.200 1.192
-2.246 47.140 1.071
-1.682 43.395 1.091
-2.028 48.641 1.156
-2.202 47.267 1.080
-66.063 45.251 1.300
145.742 15.227 1.044
133.250 35.550 1.052
17.950 -33.017 1.130
-95.203 16.160 1.093
-117.173 32.713 1.182
-80.108 -26.292 1.156
-122.465 37.807 1.087
-90.833 13.917 1.144
-66.117 18.460 1.055
-75.200 -15.367 1.133
-160.502 55.337 1.142
118.067 5.810 1.140
-74.009 40.467 1.076
-90.313 -0.755 1.178
-118.500 34.008 1.137
-122.339 47.603 1.093
104.115 1.932 1.081
-151.720 59.441 1.139
-149.427 60.120 1.139
-76.330 36.947 1.072
115.350 22.750 1.122
0.743 51.442 1.118
119.550 35.383 1.156
138.517 35.017 1.085
130.933 33.933 1.122
135.383 33.683 1.078
18.433 -34.183 1.100
14.358 55.557 1.363
-135.342 57.052 1.070
19.012 63.191 0.794
-135.327 59.450 1.172
12.829 55.417 1.271
11.218 58.354 1.294
-76.452 38.317 1.083
-124.043 44.625 1.071
17.531 62.363 0.674
147.933 -42.550 1.133
-78.918 33.655 1.113
-82.627 27.760 1.049
-52.717 47.567 1.164
-57.821 -51.692 1.173
11.832 58.093 1.241
-123.181 49.125 1.135
-2.117 49.183 1.170
18.082 59.325 1.818
-6.389 58.207 1.270
134.900 34.350 1.072
178.427 -18.132 1.142
39.600 -69.000 1.156
134.050 34.350 1.063
-81.282 -4.582 1.124
103.853 1.262 1.082
135.183 34.333 1.073
174.033 -39.050 1.085
172.930 1.363 1.180
-5.600 36.000 1.045
176.183 -37.650 1.114
117.883 4.233 1.174
-16.240 28.480 1.160
133.640 -32.150 1.144
104.140 2.807 1.097
136.850 34.467 1.063
-6.064 56.623 1.192
-125.913 49.154 1.075
139.767 35.650 1.090
-109.048 25.600 1.133
132.967 32.783 1.072
5.913 43.117 1.053
146.833 -19.250 1.092
137.217 36.767 1.089
7.567 58.000 1.199
13.750 45.650 1.066
151.850 7.450 1.114
-78.730 1.817 1.083
22.101 60.428 2.044
138.883 35.017 1.096
-5.158 57.895 1.216
-166.537 53.880 1.178
133.950 34.483 1.064
135.900 33.567 1.075
132.550 33.233 1.119
21.571 63.081 0.722
-146.362 61.125 1.168
-0.330 39.460 1.057
-71.633 -33.033 1.141
-123.110 49.287 1.108
12.217 57.100 1.357
31.100 70.333 1.344
12.426 45.419 1.103
-123.370 48.422 1.082
12.579 56.142 1.185
-8.770 42.601 1.156
18.284 57.639 1.662
135.150 34.217 1.074
166.617 19.283 1.064
141.683 45.400 1.131
14.500 -22.950 1.162
-77.022 38.873 1.051
174.783 -41.283 1.104
-2.448 50.608 1.115
-0.614 54.490 1.095
-3.086 58.441 1.258
-123.965 46.708 1.084
-73.782 40.793 1.111
-77.953 34.227 1.068
18.419 54.797 1.253
-62.700 45.683 1.258
-70.672 41.523 1.122
-3.568 54.651 1.143
128.102 -15.453 1.145
118.067 24.450 1.096
-139.733 59.548 1.192
138.128 9.508 1.067
-66.117 43.833 1.251
139.633 35.467 1.104
13.817 55.417 1.322
39.190 -6.155 1.138
111.833 21.583 1.105
