144.283 44.017 1.072
-2.075 57.143 1.195
131.417 31.583 1.089
-89.833 13.583 1.141
-99.912 16.840 1.080
-176.632 51.863 1.136
-122.298 37.772 1.099
-126.931 50.587 1.088
29.917 31.217 1.084
-5.433 36.117 1.033
-149.890 61.238 1.180
13.506 43.625 1.185
-76.482 38.983 1.060
-70.400 -23.650 1.109
-84.982 29.727 -0.128
-171.750 -13.817 1.241
-53.983 47.300 1.096
-13.530 28.972 1.121
-123.767 46.208 1.072
-74.418 39.355 1.078
-2.715 51.511 1.076
141.500 38.300 1.075
-79.573 8.962 1.073
-76.578 39.267 1.056
-90.285 -0.437 1.117
-125.136 48.836 1.108
2.163 41.342 1.093
-68.205 44.392 1.256
16.912 41.137 1.138
12.903 55.756 1.208
-59.633 -62.483 1.930
-1.515 43.527 1.089
109.083 21.483 1.100
-128.143 52.163 1.131
-64.700 32.400 1.207
-3.050 43.357 1.145
168.350 -46.600 1.170
-6.340 36.800 1.062
141.917 -10.600 1.097
-71.052 42.355 1.171
1.578 50.727 1.142
-4.500 48.383 1.077
-73.182 41.173 1.090
153.167 -27.367 1.149
122.217 -18.000 1.150
-77.100 3.900 1.115
-58.500 -34.667 1.100
152.380 -24.767 1.155
145.915 -41.050 1.133
-109.908 22.880 1.144
-6.283 36.533 1.069
9.114 39.210 1.082
1.868 50.969 1.106
-77.150 -12.050 1.148
-76.068 38.573 1.077
-125.247 50.042 1.096
-47.925 -25.017 1.054
147.058 -19.277 1.114
18.433 -33.900 1.099
-74.960 38.968 1.068
113.652 -24.898 1.112
-75.533 10.383 1.120
-9.417 38.692 1.077
15.094 37.498 1.043
-83.032 29.135 1.158
103.187 5.265 1.113
-5.317 35.900 1.057
91.050 22.217 1.199
-124.322 43.345 1.096
-79.925 32.782 1.069
-64.920 18.335 1.055
-63.117 46.233 1.215
-1.635 49.651 1.110
-76.113 36.967 1.086
142.200 27.100 1.115
140.867 35.750 1.102
-157.472 1.982 1.118
-94.200 58.783 0.094
96.883 -12.117 1.199
-1.890 47.277 1.100
-145.753 60.558 1.160
-97.217 27.580 0.950
91.833 21.450 1.158
-124.183 41.745 1.080
-79.915 9.355 1.093
1.302 52.934 1.125
8.717 53.867 1.092
130.850 -12.467 1.156
20.385 60.032 2.071
6.933 53.326 1.166
4.746 52.965 1.108
-4.185 50.368 1.101
1.085 49.929 1.260
-2.088 47.306 1.094
108.617 19.100 1.158
1.318 51.117 1.107
-75.740 36.183 1.095
2.367 51.048 1.094
31.050 -29.867 1.087
27.917 -33.017 1.111
-109.448 -27.150 1.085
-66.985 44.903 1.237
162.387 11.430 1.250
-116.633 31.850 1.186
8.433 55.467 1.106
-79.647 0.992 1.096
121.900 -33.867 1.104
-64.267 -65.250 -0.402
1.348 51.957 1.178
-81.467 30.672 1.085
-4.983 52.014 1.098
18.211 60.409 1.792
151.233 -33.850 1.104
-80.902 32.033 1.091
-95.308 28.948 1.049
115.717 -32.050 1.099
-166.288 23.868 1.133
-123.010 48.547 1.141
139.933 40.650 1.104
128.850 32.700 1.202
-123.451 48.769 1.123
179.195 -8.525 1.183
-16.907 32.640 1.203
21.231 64.916 0.510
-94.793 29.310 0.993
73.152 -0.687 1.217
11.933 54.567 1.098
102.107 6.227 1.091
-5.350 36.117 1.100
-5.698 43.558 1.129
-3.018 53.450 1.081
11.791 57.685 1.184
-89.957 29.263 0.669
136.417 -13.860 1.147
144.650 13.433 1.146
-110.900 27.933 1.133
141.533 40.533 1.194
110.283 20.017 1.130
140.717 41.783 1.100
-63.583 44.667 1.111
132.067 34.900 1.079
27.179 60.563 1.295
145.567 43.283 1.185
22.977 59.823 1.407
1.284 51.947 1.163
9.101 63.425 1.150
24.956 60.154 1.330
-2.920 54.032 1.054
115.738 -31.825 1.104
-155.067 19.733 1.119
-3.134 51.215 1.132
89.467 21.783 1.118
147.330 -42.887 1.128
4.120 51.977 1.112
-4.631 53.308 1.114
114.217 22.300 1.093
159.957 -9.425 1.288
25.973 70.980 1.186
-157.867 21.307 1.184
12.467 56.100 1.156
131.683 32.417 1.109
-6.834 37.132 1.085
-124.217 40.767 1.122
-4.111 51.211 1.111
-43.165 -22.897 1.068
-0.186 53.631 1.072
124.167 24.333 1.086
-169.530 16.738 1.083
103.792 1.462 1.111
-78.833 -33.622 1.280
-134.412 58.298 1.130
130.567 31.583 1.088
-156.467 20.900 1.156
23.096 65.697 0.371
121.282 28.088 1.187
-171.718 -2.810 1.107
120.288 22.615 1.107
154.777 1.098 1.127
21.215 62.344 0.232
139.750 35.517 1.179
121.745 25.157 1.104
101.358 3.050 1.148
102.153 2.215 1.156
24.515 65.673 0.439
70.220 -49.345 1.261
-131.625 55.333 1.145
-81.808 24.553 1.067
-5.050 58.457 1.211
-75.988 37.165 1.141
12.894 55.522 1.231
23.033 -34.050 1.091
99.817 11.795 1.130
98.425 7.832 1.202
135.183 34.683 1.076
133.567 33.500 1.075
-152.512 57.732 1.125
134.583 34.017 1.083
116.067 5.983 1.105
103.430 3.975 1.120
130.200 32.600 1.142
103.443 1.325 1.160
15.589 56.105 1.281
11.127 58.997 1.217
135.767 33.483 1.088
144.367 42.983 1.066
167.733 8.733 1.205
-8.400 43.367 1.113
-117.257 32.867 1.186
-80.917 -2.200 1.150
-110.345 24.162 1.155
-1.221 46.158 1.073
-87.817 13.333 1.198
17.865 58.742 1.420
99.765 6.432 1.176
177.433 -17.600 1.111
-4.781 48.359 1.122
0.106 49.482 1.083
-1.765 47.205 1.095
123.750 13.150 1.172
-3.182 55.990 1.158
-1.140 60.155 1.156
-1.794 46.497 1.090
-75.120 38.782 1.063
119.417 34.750 1.157
-64.753 17.697 1.036
10.299 43.546 1.104
-3.825 53.332 1.094
-80.717 -6.933 1.107
159.067 -31.517 1.128
-118.272 33.720 1.162
-64.883 47.083 1.367
1.751 52.473 1.101
15.150 -26.650 1.182
100.613 4.240 1.144
121.617 32.133 1.207
172.717 -43.600 1.148
5.113 61.934 1.164
-67.047 17.972 1.057
137.617 34.683 1.020
135.383 35.467 1.166
171.373 7.107 1.166
130.300 31.267 1.078
-4.417 36.717 1.075
134.463 7.330 1.227
73.527 4.190 1.188
-7.333 55.367 1.143
120.967 14.583 1.148
21.463 61.594 5.054
174.500 -35.833 1.103
16.837 58.554 1.521
173.200 52.833 1.316
-72.117 -17.000 1.187
132.717 33.867 1.119
-81.432 30.395 1.094
-106.422 23.198 1.116
139.817 34.917 1.108
15.563 38.196 1.113
-177.367 28.217 1.079
-5.014 51.702 1.108
-4.906 55.750 1.148
50.600 26.233 1.109
130.450 32.617 1.132
139.482 34.067 1.090
141.983 39.650 1.246
-157.800 21.433 1.196
7.421 43.729 1.103
-71.960 41.048 1.090
-121.888 36.605 1.119
22.133 -34.183 1.103
134.167 33.267 1.073
129.867 32.733 1.165
136.883 35.083 1.070
127.667 26.200 1.121
-61.683 56.550 3.444
129.842 29.842 1.117
-1.634 47.194 1.101
-70.097 41.285 1.108
176.917 -39.483 1.225
-81.808 26.132 1.120
14.269 40.841 1.118
166.905 -0.528 1.094
-159.350 21.967 1.096
129.495 28.382 1.121
-124.617 48.368 1.111
-72.087 41.355 1.068
-74.015 40.700 1.069
0.057 50.782 1.077
-5.542 50.102 1.093
-71.327 41.505 1.114
-2.987 51.550 1.134
-122.910 49.200 1.092
130.992 30.735 1.135
-1.440 55.007 1.081
-60.250 46.217 1.200
166.437 -22.292 1.178
-175.167 -21.133 1.157
-140.082 -8.930 1.140
11.950 78.933 -5.424
141.717 39.067 1.089
141.750 39.017 1.087
139.383 34.783 1.162
17.097 57.366 1.436
138.217 34.617 1.089
140.900 36.933 1.076
135.433 34.650 1.067
16.478 57.275 1.434
10.734 59.909 1.192
18.497 40.147 1.099
25.418 65.040 0.339
130.217 32.983 1.099
136.217 34.067 1.081
-170.683 -14.283 1.283
-81.167 -5.083 1.116
15.275 40.032 1.099
-149.567 -17.525 1.066
-123.451 48.654 1.113
100.347 5.422 1.111
-158.053 -8.977 1.063
-87.213 30.403 1.013
-75.142 39.933 1.123
22.690 63.709 0.076
158.243 6.987 1.155
-123.253 49.337 1.113
-25.672 37.735 1.212
-123.440 48.125 1.126
-59.133 47.567 1.280
-1.062 45.569 1.132
-80.593 28.415 1.089
25.630 -33.960 1.101
118.575 -20.318 1.116
150.912 -34.473 1.141
57.495 -20.155 1.193
16.867 -29.250 1.113
138.467 -35.108 1.116
-3.446 47.644 1.071
3.107 42.520 1.113
168.300 -17.767 1.261
-6.190 55.627 1.217
-4.768 54.085 1.170
-127.489 50.722 1.075
-97.215 26.060 0.941
-70.247 43.657 1.246
141.600 -38.333 1.103
-5.120 54.843 1.109
-6.657 55.207 1.193
-120.760 35.177 1.118
-1.112 50.803 1.105
-130.324 54.317 1.123
-71.401 41.807 1.104
-148.527 70.400 1.167
55.528 -4.672 1.144
-82.860 8.273 1.114
-87.950 15.833 1.146
-15.417 28.133 1.093
-72.967 -41.483 1.111
-67.617 -54.933 1.125
-132.072 53.252 1.142
24.407 64.666 0.282
-159.775 -21.207 1.071
20.895 63.986 0.401
21.426 61.133 5.317
-75.573 39.558 1.107
55.285 -20.935 1.289
-21.940 64.151 1.597
-134.953 -23.125 1.230
12.113 57.250 1.181
-97.047 28.022 0.980
63.418 -19.668 1.090
11.230 64.859 1.169
-3.966 48.718 1.064
150.790 -23.162 1.138
-17.750 28.683 1.157
-93.870 29.730 0.706
133.333 36.200 1.209
-2.246 47.140 1.067
-1.682 43.395 1.111
-2.028 48.641 1.149
-2.202 47.267 1.070
-66.063 45.251 1.245
145.742 15.227 1.051
133.250 35.550 1.050
17.950 -33.017 1.142
-95.203 16.160 1.095
-117.173 32.713 1.167
-80.108 -26.292 1.157
-122.465 37.807 1.084
-90.833 13.917 1.149
-66.117 18.460 1.068
-75.200 -15.367 1.132
-160.502 55.337 1.137
118.067 5.810 1.132
-74.009 40.467 1.076
-90.313 -0.755 1.173
-118.500 34.008 1.129
-122.339 47.603 1.094
104.115 1.932 1.097
-151.720 59.441 1.126
-149.427 60.120 1.124
-76.330 36.947 1.065
115.350 22.750 1.128
0.743 51.442 1.120
119.550 35.383 1.171
138.517 35.017 1.097
130.933 33.933 1.132
135.383 33.683 1.103
18.433 -34.183 1.112
14.358 55.557 1.337
-135.342 57.052 1.070
19.012 63.191 0.478
-135.327 59.450 1.161
12.829 55.417 1.249
11.218 58.354 1.219
-76.452 38.317 1.082
-124.043 44.625 1.073
17.531 62.363 0.201
147.933 -42.550 1.153
-78.918 33.655 1.100
-82.627 27.760 1.042
-52.717 47.567 1.116
-57.821 -51.692 1.150
11.832 58.093 1.186
-123.181 49.125 1.144
-2.117 49.183 1.171
18.082 59.325 1.529
-6.389 58.207 1.226
134.900 34.350 1.086
178.427 -18.132 1.157
39.600 -69.000 1.276
134.050 34.350 1.072
-81.282 -4.582 1.125
103.853 1.262 1.101
135.183 34.333 1.082
174.033 -39.050 1.090
172.930 1.363 1.185
-5.600 36.000 1.051
176.183 -37.650 1.142
117.883 4.233 1.209
-16.240 28.480 1.179
133.640 -32.150 1.136
104.140 2.807 1.120
136.850 34.467 1.068
-6.064 56.623 1.170
-125.913 49.154 1.081
139.767 35.650 1.091
-109.048 25.600 1.145
132.967 32.783 1.074
5.913 43.117 1.062
146.833 -19.250 1.084
137.217 36.767 1.107
7.567 58.000 1.172
13.750 45.650 1.075
151.850 7.450 1.116
-78.730 1.817 1.097
22.101 60.428 1.508
138.883 35.017 1.120
-5.158 57.895 1.180
-166.537 53.880 1.180
133.950 34.483 1.061
135.900 33.567 1.075
132.550 33.233 1.125
21.571 63.081 0.360
-146.362 61.125 1.168
-0.330 39.460 1.065
-71.633 -33.033 1.134
-123.110 49.287 1.115
12.217 57.100 1.278
31.100 70.333 1.321
12.426 45.419 1.102
-123.370 48.422 1.082
12.579 56.142 1.161
-8.770 42.601 1.144
18.284 57.639 1.543
135.150 34.217 1.087
166.617 19.283 1.065
141.683 45.400 1.136
14.500 -22.950 1.162
-77.022 38.873 1.048
174.783 -41.283 1.128
-2.448 50.608 1.104
-0.614 54.490 1.085
-3.086 58.441 1.222
-123.965 46.708 1.086
-73.782 40.793 1.102
-77.953 34.227 1.066
18.419 54.797 1.226
-62.700 45.683 1.205
-70.672 41.523 1.098
-3.568 54.651 1.118
128.102 -15.453 1.137
118.067 24.450 1.098
-139.733 59.548 1.182
138.128 9.508 1.070
-66.117 43.833 1.193
139.633 35.467 1.109
13.817 55.417 1.303
39.190 -6.155 1.152
111.833 21.583 1.101
