144.283 44.017 1.056
-2.075 57.143 1.118
131.417 31.583 1.058
-89.833 13.583 1.090
-99.912 16.840 1.052
-176.632 51.863 1.088
-122.298 37.772 1.066
-126.931 50.587 1.051
29.917 31.217 1.066
-5.433 36.117 1.023
-149.890 61.238 1.111
13.506 43.625 1.139
-76.482 38.983 1.049
-70.400 -23.650 1.076
-84.982 29.727 0.151
-171.750 -13.817 1.180
-53.983 47.300 1.063
-13.530 28.972 1.081
-123.767 46.208 1.046
-74.418 39.355 1.054
-2.715 51.511 1.055
141.500 38.300 1.055
-79.573 8.962 1.054
-76.578 39.267 1.043
-90.285 -0.437 1.089
-125.136 48.836 1.067
2.163 41.342 1.061
-68.205 44.392 1.176
16.912 41.137 1.090
12.903 55.756 1.152
-59.633 -62.483 -4.133
-1.515 43.527 1.053
109.083 21.483 1.073
-128.143 52.163 1.069
-64.700 32.400 1.148
-3.050 43.357 1.086
168.350 -46.600 1.138
-6.340 36.800 1.039
141.917 -10.600 1.067
-71.052 42.355 1.133
1.578 50.727 1.101
-4.500 48.383 1.048
-73.182 41.173 1.069
153.167 -27.367 1.102
122.217 -18.000 1.107
-77.100 3.900 1.072
-58.500 -34.667 1.082
152.380 -24.767 1.111
145.915 -41.050 1.092
-109.908 22.880 1.097
-6.283 36.533 1.042
9.114 39.210 1.058
1.868 50.969 1.084
-77.150 -12.050 1.095
-76.068 38.573 1.056
-125.247 50.042 1.057
-47.925 -25.017 1.038
147.058 -19.277 1.086
18.433 -33.900 1.066
-74.960 38.968 1.054
113.652 -24.898 1.081
-75.533 10.383 1.089
-9.417 38.692 1.052
15.094 37.498 1.032
-83.032 29.135 1.116
103.187 5.265 1.083
-5.317 35.900 1.035
91.050 22.217 1.154
-124.322 43.345 1.062
-79.925 32.782 1.052
-64.920 18.335 1.040
-63.117 46.233 1.162
-1.635 49.651 1.057
-76.113 36.967 1.068
142.200 27.100 1.083
140.867 35.750 1.071
-157.472 1.982 1.080
-94.200 58.783 -0.240
96.883 -12.117 1.131
-1.890 47.277 1.063
-145.753 60.558 1.095
-97.217 27.580 0.964
91.833 21.450 1.126
-124.183 41.745 1.054
-79.915 9.355 1.068
1.302 52.934 1.091
8.717 53.867 1.070
130.850 -12.467 1.112
20.385 60.032 1.437
6.933 53.326 1.125
4.746 52.965 1.077
-4.185 50.368 1.075
1.085 49.929 1.178
-2.088 47.306 1.065
108.617 19.100 1.117
1.318 51.117 1.072
-75.740 36.183 1.069
2.367 51.048 1.073
31.050 -29.867 1.061
27.917 -33.017 1.076
-109.448 -27.150 1.066
-66.985 44.903 1.165
162.387 11.430 1.168
-116.633 31.850 1.127
8.433 55.467 1.077
-79.647 0.992 1.070
121.900 -33.867 1.072
-64.267 -65.250 0.703
1.348 51.957 1.129
-81.467 30.672 1.064
-4.983 52.014 1.069
18.211 60.409 1.301
151.233 -33.850 1.078
-80.902 32.033 1.072
-95.308 28.948 1.035
115.717 -32.050 1.072
-166.288 23.868 1.091
-123.010 48.547 1.094
139.933 40.650 1.075
128.850 32.700 1.125
-123.451 48.769 1.077
179.195 -8.525 1.126
-16.907 32.640 1.139
21.231 64.916 -4.425
-94.793 29.310 0.994
73.152 -0.687 1.155
11.933 54.567 1.075
102.107 6.227 1.067
-5.350 36.117 1.061
-5.698 43.558 1.077
-3.018 53.450 1.058
11.791 57.685 1.116
-89.957 29.263 0.774
136.417 -13.860 1.115
144.650 13.433 1.106
-110.900 27.933 1.085
141.533 40.533 1.130
110.283 20.017 1.106
140.717 41.783 1.071
-63.583 44.667 1.082
132.067 34.900 1.059
27.179 60.563 1.216
145.567 43.283 1.131
22.977 59.823 1.277
1.284 51.947 1.110
9.101 63.425 1.093
24.956 60.154 1.236
-2.920 54.032 1.039
115.738 -31.825 1.076
-155.067 19.733 1.073
-3.134 51.215 1.082
89.467 21.783 1.093
147.330 -42.887 1.092
4.120 51.977 1.079
-4.631 53.308 1.075
114.217 22.300 1.073
159.957 -9.425 1.200
25.973 70.980 1.116
-157.867 21.307 1.129
12.467 56.100 1.125
131.683 32.417 1.078
-6.834 37.132 1.055
-124.217 40.767 1.085
-4.111 51.211 1.076
-43.165 -22.897 1.051
-0.186 53.631 1.055
124.167 24.333 1.061
-169.530 16.738 1.059
103.792 1.462 1.079
-78.833 -33.622 1.203
-134.412 58.298 1.082
130.567 31.583 1.056
-156.467 20.900 1.109
23.096 65.697 -5.196
121.282 28.088 1.136
-171.718 -2.810 1.075
120.288 22.615 1.074
154.777 1.098 1.091
21.215 62.344 1.831
139.750 35.517 1.117
121.745 25.157 1.078
101.358 3.050 1.103
102.153 2.215 1.109
24.515 65.673 -4.377
70.220 -49.345 1.196
-131.625 55.333 1.089
-81.808 24.553 1.048
-5.050 58.457 1.154
-75.988 37.165 1.106
12.894 55.522 1.165
23.033 -34.050 1.067
99.817 11.795 1.088
98.425 7.832 1.160
135.183 34.683 1.055
133.567 33.500 1.053
-152.512 57.732 1.084
134.583 34.017 1.057
116.067 5.983 1.073
103.430 3.975 1.083
130.200 32.600 1.088
103.443 1.325 1.100
15.589 56.105 1.200
11.127 58.997 1.134
135.767 33.483 1.058
144.367 42.983 1.053
167.733 8.733 1.144
-8.400 43.367 1.077
-117.257 32.867 1.126
-80.917 -2.200 1.097
-110.345 24.162 1.109
-1.221 46.158 1.052
-87.817 13.333 1.126
17.865 58.742 1.273
99.765 6.432 1.136
177.433 -17.600 1.091
-4.781 48.359 1.082
0.106 49.482 1.047
-1.765 47.205 1.067
123.750 13.150 1.111
-3.182 55.990 1.110
-1.140 60.155 1.102
-1.794 46.497 1.060
-75.120 38.782 1.049
119.417 34.750 1.108
-64.753 17.697 1.026
10.299 43.546 1.063
-3.825 53.332 1.067
-80.717 -6.933 1.070
159.067 -31.517 1.086
-118.272 33.720 1.122
-64.883 47.083 1.285
1.751 52.473 1.077
15.150 -26.650 1.125
100.613 4.240 1.104
121.617 32.133 1.159
172.717 -43.600 1.111
5.113 61.934 1.106
-67.047 17.972 1.036
137.617 34.683 1.012
135.383 35.467 1.108
171.373 7.107 1.111
130.300 31.267 1.057
-4.417 36.717 1.047
134.463 7.330 1.157
73.527 4.190 1.129
-7.333 55.367 1.102
120.967 14.583 1.099
21.463 61.594 1.383
174.500 -35.833 1.078
16.837 58.554 1.347
173.200 52.833 1.206
-72.117 -17.000 1.134
132.717 33.867 1.071
-81.432 30.395 1.072
-106.422 23.198 1.084
139.817 34.917 1.069
15.563 38.196 1.074
-177.367 28.217 1.058
-5.014 51.702 1.073
-4.906 55.750 1.103
50.600 26.233 1.085
130.450 32.617 1.081
139.482 34.067 1.071
141.983 39.650 1.170
-157.800 21.433 1.128
7.421 43.729 1.061
-71.960 41.048 1.067
-121.888 36.605 1.078
22.133 -34.183 1.069
134.167 33.267 1.053
129.867 32.733 1.101
136.883 35.083 1.050
127.667 26.200 1.081
-61.683 56.550 2.258
129.842 29.842 1.082
-1.634 47.194 1.073
-70.097 41.285 1.083
176.917 -39.483 1.169
-81.808 26.132 1.092
14.269 40.841 1.071
166.905 -0.528 1.069
-159.350 21.967 1.067
129.495 28.382 1.080
-124.617 48.368 1.068
-72.087 41.355 1.052
-74.015 40.700 1.054
0.057 50.782 1.050
-5.542 50.102 1.064
-71.327 41.505 1.079
-2.987 51.550 1.091
-122.910 49.200 1.061
130.992 30.735 1.086
-1.440 55.007 1.057
-60.250 46.217 1.154
166.437 -22.292 1.120
-175.167 -21.133 1.118
-140.082 -8.930 1.095
11.950 78.933 2.173
141.717 39.067 1.070
141.750 39.017 1.065
139.383 34.783 1.100
17.097 57.366 1.291
138.217 34.617 1.061
140.900 36.933 1.050
135.433 34.650 1.049
16.478 57.275 1.286
10.734 59.909 1.120
18.497 40.147 1.070
25.418 65.040 -5.490
130.217 32.983 1.067
136.217 34.067 1.058
-170.683 -14.283 1.189
-81.167 -5.083 1.081
15.275 40.032 1.064
-149.567 -17.525 1.044
-123.451 48.654 1.074
100.347 5.422 1.086
-158.053 -8.977 1.044
-87.213 30.403 1.010
-75.142 39.933 1.090
22.690 63.709 3.068
158.243 6.987 1.105
-123.253 49.337 1.065
-25.672 37.735 1.141
-123.440 48.125 1.086
-59.133 47.567 1.206
-1.062 45.569 1.091
-80.593 28.415 1.070
25.630 -33.960 1.064
118.575 -20.318 1.086
150.912 -34.473 1.103
57.495 -20.155 1.125
16.867 -29.250 1.075
138.467 -35.108 1.082
-3.446 47.644 1.040
3.107 42.520 1.065
168.300 -17.767 1.208
-6.190 55.627 1.149
-4.768 54.085 1.121
-127.489 50.722 1.044
-97.215 26.060 0.952
-70.247 43.657 1.170
141.600 -38.333 1.071
-5.120 54.843 1.070
-6.657 55.207 1.131
-120.760 35.177 1.075
-1.112 50.803 1.072
-130.324 54.317 1.067
-71.401 41.807 1.081
-148.527 70.400 1.131
55.528 -4.672 1.084
-82.860 8.273 1.077
-87.950 15.833 1.106
-15.417 28.133 1.066
-72.967 -41.483 1.098
-67.617 -54.933 1.154
-132.072 53.252 1.084
24.407 64.666 -13.991
-159.775 -21.207 1.052
20.895 63.986 3.757
21.426 61.133 1.430
-75.573 39.558 1.080
55.285 -20.935 1.191
-21.940 64.151 1.290
-134.953 -23.125 1.174
12.113 57.250 1.116
-97.047 28.022 0.983
63.418 -19.668 1.059
11.230 64.859 1.108
-3.966 48.718 1.042
150.790 -23.162 1.100
-17.750 28.683 1.099
-93.870 29.730 0.793
133.333 36.200 1.127
-2.246 47.140 1.047
-1.682 43.395 1.061
-2.028 48.641 1.088
-2.202 47.267 1.047
-66.063 45.251 1.175
145.742 15.227 1.033
133.250 35.550 1.037
17.950 -33.017 1.093
-95.203 16.160 1.064
-117.173 32.713 1.111
-80.108 -26.292 1.119
-122.465 37.807 1.054
-90.833 13.917 1.102
-66.117 18.460 1.045
-75.200 -15.367 1.087
-160.502 55.337 1.092
118.067 5.810 1.096
-74.009 40.467 1.056
-90.313 -0.755 1.126
-118.500 34.008 1.087
-122.339 47.603 1.063
104.115 1.932 1.065
-151.720 59.441 1.079
-149.427 60.120 1.082
-76.330 36.947 1.048
115.350 22.750 1.090
0.743 51.442 1.086
119.550 35.383 1.118
138.517 35.017 1.065
130.933 33.933 1.080
135.383 33.683 1.062
18.433 -34.183 1.071
14.358 55.557 1.245
-135.342 57.052 1.044
19.012 63.191 1.760
-135.327 59.450 1.097
12.829 55.417 1.177
11.218 58.354 1.131
-76.452 38.317 1.060
-124.043 44.625 1.047
17.531 62.363 1.920
147.933 -42.550 1.097
-78.918 33.655 1.075
-82.627 27.760 1.034
-52.717 47.567 1.085
-57.821 -51.692 1.139
11.832 58.093 1.128
-123.181 49.125 1.091
-2.117 49.183 1.098
18.082 59.325 1.264
-6.389 58.207 1.161
134.900 34.350 1.054
178.427 -18.132 1.116
39.600 -69.000 1.157
134.050 34.350 1.048
-81.282 -4.582 1.086
103.853 1.262 1.068
135.183 34.333 1.056
174.033 -39.050 1.071
172.930 1.363 1.134
-5.600 36.000 1.031
176.183 -37.650 1.098
117.883 4.233 1.150
-16.240 28.480 1.118
133.640 -32.150 1.099
104.140 2.807 1.084
136.850 34.467 1.048
-6.064 56.623 1.123
-125.913 49.154 1.047
139.767 35.650 1.063
-109.048 25.600 1.098
132.967 32.783 1.052
5.913 43.117 1.039
146.833 -19.250 1.066
137.217 36.767 1.070
7.567 58.000 1.118
13.750 45.650 1.051
151.850 7.450 1.085
-78.730 1.817 1.059
22.101 60.428 1.278
138.883 35.017 1.078
-5.158 57.895 1.128
-166.537 53.880 1.115
133.950 34.483 1.045
135.900 33.567 1.050
132.550 33.233 1.079
21.571 63.081 3.472
-146.362 61.125 1.099
-0.330 39.460 1.043
-71.633 -33.033 1.103
-123.110 49.287 1.066
12.217 57.100 1.182
31.100 70.333 1.210
12.426 45.419 1.077
-123.370 48.422 1.053
12.579 56.142 1.122
-8.770 42.601 1.102
18.284 57.639 1.377
135.150 34.217 1.058
166.617 19.283 1.046
141.683 45.400 1.087
14.500 -22.950 1.111
-77.022 38.873 1.038
174.783 -41.283 1.097
-2.448 50.608 1.070
-0.614 54.490 1.061
-3.086 58.441 1.151
-123.965 46.708 1.056
-73.782 40.793 1.081
-77.953 34.227 1.053
18.419 54.797 1.156
-62.700 45.683 1.162
-70.672 41.523 1.078
-3.568 54.651 1.086
128.102 -15.453 1.096
118.067 24.450 1.067
-139.733 59.548 1.107
138.128 9.508 1.050
-66.117 43.833 1.139
139.633 35.467 1.072
13.817 55.417 1.218
39.190 -6.155 1.108
111.833 21.583 1.072
