144.283 44.017 1.044
-2.075 57.143 1.131
131.417 31.583 1.062
-89.833 13.583 1.094
-99.912 16.840 1.051
-176.632 51.863 1.083
-122.298 37.772 1.068
-126.931 50.587 1.052
29.917 31.217 1.058
-5.433 36.117 1.022
-149.890 61.238 1.110
13.506 43.625 1.141
-76.482 38.983 1.049
-70.400 -23.650 1.075
-84.982 29.727 0.054
-171.750 -13.817 1.173
-53.983 47.300 1.082
-13.530 28.972 1.075
-123.767 46.208 1.048
-74.418 39.355 1.061
-2.715 51.511 1.059
141.500 38.300 1.046
-79.573 8.962 1.045
-76.578 39.267 1.047
-90.285 -0.437 1.085
-125.136 48.836 1.069
2.163 41.342 1.050
-68.205 44.392 1.204
16.912 41.137 1.071
12.903 55.756 1.161
-59.633 -62.483 -4.000
-1.515 43.527 1.049
109.083 21.483 1.074
-128.143 52.163 1.071
-64.700 32.400 1.108
-3.050 43.357 1.088
168.350 -46.600 1.111
-6.340 36.800 1.038
141.917 -10.600 1.070
-71.052 42.355 1.149
1.578 50.727 1.103
-4.500 48.383 1.060
-73.182 41.173 1.067
153.167 -27.367 1.113
122.217 -18.000 1.114
-77.100 3.900 1.078
-58.500 -34.667 1.090
152.380 -24.767 1.119
145.915 -41.050 1.092
-109.908 22.880 1.090
-6.283 36.533 1.035
9.114 39.210 1.056
1.868 50.969 1.082
-77.150 -12.050 1.110
-76.068 38.573 1.062
-125.247 50.042 1.059
-47.925 -25.017 1.040
147.058 -19.277 1.087
18.433 -33.900 1.066
-74.960 38.968 1.054
113.652 -24.898 1.086
-75.533 10.383 1.073
-9.417 38.692 1.049
15.094 37.498 1.030
-83.032 29.135 1.120
103.187 5.265 1.079
-5.317 35.900 1.032
91.050 22.217 1.148
-124.322 43.345 1.063
-79.925 32.782 1.051
-64.920 18.335 1.033
-63.117 46.233 1.170
-1.635 49.651 1.070
-76.113 36.967 1.069
142.200 27.100 1.082
140.867 35.750 1.072
-157.472 1.982 1.077
-94.200 58.783 -0.119
96.883 -12.117 1.127
-1.890 47.277 1.070
-145.753 60.558 1.101
-97.217 27.580 0.963
91.833 21.450 1.121
-124.183 41.745 1.056
-79.915 9.355 1.052
1.302 52.934 1.094
8.717 53.867 1.076
130.850 -12.467 1.112
20.385 60.032 1.455
6.933 53.326 1.130
4.746 52.965 1.086
-4.185 50.368 1.077
1.085 49.929 1.172
-2.088 47.306 1.072
108.617 19.100 1.114
1.318 51.117 1.069
-75.740 36.183 1.074
2.367 51.048 1.071
31.050 -29.867 1.054
27.917 -33.017 1.077
-109.448 -27.150 1.066
-66.985 44.903 1.196
162.387 11.430 1.164
-116.633 31.850 1.135
8.433 55.467 1.086
-79.647 0.992 1.064
121.900 -33.867 1.077
-64.267 -65.250 0.702
1.348 51.957 1.126
-81.467 30.672 1.063
-4.983 52.014 1.073
18.211 60.409 1.314
151.233 -33.850 1.092
-80.902 32.033 1.071
-95.308 28.948 1.034
115.717 -32.050 1.077
-166.288 23.868 1.084
-123.010 48.547 1.096
139.933 40.650 1.059
128.850 32.700 1.133
-123.451 48.769 1.078
179.195 -8.525 1.132
-16.907 32.640 1.135
21.231 64.916 -0.740
-94.793 29.310 0.993
73.152 -0.687 1.136
11.933 54.567 1.079
102.107 6.227 1.058
-5.350 36.117 1.058
-5.698 43.558 1.079
-3.018 53.450 1.059
11.791 57.685 1.136
-89.957 29.263 0.746
136.417 -13.860 1.120
144.650 13.433 1.081
-110.900 27.933 1.084
141.533 40.533 1.119
110.283 20.017 1.107
140.717 41.783 1.071
-63.583 44.667 1.096
132.067 34.900 1.057
27.179 60.563 1.215
145.567 43.283 1.115
22.977 59.823 1.272
1.284 51.947 1.107
9.101 63.425 1.093
24.956 60.154 1.224
-2.920 54.032 1.041
115.738 -31.825 1.090
-155.067 19.733 1.078
-3.134 51.215 1.095
89.467 21.783 1.087
147.330 -42.887 1.086
4.120 51.977 1.087
-4.631 53.308 1.086
114.217 22.300 1.074
159.957 -9.425 1.185
25.973 70.980 1.124
-157.867 21.307 1.111
12.467 56.100 1.115
131.683 32.417 1.076
-6.834 37.132 1.049
-124.217 40.767 1.089
-4.111 51.211 1.084
-43.165 -22.897 1.050
-0.186 53.631 1.056
124.167 24.333 1.063
-169.530 16.738 1.058
103.792 1.462 1.062
-78.833 -33.622 1.205
-134.412 58.298 1.086
130.567 31.583 1.058
-156.467 20.900 1.105
23.096 65.697 -0.561
121.282 28.088 1.141
-171.718 -2.810 1.075
120.288 22.615 1.072
154.777 1.098 1.092
21.215 62.344 2.732
139.750 35.517 1.115
121.745 25.157 1.074
101.358 3.050 1.095
102.153 2.215 1.105
24.515 65.673 -0.372
70.220 -49.345 1.162
-131.625 55.333 1.087
-81.808 24.553 1.039
-5.050 58.457 1.163
-75.988 37.165 1.117
12.894 55.522 1.170
23.033 -34.050 1.068
99.817 11.795 1.076
98.425 7.832 1.148
135.183 34.683 1.054
133.567 33.500 1.055
-152.512 57.732 1.087
134.583 34.017 1.054
116.067 5.983 1.077
103.430 3.975 1.084
130.200 32.600 1.088
103.443 1.325 1.076
15.589 56.105 1.197
11.127 58.997 1.153
135.767 33.483 1.050
144.367 42.983 1.044
167.733 8.733 1.145
-8.400 43.367 1.077
-117.257 32.867 1.134
-80.917 -2.200 1.100
-110.345 24.162 1.103
-1.221 46.158 1.056
-87.817 13.333 1.136
17.865 58.742 1.275
99.765 6.432 1.129
177.433 -17.600 1.072
-4.781 48.359 1.095
0.106 49.482 1.058
-1.765 47.205 1.076
123.750 13.150 1.118
-3.182 55.990 1.131
-1.140 60.155 1.117
-1.794 46.497 1.068
-75.120 38.782 1.050
119.417 34.750 1.104
-64.753 17.697 1.025
10.299 43.546 1.055
-3.825 53.332 1.069
-80.717 -6.933 1.074
159.067 -31.517 1.086
-118.272 33.720 1.112
-64.883 47.083 1.298
1.751 52.473 1.082
15.150 -26.650 1.130
100.613 4.240 1.099
121.617 32.133 1.165
172.717 -43.600 1.114
5.113 61.934 1.121
-67.047 17.972 1.034
137.617 34.683 1.012
135.383 35.467 1.117
171.373 7.107 1.115
130.300 31.267 1.055
-4.417 36.717 1.036
134.463 7.330 1.153
73.527 4.190 1.117
-7.333 55.367 1.110
120.967 14.583 1.092
21.463 61.594 1.431
174.500 -35.833 1.067
16.837 58.554 1.359
173.200 52.833 1.190
-72.117 -17.000 1.134
132.717 33.867 1.076
-81.432 30.395 1.071
-106.422 23.198 1.073
139.817 34.917 1.068
15.563 38.196 1.058
-177.367 28.217 1.052
-5.014 51.702 1.082
-4.906 55.750 1.105
50.600 26.233 1.073
130.450 32.617 1.083
139.482 34.067 1.066
141.983 39.650 1.171
-157.800 21.433 1.114
7.421 43.729 1.055
-71.960 41.048 1.072
-121.888 36.605 1.084
22.133 -34.183 1.069
134.167 33.267 1.053
129.867 32.733 1.098
136.883 35.083 1.047
127.667 26.200 1.082
-61.683 56.550 2.384
129.842 29.842 1.082
-1.634 47.194 1.077
-70.097 41.285 1.094
176.917 -39.483 1.166
-81.808 26.132 1.092
14.269 40.841 1.056
166.905 -0.528 1.066
-159.350 21.967 1.058
129.495 28.382 1.079
-124.617 48.368 1.067
-72.087 41.355 1.057
-74.015 40.700 1.053
0.057 50.782 1.049
-5.542 50.102 1.075
-71.327 41.505 1.096
-2.987 51.550 1.106
-122.910 49.200 1.063
130.992 30.735 1.093
-1.440 55.007 1.060
-60.250 46.217 1.172
166.437 -22.292 1.127
-175.167 -21.133 1.108
-140.082 -8.930 1.100
11.950 78.933 2.139
141.717 39.067 1.055
141.750 39.017 1.053
139.383 34.783 1.099
17.097 57.366 1.267
138.217 34.617 1.054
140.900 36.933 1.050
135.433 34.650 1.048
16.478 57.275 1.274
10.734 59.909 1.135
18.497 40.147 1.064
25.418 65.040 -0.659
130.217 32.983 1.067
136.217 34.067 1.052
-170.683 -14.283 1.206
-81.167 -5.083 1.079
15.275 40.032 1.052
-149.567 -17.525 1.045
-123.451 48.654 1.072
100.347 5.422 1.076
-158.053 -8.977 1.046
-87.213 30.403 1.011
-75.142 39.933 1.100
22.690 63.709 7.835
158.243 6.987 1.104
-123.253 49.337 1.066
-25.672 37.735 1.155
-123.440 48.125 1.085
-59.133 47.567 1.231
-1.062 45.569 1.099
-80.593 28.415 1.073
25.630 -33.960 1.068
118.575 -20.318 1.082
150.912 -34.473 1.113
57.495 -20.155 1.116
16.867 -29.250 1.077
138.467 -35.108 1.082
-3.446 47.644 1.041
3.107 42.520 1.060
168.300 -17.767 1.170
-6.190 55.627 1.155
-4.768 54.085 1.128
-127.489 50.722 1.044
-97.215 26.060 0.952
-70.247 43.657 1.197
141.600 -38.333 1.072
-5.120 54.843 1.080
-6.657 55.207 1.141
-120.760 35.177 1.079
-1.112 50.803 1.074
-130.324 54.317 1.068
-71.401 41.807 1.088
-148.527 70.400 1.133
55.528 -4.672 1.085
-82.860 8.273 1.077
-87.950 15.833 1.080
-15.417 28.133 1.059
-72.967 -41.483 1.085
-67.617 -54.933 1.148
-132.072 53.252 1.080
24.407 64.666 -1.298
-159.775 -21.207 1.051
20.895 63.986 -3.201
21.426 61.133 1.459
-75.573 39.558 1.087
55.285 -20.935 1.180
-21.940 64.151 1.274
-134.953 -23.125 1.171
12.113 57.250 1.132
-97.047 28.022 0.980
63.418 -19.668 1.055
11.230 64.859 1.115
-3.966 48.718 1.048
150.790 -23.162 1.105
-17.750 28.683 1.098
-93.870 29.730 0.795
133.333 36.200 1.138
-2.246 47.140 1.054
-1.682 43.395 1.061
-2.028 48.641 1.108
-2.202 47.267 1.054
-66.063 45.251 1.196
145.742 15.227 1.032
133.250 35.550 1.037
17.950 -33.017 1.095
-95.203 16.160 1.062
-117.173 32.713 1.121
-80.108 -26.292 1.119
-122.465 37.807 1.057
-90.833 13.917 1.100
-66.117 18.460 1.041
-75.200 -15.367 1.095
-160.502 55.337 1.096
118.067 5.810 1.101
-74.009 40.467 1.054
-90.313 -0.755 1.119
-118.500 34.008 1.089
-122.339 47.603 1.064
104.115 1.932 1.058
-151.720 59.441 1.085
-149.427 60.120 1.086
-76.330 36.947 1.051
115.350 22.750 1.088
0.743 51.442 1.088
119.550 35.383 1.116
138.517 35.017 1.056
130.933 33.933 1.087
135.383 33.683 1.056
18.433 -34.183 1.070
14.358 55.557 1.243
-135.342 57.052 1.046
19.012 63.191 2.799
-135.327 59.450 1.105
12.829 55.417 1.190
11.218 58.354 1.159
-76.452 38.317 1.065
-124.043 44.625 1.049
17.531 62.363 3.179
147.933 -42.550 1.091
-78.918 33.655 1.080
-82.627 27.760 1.033
-52.717 47.567 1.117
-57.821 -51.692 1.148
11.832 58.093 1.139
-123.181 49.125 1.090
-2.117 49.183 1.122
18.082 59.325 1.277
-6.389 58.207 1.176
134.900 34.350 1.048
178.427 -18.132 1.095
39.600 -69.000 1.120
134.050 34.350 1.048
-81.282 -4.582 1.085
103.853 1.262 1.054
135.183 34.333 1.051
174.033 -39.050 1.057
172.930 1.363 1.134
-5.600 36.000 1.029
176.183 -37.650 1.078
117.883 4.233 1.123
-16.240 28.480 1.112
133.640 -32.150 1.105
104.140 2.807 1.067
136.850 34.467 1.044
-6.064 56.623 1.124
-125.913 49.154 1.047
139.767 35.650 1.062
-109.048 25.600 1.091
132.967 32.783 1.051
5.913 43.117 1.037
146.833 -19.250 1.064
137.217 36.767 1.063
7.567 58.000 1.128
13.750 45.650 1.045
151.850 7.450 1.077
-78.730 1.817 1.056
22.101 60.428 1.268
138.883 35.017 1.065
-5.158 57.895 1.140
-166.537 53.880 1.125
133.950 34.483 1.046
135.900 33.567 1.051
132.550 33.233 1.085
21.571 63.081 -4.570
-146.362 61.125 1.106
-0.330 39.460 1.038
-71.633 -33.033 1.104
-123.110 49.287 1.068
12.217 57.100 1.207
31.100 70.333 1.204
12.426 45.419 1.070
-123.370 48.422 1.054
12.579 56.142 1.121
-8.770 42.601 1.110
18.284 57.639 1.382
135.150 34.217 1.051
166.617 19.283 1.042
141.683 45.400 1.094
14.500 -22.950 1.114
-77.022 38.873 1.038
174.783 -41.283 1.074
-2.448 50.608 1.079
-0.614 54.490 1.066
-3.086 58.441 1.163
-123.965 46.708 1.056
-73.782 40.793 1.083
-77.953 34.227 1.046
18.419 54.797 1.153
-62.700 45.683 1.182
-70.672 41.523 1.082
-3.568 54.651 1.091
128.102 -15.453 1.096
118.067 24.450 1.066
-139.733 59.548 1.113
138.128 9.508 1.050
-66.117 43.833 1.168
139.633 35.467 1.070
13.817 55.417 1.212
39.190 -6.155 1.101
111.833 21.583 1.078
