144.283 44.017 1.027
-2.075 57.143 1.072
131.417 31.583 1.036
-89.833 13.583 1.050
-99.912 16.840 1.029
-176.632 51.863 1.049
-122.298 37.772 1.034
-126.931 50.587 1.025
29.917 31.217 1.036
-5.433 36.117 1.012
-149.890 61.238 1.056
13.506 43.625 1.069
-76.482 38.983 1.027
-70.400 -23.650 1.046
-84.982 29.727 0.569
-171.750 -13.817 1.094
-53.983 47.300 1.037
-13.530 28.972 1.048
-123.767 46.208 1.024
-74.418 39.355 1.034
-2.715 51.511 1.030
141.500 38.300 1.030
-79.573 8.962 1.030
-76.578 39.267 1.025
-90.285 -0.437 1.045
-125.136 48.836 1.036
2.163 41.342 1.037
-68.205 44.392 1.087
16.912 41.137 1.053
12.903 55.756 1.084
-59.633 -62.483 0.546
-1.515 43.527 1.033
109.083 21.483 1.041
-128.143 52.163 1.031
-64.700 32.400 1.076
-3.050 43.357 1.054
168.350 -46.600 1.072
-6.340 36.800 1.025
141.917 -10.600 1.039
-71.052 42.355 1.067
1.578 50.727 1.057
-4.500 48.383 1.031
-73.182 41.173 1.039
153.167 -27.367 1.059
122.217 -18.000 1.059
-77.100 3.900 1.045
-58.500 -34.667 1.048
152.380 -24.767 1.063
145.915 -41.050 1.051
-109.908 22.880 1.054
-6.283 36.533 1.026
9.114 39.210 1.032
1.868 50.969 1.041
-77.150 -12.050 1.058
-76.068 38.573 1.034
-125.247 50.042 1.032
-47.925 -25.017 1.025
147.058 -19.277 1.044
18.433 -33.900 1.041
-74.960 38.968 1.031
113.652 -24.898 1.040
-75.533 10.383 1.049
-9.417 38.692 1.029
15.094 37.498 1.019
-83.032 29.135 1.061
103.187 5.265 1.046
-5.317 35.900 1.022
91.050 22.217 1.074
-124.322 43.345 1.034
-79.925 32.782 1.027
-64.920 18.335 1.021
-63.117 46.233 1.083
-1.635 49.651 1.041
-76.113 36.967 1.037
142.200 27.100 1.050
140.867 35.750 1.043
-157.472 1.982 1.046
-94.200 58.783 2.564
96.883 -12.117 1.077
-1.890 47.277 1.036
-145.753 60.558 1.045
-97.217 27.580 0.978
91.833 21.450 1.062
-124.183 41.745 1.030
-79.915 9.355 1.035
1.302 52.934 1.049
8.717 53.867 1.039
130.850 -12.467 1.059
20.385 60.032 1.128
6.933 53.326 1.063
4.746 52.965 1.045
-4.185 50.368 1.041
1.085 49.929 1.101
-2.088 47.306 1.035
108.617 19.100 1.065
1.318 51.117 1.043
-75.740 36.183 1.040
2.367 51.048 1.036
31.050 -29.867 1.033
27.917 -33.017 1.045
-109.448 -27.150 1.038
-66.985 44.903 1.091
162.387 11.430 1.097
-116.633 31.850 1.064
8.433 55.467 1.044
-79.647 0.992 1.036
121.900 -33.867 1.039
-64.267 -65.250 0.854
1.348 51.957 1.069
-81.467 30.672 1.031
-4.983 52.014 1.037
18.211 60.409 1.079
151.233 -33.850 1.042
-80.902 32.033 1.036
-95.308 28.948 1.020
115.717 -32.050 1.039
-166.288 23.868 1.052
-123.010 48.547 1.048
139.933 40.650 1.039
128.850 32.700 1.086
-123.451 48.769 1.040
179.195 -8.525 1.073
-16.907 32.640 1.080
21.231 64.916 1.132
-94.793 29.310 0.997
73.152 -0.687 1.085
11.933 54.567 1.041
102.107 6.227 1.036
-5.350 36.117 1.038
-5.698 43.558 1.050
-3.018 53.450 1.032
11.791 57.685 1.061
-89.957 29.263 0.873
136.417 -13.860 1.063
144.650 13.433 1.062
-110.900 27.933 1.047
141.533 40.533 1.077
110.283 20.017 1.053
140.717 41.783 1.037
-63.583 44.667 1.047
132.067 34.900 1.031
27.179 60.563 1.087
145.567 43.283 1.076
22.977 59.823 1.107
1.284 51.947 1.065
9.101 63.425 1.044
24.956 60.154 1.095
-2.920 54.032 1.021
115.738 -31.825 1.040
-155.067 19.733 1.044
-3.134 51.215 1.051
89.467 21.783 1.043
147.330 -42.887 1.054
4.120 51.977 1.046
-4.631 53.308 1.042
114.217 22.300 1.038
159.957 -9.425 1.109
25.973 70.980 1.061
-157.867 21.307 1.070
12.467 56.100 1.058
131.683 32.417 1.042
-6.834 37.132 1.034
-124.217 40.767 1.046
-4.111 51.211 1.043
-43.165 -22.897 1.031
-0.186 53.631 1.029
124.167 24.333 1.035
-169.530 16.738 1.032
103.792 1.462 1.044
-78.833 -33.622 1.123
-134.412 58.298 1.038
130.567 31.583 1.036
-156.467 20.900 1.061
23.096 65.697 1.143
121.282 28.088 1.070
-171.718 -2.810 1.042
120.288 22.615 1.046
154.777 1.098 1.048
21.215 62.344 1.077
139.750 35.517 1.073
121.745 25.157 1.044
101.358 3.050 1.054
102.153 2.215 1.061
24.515 65.673 1.126
70.220 -49.345 1.110
-131.625 55.333 1.042
-81.808 24.553 1.028
-5.050 58.457 1.073
-75.988 37.165 1.063
12.894 55.522 1.093
23.033 -34.050 1.037
99.817 11.795 1.052
98.425 7.832 1.079
135.183 34.683 1.030
133.567 33.500 1.031
-152.512 57.732 1.042
134.583 34.017 1.033
116.067 5.983 1.041
103.430 3.975 1.048
130.200 32.600 1.058
103.443 1.325 1.062
15.589 56.105 1.106
11.127 58.997 1.058
135.767 33.483 1.034
144.367 42.983 1.026
167.733 8.733 1.086
-8.400 43.367 1.045
-117.257 32.867 1.066
-80.917 -2.200 1.058
-110.345 24.162 1.059
-1.221 46.158 1.030
-87.817 13.333 1.074
17.865 58.742 1.103
99.765 6.432 1.068
177.433 -17.600 1.043
-4.781 48.359 1.049
0.106 49.482 1.032
-1.765 47.205 1.039
123.750 13.150 1.065
-3.182 55.990 1.056
-1.140 60.155 1.059
-1.794 46.497 1.034
-75.120 38.782 1.027
119.417 34.750 1.062
-64.753 17.697 1.015
10.299 43.546 1.040
-3.825 53.332 1.036
-80.717 -6.933 1.042
159.067 -31.517 1.055
-118.272 33.720 1.058
-64.883 47.083 1.148
1.751 52.473 1.042
15.150 -26.650 1.073
100.613 4.240 1.055
121.617 32.133 1.083
172.717 -43.600 1.067
5.113 61.934 1.058
-67.047 17.972 1.022
137.617 34.683 1.007
135.383 35.467 1.071
171.373 7.107 1.064
130.300 31.267 1.034
-4.417 36.717 1.029
134.463 7.330 1.090
73.527 4.190 1.076
-7.333 55.367 1.053
120.967 14.583 1.057
21.463 61.594 1.073
174.500 -35.833 1.045
16.837 58.554 1.136
173.200 52.833 1.118
-72.117 -17.000 1.075
132.717 33.867 1.050
-81.432 30.395 1.038
-106.422 23.198 1.043
139.817 34.917 1.042
15.563 38.196 1.046
-177.367 28.217 1.031
-5.014 51.702 1.042
-4.906 55.750 1.051
50.600 26.233 1.043
130.450 32.617 1.055
139.482 34.067 1.039
141.983 39.650 1.105
-157.800 21.433 1.072
7.421 43.729 1.039
-71.960 41.048 1.038
-121.888 36.605 1.044
22.133 -34.183 1.042
134.167 33.267 1.028
129.867 32.733 1.065
136.883 35.083 1.026
127.667 26.200 1.049
-61.683 56.550 1.432
129.842 29.842 1.049
-1.634 47.194 1.040
-70.097 41.285 1.044
176.917 -39.483 1.099
-81.808 26.132 1.047
14.269 40.841 1.047
166.905 -0.528 1.038
-159.350 21.967 1.039
129.495 28.382 1.053
-124.617 48.368 1.038
-72.087 41.355 1.028
-74.015 40.700 1.029
0.057 50.782 1.029
-5.542 50.102 1.038
-71.327 41.505 1.044
-2.987 51.550 1.053
-122.910 49.200 1.031
130.992 30.735 1.057
-1.440 55.007 1.032
-60.250 46.217 1.083
166.437 -22.292 1.072
-175.167 -21.133 1.063
-140.082 -8.930 1.056
11.950 78.933 1.293
141.717 39.067 1.034
141.750 39.017 1.033
139.383 34.783 1.060
17.097 57.366 1.126
138.217 34.617 1.034
140.900 36.933 1.029
135.433 34.650 1.026
16.478 57.275 1.130
10.734 59.909 1.053
18.497 40.147 1.038
25.418 65.040 1.157
130.217 32.983 1.043
136.217 34.067 1.032
-170.683 -14.283 1.108
-81.167 -5.083 1.045
15.275 40.032 1.041
-149.567 -17.525 1.027
-123.451 48.654 1.038
100.347 5.422 1.044
-158.053 -8.977 1.026
-87.213 30.403 1.007
-75.142 39.933 1.053
22.690 63.709 1.125
158.243 6.987 1.060
-123.253 49.337 1.036
-25.672 37.735 1.088
-123.440 48.125 1.041
-59.133 47.567 1.111
-1.062 45.569 1.050
-80.593 28.415 1.036
25.630 -33.960 1.039
118.575 -20.318 1.047
150.912 -34.473 1.056
57.495 -20.155 1.072
16.867 -29.250 1.045
138.467 -35.108 1.043
-3.446 47.644 1.026
3.107 42.520 1.043
168.300 -17.767 1.101
-6.190 55.627 1.075
-4.768 54.085 1.062
-127.489 50.722 1.022
-97.215 26.060 0.976
-70.247 43.657 1.092
141.600 -38.333 1.039
-5.120 54.843 1.039
-6.657 55.207 1.067
-120.760 35.177 1.041
-1.112 50.803 1.041
-130.324 54.317 1.029
-71.401 41.807 1.040
-148.527 70.400 1.066
55.528 -4.672 1.058
-82.860 8.273 1.042
-87.950 15.833 1.057
-15.417 28.133 1.039
-72.967 -41.483 1.055
-67.617 -54.933 1.167
-132.072 53.252 1.041
24.407 64.666 1.162
-159.775 -21.207 1.030
20.895 63.986 1.100
21.426 61.133 1.080
-75.573 39.558 1.047
55.285 -20.935 1.107
-21.940 64.151 1.129
-134.953 -23.125 1.092
12.113 57.250 1.059
-97.047 28.022 0.992
63.418 -19.668 1.033
11.230 64.859 1.048
-3.966 48.718 1.024
150.790 -23.162 1.056
-17.750 28.683 1.063
-93.870 29.730 0.893
133.333 36.200 1.086
-2.246 47.140 1.027
-1.682 43.395 1.042
-2.028 48.641 1.059
-2.202 47.267 1.029
-66.063 45.251 1.094
145.742 15.227 1.016
133.250 35.550 1.022
17.950 -33.017 1.058
-95.203 16.160 1.035
-117.173 32.713 1.058
-80.108 -26.292 1.067
-122.465 37.807 1.029
-90.833 13.917 1.058
-66.117 18.460 1.026
-75.200 -15.367 1.053
-160.502 55.337 1.049
118.067 5.810 1.055
-74.009 40.467 1.033
-90.313 -0.755 1.069
-118.500 34.008 1.044
-122.339 47.603 1.032
104.115 1.932 1.036
-151.720 59.441 1.043
-149.427 60.120 1.041
-76.330 36.947 1.029
115.350 22.750 1.054
0.743 51.442 1.050
119.550 35.383 1.075
138.517 35.017 1.039
130.933 33.933 1.050
135.383 33.683 1.038
18.433 -34.183 1.043
14.358 55.557 1.128
-135.342 57.052 1.023
19.012 63.191 1.051
-135.327 59.450 1.044
12.829 55.417 1.093
11.218 58.354 1.059
-76.452 38.317 1.034
-124.043 44.625 1.025
17.531 62.363 1.090
147.933 -42.550 1.065
-78.918 33.655 1.040
-82.627 27.760 1.018
-52.717 47.567 1.048
-57.821 -51.692 1.106
11.832 58.093 1.061
-123.181 49.125 1.046
-2.117 49.183 1.064
18.082 59.325 1.105
-6.389 58.207 1.079
134.900 34.350 1.033
178.427 -18.132 1.057
39.600 -69.000 1.134
134.050 34.350 1.028
-81.282 -4.582 1.048
103.853 1.262 1.037
135.183 34.333 1.033
174.033 -39.050 1.038
172.930 1.363 1.072
-5.600 36.000 1.017
176.183 -37.650 1.058
117.883 4.233 1.081
-16.240 28.480 1.074
133.640 -32.150 1.053
104.140 2.807 1.046
136.850 34.467 1.028
-6.064 56.623 1.059
-125.913 49.154 1.026
139.767 35.650 1.036
-109.048 25.600 1.048
132.967 32.783 1.029
5.913 43.117 1.022
146.833 -19.250 1.034
137.217 36.767 1.043
7.567 58.000 1.063
13.750 45.650 1.028
151.850 7.450 1.049
-78.730 1.817 1.035
22.101 60.428 1.089
138.883 35.017 1.044
-5.158 57.895 1.062
-166.537 53.880 1.061
133.950 34.483 1.024
135.900 33.567 1.030
132.550 33.233 1.050
21.571 63.081 1.097
-146.362 61.125 1.047
-0.330 39.460 1.026
-71.633 -33.033 1.060
-123.110 49.287 1.038
12.217 57.100 1.088
31.100 70.333 1.102
12.426 45.419 1.036
-123.370 48.422 1.026
12.579 56.142 1.058
-8.770 42.601 1.056
18.284 57.639 1.170
135.150 34.217 1.035
166.617 19.283 1.026
141.683 45.400 1.054
14.500 -22.950 1.067
-77.022 38.873 1.021
174.783 -41.283 1.054
-2.448 50.608 1.040
-0.614 54.490 1.034
-3.086 58.441 1.083
-123.965 46.708 1.029
-73.782 40.793 1.045
-77.953 34.227 1.027
18.419 54.797 1.080
-62.700 45.683 1.085
-70.672 41.523 1.041
-3.568 54.651 1.042
128.102 -15.453 1.052
118.067 24.450 1.038
-139.733 59.548 1.051
138.128 9.508 1.029
-66.117 43.833 1.076
139.633 35.467 1.043
13.817 55.417 1.117
39.190 -6.155 1.062
111.833 21.583 1.041
