144.283 44.017 1.142
-2.075 57.143 1.310
131.417 31.583 1.137
-89.833 13.583 1.237
-99.912 16.840 1.146
-176.632 51.863 1.228
-122.298 37.772 1.194
-126.931 50.587 1.270
29.917 31.217 1.152
-5.433 36.117 1.063
-149.890 61.238 1.438
13.506 43.625 1.380
-76.482 38.983 1.094
-70.400 -23.650 1.175
-84.982 29.727 -1.146
-171.750 -13.817 1.415
-53.983 47.300 1.154
-13.530 28.972 1.197
-123.767 46.208 1.130
-74.418 39.355 1.121
-2.715 51.511 1.134
141.500 38.300 1.151
-79.573 8.962 1.136
-76.578 39.267 1.097
-90.285 -0.437 1.210
-125.136 48.836 1.226
2.163 41.342 1.154
-68.205 44.392 1.557
16.912 41.137 1.228
12.903 55.756 1.402
-59.633 -62.483 1.592
-1.515 43.527 1.137
109.083 21.483 1.177
-128.143 52.163 1.683
-64.700 32.400 1.371
-3.050 43.357 1.224
168.350 -46.600 1.293
-6.340 36.800 1.105
141.917 -10.600 1.160
-71.052 42.355 1.337
1.578 50.727 1.242
-4.500 48.383 1.120
-73.182 41.173 1.149
153.167 -27.367 1.234
122.217 -18.000 1.269
-77.100 3.900 1.199
-58.500 -34.667 1.162
152.380 -24.767 1.257
145.915 -41.050 1.214
-109.908 22.880 1.273
-6.283 36.533 1.110
9.114 39.210 1.132
1.868 50.969 1.199
-77.150 -12.050 1.231
-76.068 38.573 1.119
-125.247 50.042 1.215
-47.925 -25.017 1.081
147.058 -19.277 1.206
18.433 -33.900 1.157
-74.960 38.968 1.110
113.652 -24.898 1.212
-75.533 10.383 1.228
-9.417 38.692 1.128
15.094 37.498 1.071
-83.032 29.135 1.275
103.187 5.265 1.199
-5.317 35.900 1.099
91.050 22.217 1.411
-124.322 43.345 1.170
-79.925 32.782 1.123
-64.920 18.335 1.089
-63.117 46.233 1.421
-1.635 49.651 1.153
-76.113 36.967 1.139
142.200 27.100 1.184
140.867 35.750 1.180
-157.472 1.982 1.212
-94.200 58.783 0.421
96.883 -12.117 1.324
-1.890 47.277 1.162
-145.753 60.558 1.415
-97.217 27.580 0.905
91.833 21.450 1.312
-124.183 41.745 1.155
-79.915 9.355 1.154
1.302 52.934 1.203
8.717 53.867 1.161
130.850 -12.467 1.273
20.385 60.032 0.305
6.933 53.326 1.283
4.746 52.965 1.195
-4.185 50.368 1.185
1.085 49.929 1.424
-2.088 47.306 1.158
108.617 19.100 1.275
1.318 51.117 1.171
-75.740 36.183 1.154
2.367 51.048 1.167
31.050 -29.867 1.151
27.917 -33.017 1.179
-109.448 -27.150 1.133
-66.985 44.903 1.478
162.387 11.430 1.391
-116.633 31.850 1.345
8.433 55.467 1.190
-79.647 0.992 1.190
121.900 -33.867 1.196
-64.267 -65.250 2.997
1.348 51.957 1.298
-81.467 30.672 1.147
-4.983 52.014 1.187
18.211 60.409 0.625
151.233 -33.850 1.173
-80.902 32.033 1.167
-95.308 28.948 1.084
115.717 -32.050 1.187
-166.288 23.868 1.245
-123.010 48.547 1.320
139.933 40.650 1.177
128.850 32.700 1.310
-123.451 48.769 1.247
179.195 -8.525 1.331
-16.907 32.640 1.333
21.231 64.916 0.818
-94.793 29.310 0.988
73.152 -0.687 1.352
11.933 54.567 1.177
102.107 6.227 1.163
-5.350 36.117 1.171
-5.698 43.558 1.208
-3.018 53.450 1.164
11.791 57.685 1.507
-89.957 29.263 0.419
136.417 -13.860 1.275
144.650 13.433 1.221
-110.900 27.933 1.263
141.533 40.533 1.321
110.283 20.017 1.246
140.717 41.783 1.187
-63.583 44.667 1.187
132.067 34.900 1.139
27.179 60.563 2.944
145.567 43.283 1.307
22.977 59.823 15.969
1.284 51.947 1.252
9.101 63.425 1.655
24.956 60.154 3.114
-2.920 54.032 1.110
115.738 -31.825 1.202
-155.067 19.733 1.194
-3.134 51.215 1.212
89.467 21.783 1.224
147.330 -42.887 1.209
4.120 51.977 1.196
-4.631 53.308 1.205
114.217 22.300 1.166
159.957 -9.425 1.481
25.973 70.980 1.456
-157.867 21.307 1.322
12.467 56.100 1.350
131.683 32.417 1.178
-6.834 37.132 1.132
-124.217 40.767 1.244
-4.111 51.211 1.183
-43.165 -22.897 1.112
-0.186 53.631 1.129
124.167 24.333 1.142
-169.530 16.738 1.141
103.792 1.462 1.199
-78.833 -33.622 1.395
-134.412 58.298 1.434
130.567 31.583 1.130
-156.467 20.900 1.281
23.096 65.697 0.772
121.282 28.088 1.357
-171.718 -2.810 1.184
120.288 22.615 1.172
154.777 1.098 1.216
21.215 62.344 0.848
139.750 35.517 1.281
121.745 25.157 1.187
101.358 3.050 1.278
102.153 2.215 1.255
24.515 65.673 0.806
70.220 -49.345 1.430
-131.625 55.333 1.410
-81.808 24.553 1.112
-5.050 58.457 1.500
-75.988 37.165 1.242
12.894 55.522 1.416
23.033 -34.050 1.161
99.817 11.795 1.221
98.425 7.832 1.372
135.183 34.683 1.134
133.567 33.500 1.147
-152.512 57.732 1.264
134.583 34.017 1.147
116.067 5.983 1.183
103.430 3.975 1.198
130.200 32.600 1.207
103.443 1.325 1.260
15.589 56.105 1.616
11.127 58.997 2.324
135.767 33.483 1.144
144.367 42.983 1.132
167.733 8.733 1.345
-8.400 43.367 1.189
-117.257 32.867 1.374
-80.917 -2.200 1.238
-110.345 24.162 1.296
-1.221 46.158 1.140
-87.817 13.333 1.343
17.865 58.742 8.370
99.765 6.432 1.341
177.433 -17.600 1.216
-4.781 48.359 1.194
0.106 49.482 1.123
-1.765 47.205 1.174
123.750 13.150 1.290
-3.182 55.990 1.307
-1.140 60.155 1.273
-1.794 46.497 1.152
-75.120 38.782 1.100
119.417 34.750 1.249
-64.753 17.697 1.061
10.299 43.546 1.157
-3.825 53.332 1.200
-80.717 -6.933 1.175
159.067 -31.517 1.187
-118.272 33.720 1.392
-64.883 47.083 1.697
1.751 52.473 1.177
15.150 -26.650 1.286
100.613 4.240 1.276
121.617 32.133 1.392
172.717 -43.600 1.220
5.113 61.934 1.371
-67.047 17.972 1.102
137.617 34.683 1.038
135.383 35.467 1.259
171.373 7.107 1.288
130.300 31.267 1.135
-4.417 36.717 1.116
134.463 7.330 1.402
73.527 4.190 1.311
-7.333 55.367 1.309
120.967 14.583 1.242
21.463 61.594 0.783
174.500 -35.833 1.155
16.837 58.554 10.488
173.200 52.833 1.565
-72.117 -17.000 1.305
132.717 33.867 1.176
-81.432 30.395 1.166
-106.422 23.198 1.226
139.817 34.917 1.177
15.563 38.196 1.175
-177.367 28.217 1.135
-5.014 51.702 1.180
-4.906 55.750 1.353
50.600 26.233 1.221
130.450 32.617 1.203
139.482 34.067 1.164
141.983 39.650 1.411
-157.800 21.433 1.317
7.421 43.729 1.162
-71.960 41.048 1.145
-121.888 36.605 1.226
22.133 -34.183 1.164
134.167 33.267 1.138
129.867 32.733 1.234
136.883 35.083 1.133
127.667 26.200 1.181
-61.683 56.550 -3.980
129.842 29.842 1.177
-1.634 47.194 1.181
-70.097 41.285 1.186
176.917 -39.483 1.339
-81.808 26.132 1.212
14.269 40.841 1.172
166.905 -0.528 1.173
-159.350 21.967 1.176
129.495 28.382 1.180
-124.617 48.368 1.219
-72.087 41.355 1.113
-74.015 40.700 1.114
0.057 50.782 1.132
-5.542 50.102 1.153
-71.327 41.505 1.201
-2.987 51.550 1.229
-122.910 49.200 1.199
130.992 30.735 1.202
-1.440 55.007 1.142
-60.250 46.217 1.360
166.437 -22.292 1.280
-175.167 -21.133 1.275
-140.082 -8.930 1.238
11.950 78.933 0.127
141.717 39.067 1.177
141.750 39.017 1.168
139.383 34.783 1.240
17.097 57.366 2.605
138.217 34.617 1.163
140.900 36.933 1.135
135.433 34.650 1.118
16.478 57.275 2.668
10.734 59.909 2.146
18.497 40.147 1.176
25.418 65.040 0.764
130.217 32.983 1.156
136.217 34.067 1.142
-170.683 -14.283 1.476
-81.167 -5.083 1.206
15.275 40.032 1.146
-149.567 -17.525 1.111
-123.451 48.654 1.236
100.347 5.422 1.223
-158.053 -8.977 1.112
-87.213 30.403 1.031
-75.142 39.933 1.190
22.690 63.709 0.751
158.243 6.987 1.256
-123.253 49.337 1.216
-25.672 37.735 1.359
-123.440 48.125 1.265
-59.133 47.567 1.523
-1.062 45.569 1.230
-80.593 28.415 1.167
25.630 -33.960 1.152
118.575 -20.318 1.215
150.912 -34.473 1.225
57.495 -20.155 1.317
16.867 -29.250 1.180
138.467 -35.108 1.226
-3.446 47.644 1.100
3.107 42.520 1.169
168.300 -17.767 1.483
-6.190 55.627 1.460
-4.768 54.085 1.356
-127.489 50.722 1.235
-97.215 26.060 0.888
-70.247 43.657 1.505
141.600 -38.333 1.173
-5.120 54.843 1.209
-6.657 55.207 1.416
-120.760 35.177 1.221
-1.112 50.803 1.186
-130.324 54.317 1.642
-71.401 41.807 1.190
-148.527 70.400 1.307
55.528 -4.672 1.206
-82.860 8.273 1.206
-87.950 15.833 1.256
-15.417 28.133 1.156
-72.967 -41.483 1.183
-67.617 -54.933 1.129
-132.072 53.252 1.331
24.407 64.666 0.753
-159.775 -21.207 1.128
20.895 63.986 0.829
21.426 61.133 0.752
-75.573 39.558 1.169
55.285 -20.935 1.480
-21.940 64.151 303.025
-134.953 -23.125 1.388
12.113 57.250 1.472
-97.047 28.022 0.969
63.418 -19.668 1.154
11.230 64.859 2.047
-3.966 48.718 1.102
150.790 -23.162 1.231
-17.750 28.683 1.243
-93.870 29.730 0.499
133.333 36.200 1.308
-2.246 47.140 1.111
-1.682 43.395 1.169
-2.028 48.641 1.218
-2.202 47.267 1.121
-66.063 45.251 1.517
145.742 15.227 1.085
133.250 35.550 1.089
17.950 -33.017 1.220
-95.203 16.160 1.172
-117.173 32.713 1.355
-80.108 -26.292 1.249
-122.465 37.807 1.163
-90.833 13.917 1.274
-66.117 18.460 1.108
-75.200 -15.367 1.209
-160.502 55.337 1.258
118.067 5.810 1.230
-74.009 40.467 1.135
-90.313 -0.755 1.303
-118.500 34.008 1.301
-122.339 47.603 1.200
104.115 1.932 1.168
-151.720 59.441 1.265
-149.427 60.120 1.291
-76.330 36.947 1.100
115.350 22.750 1.216
0.743 51.442 1.197
119.550 35.383 1.282
138.517 35.017 1.163
130.933 33.933 1.207
135.383 33.683 1.151
18.433 -34.183 1.167
14.358 55.557 1.679
-135.342 57.052 1.143
19.012 63.191 0.898
-135.327 59.450 1.503
12.829 55.417 1.451
11.218 58.354 2.298
-76.452 38.317 1.129
-124.043 44.625 1.127
17.531 62.363 0.825
147.933 -42.550 1.227
-78.918 33.655 1.176
-82.627 27.760 1.075
-52.717 47.567 1.199
-57.821 -51.692 1.173
11.832 58.093 1.534
-123.181 49.125 1.290
-2.117 49.183 1.249
18.082 59.325 -0.354
-6.389 58.207 1.513
134.900 34.350 1.131
178.427 -18.132 1.282
39.600 -69.000 1.280
134.050 34.350 1.120
-81.282 -4.582 1.206
103.853 1.262 1.169
135.183 34.333 1.145
174.033 -39.050 1.152
172.930 1.363 1.337
-5.600 36.000 1.084
176.183 -37.650 1.213
117.883 4.233 1.382
-16.240 28.480 1.276
133.640 -32.150 1.250
104.140 2.807 1.197
136.850 34.467 1.116
-6.064 56.623 1.387
-125.913 49.154 1.175
139.767 35.650 1.155
-109.048 25.600 1.287
132.967 32.783 1.125
5.913 43.117 1.098
146.833 -19.250 1.152
137.217 36.767 1.189
7.567 58.000 1.345
13.750 45.650 1.142
151.850 7.450 1.193
-78.730 1.817 1.172
22.101 60.428 0.162
138.883 35.017 1.193
-5.158 57.895 1.422
-166.537 53.880 1.320
133.950 34.483 1.111
135.900 33.567 1.138
132.550 33.233 1.190
21.571 63.081 0.825
-146.362 61.125 1.428
-0.330 39.460 1.105
-71.633 -33.033 1.215
-123.110 49.287 1.209
12.217 57.100 1.759
31.100 70.333 1.895
12.426 45.419 1.208
-123.370 48.422 1.175
12.579 56.142 1.343
-8.770 42.601 1.247
18.284 57.639 3.010
135.150 34.217 1.144
166.617 19.283 1.102
141.683 45.400 1.207
14.500 -22.950 1.252
-77.022 38.873 1.074
174.783 -41.283 1.211
-2.448 50.608 1.176
-0.614 54.490 1.150
-3.086 58.441 1.457
-123.965 46.708 1.151
-73.782 40.793 1.179
-77.953 34.227 1.115
18.419 54.797 1.462
-62.700 45.683 1.388
-70.672 41.523 1.183
-3.568 54.651 1.251
128.102 -15.453 1.249
118.067 24.450 1.152
-139.733 59.548 1.539
138.128 9.508 1.118
-66.117 43.833 1.361
139.633 35.467 1.181
13.817 55.417 1.606
39.190 -6.155 1.265
111.833 21.583 1.171
