144.283 44.017 0.422
-2.075 57.143 0.000
131.417 31.583 0.000
-89.833 13.583 0.000
-99.912 16.840 133.352
-176.632 51.863 0.168
-122.298 37.772 0.000
-126.931 50.587 0.000
-5.433 36.117 1.679
-149.890 61.238 0.000
-76.482 38.983 15.849
-70.400 -23.650 0.000
-53.983 47.300 0.000
-13.530 28.972 0.000
-123.767 46.208 0.000
-74.418 39.355 0.158
-2.715 51.511 0.000
141.500 38.300 1.995
-79.573 8.962 0.000
-76.578 39.267 7.943
-90.285 -0.437 0.000
-125.136 48.836 0.000
2.163 41.342 1000.000
-68.205 44.392 0.000
12.903 55.756 0.794
-1.515 43.527 0.000
109.083 21.483 0.000
-128.143 52.163 0.000
-64.700 32.400 5.957
-3.050 43.357 0.000
-6.340 36.800 0.000
141.917 -10.600 0.000
-71.052 42.355 0.000
1.578 50.727 0.000
-4.500 48.383 0.000
-73.182 41.173 0.000
153.167 -27.367 0.000
122.217 -18.000 0.000
-77.100 3.900 0.000
-58.500 -34.667 0.000
152.380 -24.767 0.000
145.915 -41.050 0.000
-109.908 22.880 0.251
-6.283 36.533 0.000
1.868 50.969 0.000
-77.150 -12.050 26.607
-76.068 38.573 22.387
-125.247 50.042 0.000
-47.925 -25.017 0.000
147.058 -19.277 0.000
18.433 -33.900 0.188
-74.960 38.968 0.000
113.652 -24.898 0.531
-75.533 10.383 1000.000
-9.417 38.692 0.000
15.094 37.498 100.000
103.187 5.265 0.000
-5.317 35.900 7.943
91.050 22.217 0.000
-124.322 43.345 0.000
-79.925 32.782 0.000
-64.920 18.335 707.946
-63.117 46.233 0.000
-1.635 49.651 0.000
-76.113 36.967 1.122
142.200 27.100 25.119
140.867 35.750 2.512
-157.472 1.982 944.061
-94.200 58.783 0.000
96.883 -12.117 28.184
-1.890 47.277 0.000
-145.753 60.558 0.000
-97.217 27.580 5.623
91.833 21.450 0.000
-124.183 41.745 0.000
-79.915 9.355 1000.000
1.302 52.934 0.000
8.717 53.867 0.000
130.850 -12.467 0.000
20.385 60.032 0.100
6.933 53.326 0.000
4.746 52.965 0.000
-4.185 50.368 0.000
1.085 49.929 0.000
-2.088 47.306 0.000
108.617 19.100 0.000
1.318 51.117 0.000
-75.740 36.183 0.631
2.367 51.048 0.000
31.050 -29.867 0.000
27.917 -33.017 0.126
-109.448 -27.150 5.012
-66.985 44.903 0.000
162.387 11.430 1000.000
-116.633 31.850 0.000
8.433 55.467 0.000
-79.647 0.992 0.000
121.900 -33.867 1.334
-64.267 -65.250 0.000
1.348 51.957 0.000
-81.467 30.672 0.000
-4.983 52.014 0.000
18.211 60.409 0.000
151.233 -33.850 0.112
-80.902 32.033 0.000
-95.308 28.948 4.467
115.717 -32.050 5.012
-166.288 23.868 1000.000
139.933 40.650 1000.000
128.850 32.700 0.000
-123.451 48.769 0.000
179.195 -8.525 0.000
-16.907 32.640 0.000
21.231 64.916 0.000
-94.793 29.310 5.309
73.152 -0.687 1000.000
11.933 54.567 0.473
102.107 6.227 0.150
-5.350 36.117 21.135
-3.018 53.450 0.000
11.791 57.685 0.200
-89.957 29.263 5.957
144.650 13.433 1000.000
-110.900 27.933 39.811
141.533 40.533 7.943
110.283 20.017 0.000
140.717 41.783 112.202
-63.583 44.667 0.000
132.067 34.900 14.962
27.179 60.563 0.000
145.567 43.283 1.189
22.977 59.823 0.133
1.284 51.947 0.000
9.101 63.425 0.000
24.956 60.154 0.133
-2.920 54.032 0.000
115.738 -31.825 3.981
-155.067 19.733 891.251
-3.134 51.215 0.000
89.467 21.783 0.000
147.330 -42.887 0.944
4.120 51.977 0.000
-4.631 53.308 0.000
114.217 22.300 0.000
159.957 -9.425 1000.000
25.973 70.980 0.000
-157.867 21.307 1000.000
12.467 56.100 0.251
131.683 32.417 0.119
-124.217 40.767 0.000
-4.111 51.211 0.000
-43.165 -22.897 0.299
-0.186 53.631 0.000
124.167 24.333 0.200
-169.530 16.738 59.566
103.792 1.462 0.000
-78.833 -33.622 0.119
-134.412 58.298 0.000
130.567 31.583 0.000
-156.467 20.900 1000.000
23.096 65.697 0.000
121.282 28.088 0.000
-171.718 -2.810 158.489
120.288 22.615 6.310
154.777 1.098 37.584
21.215 62.344 0.000
139.750 35.517 0.251
121.745 25.157 3.548
101.358 3.050 0.000
102.153 2.215 0.000
24.515 65.673 0.000
70.220 -49.345 0.335
-131.625 55.333 0.000
-81.808 24.553 1000.000
-5.050 58.457 0.000
12.894 55.522 0.750
23.033 -34.050 0.000
99.817 11.795 0.000
98.425 7.832 0.000
135.183 34.683 0.447
133.567 33.500 0.000
-152.512 57.732 0.000
134.583 34.017 0.158
116.067 5.983 0.000
103.430 3.975 0.000
130.200 32.600 0.000
103.443 1.325 0.000
15.589 56.105 0.944
11.127 58.997 0.000
135.767 33.483 0.158
144.367 42.983 1.884
167.733 8.733 0.355
-8.400 43.367 0.000
-117.257 32.867 0.000
-80.917 -2.200 0.000
-110.345 24.162 3.981
-1.221 46.158 0.000
-87.817 13.333 0.000
17.865 58.742 0.376
99.765 6.432 0.000
177.433 -17.600 0.000
-4.781 48.359 0.000
0.106 49.482 0.000
-1.765 47.205 0.000
123.750 13.150 0.150
-3.182 55.990 0.000
-1.140 60.155 0.000
-1.794 46.497 0.000
-75.120 38.782 0.141
119.417 34.750 0.000
-64.753 17.697 199.526
10.299 43.546 1000.000
-3.825 53.332 0.000
-80.717 -6.933 0.473
159.067 -31.517 0.000
-118.272 33.720 0.000
-64.883 47.083 0.158
1.751 52.473 0.000
15.150 -26.650 0.531
100.613 4.240 0.000
121.617 32.133 0.000
5.113 61.934 0.000
-67.047 17.972 1000.000
137.617 34.683 1.496
135.383 35.467 1000.000
171.373 7.107 0.126
130.300 31.267 0.000
-4.417 36.717 1000.000
134.463 7.330 0.299
73.527 4.190 1000.000
-7.333 55.367 0.000
120.967 14.583 0.141
21.463 61.594 0.000
174.500 -35.833 0.000
16.837 58.554 0.447
173.200 52.833 0.473
-72.117 -17.000 0.473
132.717 33.867 0.000
-81.432 30.395 0.112
-106.422 23.198 0.200
139.817 34.917 1.679
15.563 38.196 1000.000
-177.367 28.217 100.000
-5.014 51.702 0.000
-4.906 55.750 0.000
50.600 26.233 0.000
130.450 32.617 0.000
139.482 34.067 0.355
141.983 39.650 15.849
-157.800 21.433 1000.000
7.421 43.729 1000.000
-71.960 41.048 2.113
-121.888 36.605 0.000
22.133 -34.183 0.000
134.167 33.267 0.000
129.867 32.733 0.000
136.883 35.083 0.000
127.667 26.200 0.000
129.842 29.842 0.000
-1.634 47.194 0.000
-70.097 41.285 0.944
176.917 -39.483 0.000
14.269 40.841 1000.000
166.905 -0.528 0.000
-159.350 21.967 1000.000
129.495 28.382 0.000
-124.617 48.368 0.000
-72.087 41.355 1.259
-74.015 40.700 0.000
0.057 50.782 0.000
-5.542 50.102 0.000
-71.327 41.505 0.211
-122.910 49.200 0.000
130.992 30.735 0.000
-1.440 55.007 0.000
-60.250 46.217 1.059
166.437 -22.292 118.850
-175.167 -21.133 7.499
-140.082 -8.930 8.414
11.950 78.933 0.000
141.717 39.067 3.758
141.750 39.017 2.512
139.383 34.783 5.623
17.097 57.366 0.501
138.217 34.617 0.335
140.900 36.933 2.818
135.433 34.650 0.335
16.478 57.275 0.596
10.734 59.909 0.000
25.418 65.040 0.000
130.217 32.983 0.000
136.217 34.067 0.282
-170.683 -14.283 1000.000
-81.167 -5.083 0.000
-149.567 -17.525 334.965
-123.451 48.654 0.000
100.347 5.422 0.000
-158.053 -8.977 530.884
-87.213 30.403 10.593
-75.142 39.933 0.000
22.690 63.709 0.000
158.243 6.987 23.714
-123.253 49.337 0.000
-25.672 37.735 0.668
-123.440 48.125 0.000
-59.133 47.567 0.316
-1.062 45.569 0.000
25.630 -33.960 0.106
118.575 -20.318 0.000
150.912 -34.473 0.141
57.495 -20.155 1000.000
16.867 -29.250 0.106
-3.446 47.644 0.000
3.107 42.520 1000.000
-127.489 50.722 0.000
-97.215 26.060 14.962
-70.247 43.657 0.000
141.600 -38.333 1.995
-5.120 54.843 0.000
-120.760 35.177 0.000
-1.112 50.803 0.000
-130.324 54.317 0.000
-71.401 41.807 0.000
-87.950 15.833 1000.000
-15.417 28.133 0.000
-72.967 -41.483 0.000
-67.617 -54.933 0.000
-132.072 53.252 0.000
24.407 64.666 0.000
-159.775 -21.207 21.135
20.895 63.986 0.000
21.426 61.133 0.000
-75.573 39.558 0.000
-21.940 64.151 0.000
-134.953 -23.125 1000.000
12.113 57.250 0.282
-97.047 28.022 28.184
63.418 -19.668 1.995
11.230 64.859 0.000
-3.966 48.718 0.000
150.790 -23.162 0.000
-17.750 28.683 0.000
-93.870 29.730 5.309
133.333 36.200 1000.000
-2.246 47.140 0.000
-1.682 43.395 0.000
-2.028 48.641 0.000
-2.202 47.267 0.000
-66.063 45.251 0.000
145.742 15.227 31.623
133.250 35.550 53.088
17.950 -33.017 0.168
-95.203 16.160 0.224
-117.173 32.713 0.000
-80.108 -26.292 2.512
-122.465 37.807 0.000
-90.833 13.917 0.000
-66.117 18.460 891.251
-160.502 55.337 0.000
-74.009 40.467 0.000
-90.313 -0.755 0.000
-118.500 34.008 0.000
-122.339 47.603 0.000
104.115 1.932 0.000
-151.720 59.441 0.000
-149.427 60.120 0.000
-76.330 36.947 1.334
115.350 22.750 0.000
0.743 51.442 0.000
119.550 35.383 0.000
138.517 35.017 0.531
135.383 33.683 0.126
18.433 -34.183 0.168
14.358 55.557 0.944
-135.342 57.052 0.000
19.012 63.191 0.000
-135.327 59.450 0.000
12.829 55.417 0.668
11.218 58.354 0.112
-76.452 38.317 70.795
-124.043 44.625 0.000
17.531 62.363 0.000
147.933 -42.550 5.957
-78.918 33.655 0.000
-82.627 27.760 6.683
-52.717 47.567 0.668
11.832 58.093 0.119
-123.181 49.125 0.000
-2.117 49.183 0.000
18.082 59.325 0.200
-6.389 58.207 0.000
134.900 34.350 0.531
178.427 -18.132 0.596
39.600 -69.000 0.000
134.050 34.350 0.000
-81.282 -4.582 0.000
103.853 1.262 0.000
135.183 34.333 0.447
174.033 -39.050 0.000
-5.600 36.000 0.150
176.183 -37.650 0.000
117.883 4.233 0.000
-16.240 28.480 0.000
133.640 -32.150 0.000
104.140 2.807 0.000
136.850 34.467 0.000
-6.064 56.623 0.000
-125.913 49.154 0.000
139.767 35.650 0.119
132.967 32.783 0.000
5.913 43.117 266.073
146.833 -19.250 0.000
137.217 36.767 1000.000
7.567 58.000 2.239
13.750 45.650 0.112
151.850 7.450 1000.000
-78.730 1.817 0.000
22.101 60.428 0.000
138.883 35.017 0.316
-5.158 57.895 0.000
-166.537 53.880 0.266
133.950 34.483 0.000
135.900 33.567 0.211
132.550 33.233 0.000
21.571 63.081 0.000
-146.362 61.125 0.000
-0.330 39.460 1000.000
-71.633 -33.033 0.000
-123.110 49.287 0.000
12.217 57.100 0.237
31.100 70.333 0.000
12.426 45.419 0.150
-123.370 48.422 0.000
12.579 56.142 0.299
18.284 57.639 2.818
135.150 34.217 0.133
166.617 19.283 18.836
141.683 45.400 473.151
14.500 -22.950 0.891
-77.022 38.873 1.496
174.783 -41.283 0.668
-2.448 50.608 0.000
-0.614 54.490 0.000
-3.086 58.441 0.000
-123.965 46.708 0.000
-73.782 40.793 0.000
-77.953 34.227 0.891
18.419 54.797 0.473
-62.700 45.683 0.150
-70.672 41.523 1.995
-3.568 54.651 0.000
128.102 -15.453 0.000
118.067 24.450 0.000
-139.733 59.548 0.000
138.128 9.508 7.499
-66.117 43.833 0.000
139.633 35.467 0.299
13.817 55.417 0.596
39.190 -6.155 0.000
111.833 21.583 0.000
