144.283 44.017 1.073
-2.075 57.143 1.143
131.417 31.583 1.091
-89.833 13.583 1.161
-99.912 16.840 1.096
-176.632 51.863 1.153
-122.298 37.772 1.100
-126.931 50.587 1.047
29.917 31.217 1.087
-5.433 36.117 1.021
-149.890 61.238 1.168
13.506 43.625 1.066
-76.482 38.983 1.064
-70.400 -23.650 1.142
-84.982 29.727 0.609
-171.750 -13.817 1.206
-53.983 47.300 1.095
-13.530 28.972 1.153
-123.767 46.208 1.071
-74.418 39.355 1.104
-2.715 51.511 1.056
141.500 38.300 1.092
-79.573 8.962 1.088
-76.578 39.267 1.055
-90.285 -0.437 1.119
-125.136 48.836 1.090
2.163 41.342 1.105
-68.205 44.392 1.224
16.912 41.137 1.125
12.903 55.756 1.132
-59.633 -62.483 3.731
-1.515 43.527 1.073
109.083 21.483 1.095
-128.143 52.163 1.084
-64.700 32.400 1.199
-3.050 43.357 1.115
168.350 -46.600 1.154
-6.340 36.800 1.051
141.917 -10.600 1.100
-71.052 42.355 1.172
1.578 50.727 1.140
-4.500 48.383 1.084
-73.182 41.173 1.064
153.167 -27.367 1.167
122.217 -18.000 1.135
-77.100 3.900 1.141
-58.500 -34.667 1.064
152.380 -24.767 1.167
145.915 -41.050 1.148
-109.908 22.880 1.154
-6.283 36.533 1.073
9.114 39.210 1.065
1.868 50.969 1.058
-77.150 -12.050 1.178
-76.068 38.573 1.081
-125.247 50.042 1.082
-47.925 -25.017 1.073
147.058 -19.277 1.078
18.433 -33.900 1.159
-74.960 38.968 1.070
113.652 -24.898 1.107
-75.533 10.383 1.133
-9.417 38.692 1.066
15.094 37.498 1.031
-83.032 29.135 1.070
103.187 5.265 1.113
-5.317 35.900 1.058
91.050 22.217 1.090
-124.322 43.345 1.092
-79.925 32.782 1.085
-64.920 18.335 1.071
-63.117 46.233 1.192
-1.635 49.651 1.092
-76.113 36.967 1.077
142.200 27.100 1.140
140.867 35.750 1.108
-157.472 1.982 1.134
-94.200 58.783 -2.707
96.883 -12.117 1.173
-1.890 47.277 1.096
-145.753 60.558 1.134
-97.217 27.580 0.983
91.833 21.450 1.072
-124.183 41.745 1.083
-79.915 9.355 1.121
1.302 52.934 1.089
8.717 53.867 1.059
130.850 -12.467 1.152
20.385 60.032 1.279
6.933 53.326 1.076
4.746 52.965 1.061
-4.185 50.368 1.099
1.085 49.929 1.222
-2.088 47.306 1.074
108.617 19.100 1.163
1.318 51.117 1.096
-75.740 36.183 1.100
2.367 51.048 1.083
31.050 -29.867 1.098
27.917 -33.017 1.148
-109.448 -27.150 1.075
-66.985 44.903 1.209
162.387 11.430 1.219
-116.633 31.850 1.180
8.433 55.467 1.068
-79.647 0.992 1.099
121.900 -33.867 1.092
-64.267 -65.250 0.277
1.348 51.957 1.100
-81.467 30.672 1.083
-4.983 52.014 1.110
18.211 60.409 1.161
151.233 -33.850 1.127
-80.902 32.033 1.093
-95.308 28.948 1.026
115.717 -32.050 1.092
-166.288 23.868 1.156
-123.010 48.547 1.102
139.933 40.650 1.135
128.850 32.700 1.207
-123.451 48.769 1.106
179.195 -8.525 1.162
-16.907 32.640 1.192
21.231 64.916 1.445
-94.793 29.310 1.005
73.152 -0.687 1.210
11.933 54.567 1.092
102.107 6.227 1.081
-5.350 36.117 1.087
-5.698 43.558 1.117
-3.018 53.450 1.041
11.791 57.685 1.123
-89.957 29.263 0.883
136.417 -13.860 1.071
144.650 13.433 1.166
-110.900 27.933 1.139
141.533 40.533 1.216
110.283 20.017 1.064
140.717 41.783 1.130
-63.583 44.667 1.123
132.067 34.900 1.054
27.179 60.563 1.168
145.567 43.283 1.221
22.977 59.823 1.221
1.284 51.947 1.141
9.101 63.425 1.087
24.956 60.154 1.189
-2.920 54.032 1.025
115.738 -31.825 1.089
-155.067 19.733 1.140
-3.134 51.215 1.101
89.467 21.783 1.087
147.330 -42.887 1.132
4.120 51.977 1.057
-4.631 53.308 1.101
114.217 22.300 1.071
159.957 -9.425 1.213
25.973 70.980 1.195
-157.867 21.307 1.180
12.467 56.100 1.155
131.683 32.417 1.097
-6.834 37.132 1.076
-124.217 40.767 1.104
-4.111 51.211 1.104
-43.165 -22.897 1.108
-0.186 53.631 1.079
124.167 24.333 1.095
-169.530 16.738 1.097
103.792 1.462 1.113
-78.833 -33.622 1.270
-134.412 58.298 1.106
130.567 31.583 1.090
-156.467 20.900 1.169
23.096 65.697 1.469
121.282 28.088 1.077
-171.718 -2.810 1.139
120.288 22.615 1.125
154.777 1.098 1.134
21.215 62.344 1.186
139.750 35.517 1.192
121.745 25.157 1.079
101.358 3.050 1.130
102.153 2.215 1.150
24.515 65.673 1.367
70.220 -49.345 1.257
-131.625 55.333 1.133
-81.808 24.553 1.113
-5.050 58.457 1.116
-75.988 37.165 1.066
12.894 55.522 1.188
23.033 -34.050 1.092
99.817 11.795 1.117
98.425 7.832 1.195
135.183 34.683 1.048
133.567 33.500 1.045
-152.512 57.732 1.113
134.583 34.017 1.076
116.067 5.983 1.115
103.430 3.975 1.119
130.200 32.600 1.166
103.443 1.325 1.153
15.589 56.105 1.201
11.127 58.997 1.136
135.767 33.483 1.096
144.367 42.983 1.067
167.733 8.733 1.193
-8.400 43.367 1.137
-117.257 32.867 1.182
-80.917 -2.200 1.170
-110.345 24.162 1.177
-1.221 46.158 1.052
-87.817 13.333 1.185
17.865 58.742 1.231
99.765 6.432 1.182
177.433 -17.600 1.129
-4.781 48.359 1.115
0.106 49.482 1.057
-1.765 47.205 1.047
123.750 13.150 1.185
-3.182 55.990 1.132
-1.140 60.155 1.141
-1.794 46.497 1.069
-75.120 38.782 1.050
119.417 34.750 1.142
-64.753 17.697 1.045
10.299 43.546 1.102
-3.825 53.332 1.044
-80.717 -6.933 1.114
159.067 -31.517 1.116
-118.272 33.720 1.168
-64.883 47.083 1.307
1.751 52.473 1.058
15.150 -26.650 1.223
100.613 4.240 1.142
121.617 32.133 1.089
172.717 -43.600 1.164
5.113 61.934 1.131
-67.047 17.972 1.104
137.617 34.683 1.013
135.383 35.467 1.199
171.373 7.107 1.160
130.300 31.267 1.073
-4.417 36.717 1.104
134.463 7.330 1.194
73.527 4.190 1.196
-7.333 55.367 1.121
120.967 14.583 1.144
21.463 61.594 1.170
174.500 -35.833 1.097
16.837 58.554 1.272
173.200 52.833 1.248
-72.117 -17.000 1.212
132.717 33.867 1.151
-81.432 30.395 1.093
-106.422 23.198 1.126
139.817 34.917 1.127
15.563 38.196 1.108
-177.367 28.217 1.087
-5.014 51.702 1.094
-4.906 55.750 1.079
50.600 26.233 1.094
130.450 32.617 1.159
139.482 34.067 1.109
141.983 39.650 1.270
-157.800 21.433 1.184
7.421 43.729 1.103
-71.960 41.048 1.054
-121.888 36.605 1.123
22.133 -34.183 1.150
134.167 33.267 1.045
129.867 32.733 1.185
136.883 35.083 1.044
127.667 26.200 1.152
-61.683 56.550 2.007
129.842 29.842 1.127
-1.634 47.194 1.082
-70.097 41.285 1.104
176.917 -39.483 1.228
-81.808 26.132 1.053
14.269 40.841 1.118
166.905 -0.528 1.111
-159.350 21.967 1.127
129.495 28.382 1.146
-124.617 48.368 1.104
-72.087 41.355 1.044
-74.015 40.700 1.056
0.057 50.782 1.062
-5.542 50.102 1.100
-71.327 41.505 1.114
-2.987 51.550 1.123
-122.910 49.200 1.063
130.992 30.735 1.164
-1.440 55.007 1.072
-60.250 46.217 1.187
166.437 -22.292 1.170
-175.167 -21.133 1.155
-140.082 -8.930 1.163
11.950 78.933 2.884
141.717 39.067 1.107
141.750 39.017 1.107
139.383 34.783 1.185
17.097 57.366 1.241
138.217 34.617 1.086
140.900 36.933 1.085
135.433 34.650 1.040
16.478 57.275 1.236
10.734 59.909 1.105
18.497 40.147 1.063
25.418 65.040 1.462
130.217 32.983 1.118
136.217 34.067 1.064
-170.683 -14.283 1.220
-81.167 -5.083 1.126
15.275 40.032 1.106
-149.567 -17.525 1.074
-123.451 48.654 1.083
100.347 5.422 1.121
-158.053 -8.977 1.072
-87.213 30.403 1.014
-75.142 39.933 1.089
22.690 63.709 1.422
158.243 6.987 1.162
-123.253 49.337 1.107
-25.672 37.735 1.185
-123.440 48.125 1.074
-59.133 47.567 1.235
-1.062 45.569 1.105
-80.593 28.415 1.070
25.630 -33.960 1.142
118.575 -20.318 1.115
150.912 -34.473 1.144
57.495 -20.155 1.177
16.867 -29.250 1.177
138.467 -35.108 1.090
-3.446 47.644 1.057
3.107 42.520 1.110
168.300 -17.767 1.222
-6.190 55.627 1.149
-4.768 54.085 1.083
-127.489 50.722 1.045
-97.215 26.060 0.988
-70.247 43.657 1.220
141.600 -38.333 1.104
-5.120 54.843 1.081
-6.657 55.207 1.138
-120.760 35.177 1.129
-1.112 50.803 1.073
-130.324 54.317 1.072
-71.401 41.807 1.079
-148.527 70.400 1.155
55.528 -4.672 1.159
-82.860 8.273 1.107
-87.950 15.833 1.138
-15.417 28.133 1.141
-72.967 -41.483 1.156
-67.617 -54.933 1.142
-132.072 53.252 1.116
24.407 64.666 1.522
-159.775 -21.207 1.046
20.895 63.986 1.305
21.426 61.133 1.193
-75.573 39.558 1.130
55.285 -20.935 1.226
-21.940 64.151 1.495
-134.953 -23.125 1.218
12.113 57.250 1.114
-97.047 28.022 1.008
63.418 -19.668 1.076
11.230 64.859 1.109
-3.966 48.718 1.063
150.790 -23.162 1.154
-17.750 28.683 1.173
-93.870 29.730 0.905
133.333 36.200 1.223
-2.246 47.140 1.059
-1.682 43.395 1.090
-2.028 48.641 1.105
-2.202 47.267 1.067
-66.063 45.251 1.211
145.742 15.227 1.037
133.250 35.550 1.048
17.950 -33.017 1.192
-95.203 16.160 1.116
-117.173 32.713 1.179
-80.108 -26.292 1.196
-122.465 37.807 1.095
-90.833 13.917 1.160
-66.117 18.460 1.100
-75.200 -15.367 1.153
-160.502 55.337 1.128
118.067 5.810 1.135
-74.009 40.467 1.058
-90.313 -0.755 1.175
-118.500 34.008 1.139
-122.339 47.603 1.076
104.115 1.932 1.091
-151.720 59.441 1.123
-149.427 60.120 1.107
-76.330 36.947 1.056
115.350 22.750 1.104
0.743 51.442 1.097
119.550 35.383 1.169
138.517 35.017 1.100
130.933 33.933 1.137
135.383 33.683 1.111
18.433 -34.183 1.170
14.358 55.557 1.224
-135.342 57.052 1.066
19.012 63.191 1.139
-135.327 59.450 1.118
12.829 55.417 1.151
11.218 58.354 1.149
-76.452 38.317 1.084
-124.043 44.625 1.064
17.531 62.363 1.279
147.933 -42.550 1.169
-78.918 33.655 1.089
-82.627 27.760 1.031
-52.717 47.567 1.130
-57.821 -51.692 1.211
11.832 58.093 1.130
-123.181 49.125 1.095
-2.117 49.183 1.116
18.082 59.325 1.235
-6.389 58.207 1.187
134.900 34.350 1.091
178.427 -18.132 1.155
39.600 -69.000 1.307
134.050 34.350 1.065
-81.282 -4.582 1.123
103.853 1.262 1.099
135.183 34.333 1.089
174.033 -39.050 1.085
172.930 1.363 1.185
-5.600 36.000 1.050
176.183 -37.650 1.141
117.883 4.233 1.181
-16.240 28.480 1.193
133.640 -32.150 1.104
104.140 2.807 1.116
136.850 34.467 1.069
-6.064 56.623 1.124
-125.913 49.154 1.073
139.767 35.650 1.085
-109.048 25.600 1.140
132.967 32.783 1.058
5.913 43.117 1.057
146.833 -19.250 1.084
137.217 36.767 1.135
7.567 58.000 1.147
13.750 45.650 1.058
151.850 7.450 1.131
-78.730 1.817 1.108
22.101 60.428 1.188
138.883 35.017 1.127
-5.158 57.895 1.144
-166.537 53.880 1.176
133.950 34.483 1.050
135.900 33.567 1.062
132.550 33.233 1.148
21.571 63.081 1.289
-146.362 61.125 1.138
-0.330 39.460 1.070
-71.633 -33.033 1.175
-123.110 49.287 1.109
12.217 57.100 1.181
31.100 70.333 1.285
12.426 45.419 1.055
-123.370 48.422 1.067
12.579 56.142 1.117
-8.770 42.601 1.136
18.284 57.639 1.298
135.150 34.217 1.090
166.617 19.283 1.068
141.683 45.400 1.170
14.500 -22.950 1.209
-77.022 38.873 1.029
174.783 -41.283 1.159
-2.448 50.608 1.080
-0.614 54.490 1.067
-3.086 58.441 1.192
-123.965 46.708 1.061
-73.782 40.793 1.053
-77.953 34.227 1.061
18.419 54.797 1.152
-62.700 45.683 1.180
-70.672 41.523 1.075
-3.568 54.651 1.072
128.102 -15.453 1.142
118.067 24.450 1.092
-139.733 59.548 1.143
138.128 9.508 1.071
-66.117 43.833 1.186
139.633 35.467 1.110
13.817 55.417 1.210
39.190 -6.155 1.150
111.833 21.583 1.121
