144.283 44.017 1.043
-2.075 57.143 1.106
131.417 31.583 1.050
-89.833 13.583 1.104
-99.912 16.840 1.053
-176.632 51.863 1.085
-122.298 37.772 1.062
-126.931 50.587 1.033
29.917 31.217 1.036
-5.433 36.117 1.014
-149.890 61.238 1.100
13.506 43.625 1.069
-76.482 38.983 1.047
-70.400 -23.650 1.085
-84.982 29.727 0.527
-171.750 -13.817 1.134
-53.983 47.300 1.088
-13.530 28.972 1.092
-123.767 46.208 1.041
-74.418 39.355 1.074
-2.715 51.511 1.038
141.500 38.300 1.052
-79.573 8.962 1.058
-76.578 39.267 1.042
-90.285 -0.437 1.072
-125.136 48.836 1.056
2.163 41.342 1.051
-68.205 44.392 1.210
16.912 41.137 1.058
12.903 55.756 1.112
-59.633 -62.483 0.296
-1.515 43.527 1.042
109.083 21.483 1.060
-128.143 52.163 1.050
-64.700 32.400 1.113
-3.050 43.357 1.077
168.350 -46.600 1.105
-6.340 36.800 1.029
141.917 -10.600 1.066
-71.052 42.355 1.151
1.578 50.727 1.092
-4.500 48.383 1.055
-73.182 41.173 1.056
153.167 -27.367 1.112
122.217 -18.000 1.098
-77.100 3.900 1.083
-58.500 -34.667 1.050
152.380 -24.767 1.116
145.915 -41.050 1.096
-109.908 22.880 1.087
-6.283 36.533 1.037
9.114 39.210 1.037
1.868 50.969 1.049
-77.150 -12.050 1.108
-76.068 38.573 1.056
-125.247 50.042 1.050
-47.925 -25.017 1.037
147.058 -19.277 1.053
18.433 -33.900 1.083
-74.960 38.968 1.053
113.652 -24.898 1.079
-75.533 10.383 1.090
-9.417 38.692 1.041
15.094 37.498 1.019
-83.032 29.135 1.064
103.187 5.265 1.072
-5.317 35.900 1.033
91.050 22.217 1.077
-124.322 43.345 1.052
-79.925 32.782 1.060
-64.920 18.335 1.034
-63.117 46.233 1.188
-1.635 49.651 1.058
-76.113 36.967 1.055
142.200 27.100 1.070
140.867 35.750 1.054
-157.472 1.982 1.073
-94.200 58.783 -2.249
96.883 -12.117 1.109
-1.890 47.277 1.062
-145.753 60.558 1.085
-97.217 27.580 0.982
91.833 21.450 1.061
-124.183 41.745 1.049
-79.915 9.355 1.075
1.302 52.934 1.075
8.717 53.867 1.059
130.850 -12.467 1.104
20.385 60.032 1.185
6.933 53.326 1.077
4.746 52.965 1.054
-4.185 50.368 1.073
1.085 49.929 1.161
-2.088 47.306 1.055
108.617 19.100 1.114
1.318 51.117 1.065
-75.740 36.183 1.064
2.367 51.048 1.057
31.050 -29.867 1.052
27.917 -33.017 1.091
-109.448 -27.150 1.052
-66.985 44.903 1.187
162.387 11.430 1.134
-116.633 31.850 1.111
8.433 55.467 1.065
-79.647 0.992 1.057
121.900 -33.867 1.059
-64.267 -65.250 0.763
1.348 51.957 1.080
-81.467 30.672 1.072
-4.983 52.014 1.088
18.211 60.409 1.116
151.233 -33.850 1.101
-80.902 32.033 1.081
-95.308 28.948 1.020
115.717 -32.050 1.067
-166.288 23.868 1.085
-123.010 48.547 1.074
139.933 40.650 1.067
128.850 32.700 1.122
-123.451 48.769 1.063
179.195 -8.525 1.109
-16.907 32.640 1.112
21.231 64.916 1.426
-94.793 29.310 0.999
73.152 -0.687 1.135
11.933 54.567 1.073
102.107 6.227 1.043
-5.350 36.117 1.062
-5.698 43.558 1.074
-3.018 53.450 1.034
11.791 57.685 1.100
-89.957 29.263 0.889
136.417 -13.860 1.064
144.650 13.433 1.090
-110.900 27.933 1.073
141.533 40.533 1.113
110.283 20.017 1.059
140.717 41.783 1.068
-63.583 44.667 1.103
132.067 34.900 1.036
27.179 60.563 1.146
145.567 43.283 1.102
22.977 59.823 1.184
1.284 51.947 1.098
9.101 63.425 1.066
24.956 60.154 1.170
-2.920 54.032 1.023
115.738 -31.825 1.073
-155.067 19.733 1.074
-3.134 51.215 1.066
89.467 21.783 1.066
147.330 -42.887 1.061
4.120 51.977 1.054
-4.631 53.308 1.085
114.217 22.300 1.050
159.957 -9.425 1.146
25.973 70.980 1.120
-157.867 21.307 1.112
12.467 56.100 1.130
131.683 32.417 1.055
-6.834 37.132 1.043
-124.217 40.767 1.068
-4.111 51.211 1.074
-43.165 -22.897 1.052
-0.186 53.631 1.054
124.167 24.333 1.052
-169.530 16.738 1.049
103.792 1.462 1.062
-78.833 -33.622 1.210
-134.412 58.298 1.071
130.567 31.583 1.050
-156.467 20.900 1.104
23.096 65.697 1.684
121.282 28.088 1.072
-171.718 -2.810 1.082
120.288 22.615 1.073
154.777 1.098 1.085
21.215 62.344 1.165
139.750 35.517 1.103
121.745 25.157 1.050
101.358 3.050 1.079
102.153 2.215 1.103
24.515 65.673 1.525
70.220 -49.345 1.151
-131.625 55.333 1.078
-81.808 24.553 1.055
-5.050 58.457 1.102
-75.988 37.165 1.069
12.894 55.522 1.148
23.033 -34.050 1.055
99.817 11.795 1.063
98.425 7.832 1.135
135.183 34.683 1.033
133.567 33.500 1.034
-152.512 57.732 1.074
134.583 34.017 1.043
116.067 5.983 1.070
103.430 3.975 1.083
130.200 32.600 1.092
103.443 1.325 1.075
15.589 56.105 1.157
11.127 58.997 1.104
135.767 33.483 1.050
144.367 42.983 1.038
167.733 8.733 1.127
-8.400 43.367 1.080
-117.257 32.867 1.124
-80.917 -2.200 1.096
-110.345 24.162 1.112
-1.221 46.158 1.040
-87.817 13.333 1.118
17.865 58.742 1.198
99.765 6.432 1.122
177.433 -17.600 1.067
-4.781 48.359 1.081
0.106 49.482 1.042
-1.765 47.205 1.042
123.750 13.150 1.113
-3.182 55.990 1.104
-1.140 60.155 1.110
-1.794 46.497 1.047
-75.120 38.782 1.040
119.417 34.750 1.071
-64.753 17.697 1.023
10.299 43.546 1.039
-3.825 53.332 1.039
-80.717 -6.933 1.062
159.067 -31.517 1.066
-118.272 33.720 1.129
-64.883 47.083 1.306
1.751 52.473 1.053
15.150 -26.650 1.138
100.613 4.240 1.079
121.617 32.133 1.083
172.717 -43.600 1.112
5.113 61.934 1.099
-67.047 17.972 1.044
137.617 34.683 1.007
135.383 35.467 1.109
171.373 7.107 1.102
130.300 31.267 1.043
-4.417 36.717 1.041
134.463 7.330 1.131
73.527 4.190 1.117
-7.333 55.367 1.105
120.967 14.583 1.073
21.463 61.594 1.121
174.500 -35.833 1.063
16.837 58.554 1.242
173.200 52.833 1.146
-72.117 -17.000 1.138
132.717 33.867 1.072
-81.432 30.395 1.079
-106.422 23.198 1.074
139.817 34.917 1.063
15.563 38.196 1.051
-177.367 28.217 1.045
-5.014 51.702 1.070
-4.906 55.750 1.067
50.600 26.233 1.056
130.450 32.617 1.086
139.482 34.067 1.057
141.983 39.650 1.149
-157.800 21.433 1.113
7.421 43.729 1.041
-71.960 41.048 1.052
-121.888 36.605 1.077
22.133 -34.183 1.075
134.167 33.267 1.034
129.867 32.733 1.102
136.883 35.083 1.030
127.667 26.200 1.075
-61.683 56.550 2.005
129.842 29.842 1.068
-1.634 47.194 1.055
-70.097 41.285 1.094
176.917 -39.483 1.153
-81.808 26.132 1.050
14.269 40.841 1.050
166.905 -0.528 1.065
-159.350 21.967 1.065
129.495 28.382 1.071
-124.617 48.368 1.066
-72.087 41.355 1.040
-74.015 40.700 1.047
0.057 50.782 1.040
-5.542 50.102 1.066
-71.327 41.505 1.103
-2.987 51.550 1.089
-122.910 49.200 1.043
130.992 30.735 1.084
-1.440 55.007 1.058
-60.250 46.217 1.194
166.437 -22.292 1.111
-175.167 -21.133 1.092
-140.082 -8.930 1.099
11.950 78.933 1.571
141.717 39.067 1.060
141.750 39.017 1.057
139.383 34.783 1.093
17.097 57.366 1.212
138.217 34.617 1.047
140.900 36.933 1.041
135.433 34.650 1.030
16.478 57.275 1.205
10.734 59.909 1.093
18.497 40.147 1.040
25.418 65.040 1.692
130.217 32.983 1.065
136.217 34.067 1.038
-170.683 -14.283 1.159
-81.167 -5.083 1.071
15.275 40.032 1.043
-149.567 -17.525 1.037
-123.451 48.654 1.061
100.347 5.422 1.065
-158.053 -8.977 1.041
-87.213 30.403 1.009
-75.142 39.933 1.073
22.690 63.709 1.367
158.243 6.987 1.096
-123.253 49.337 1.063
-25.672 37.735 1.127
-123.440 48.125 1.058
-59.133 47.567 1.246
-1.062 45.569 1.079
-80.593 28.415 1.067
25.630 -33.960 1.076
118.575 -20.318 1.072
150.912 -34.473 1.123
57.495 -20.155 1.105
16.867 -29.250 1.101
138.467 -35.108 1.050
-3.446 47.644 1.035
3.107 42.520 1.054
168.300 -17.767 1.135
-6.190 55.627 1.126
-4.768 54.085 1.082
-127.489 50.722 1.030
-97.215 26.060 0.979
-70.247 43.657 1.213
141.600 -38.333 1.060
-5.120 54.843 1.066
-6.657 55.207 1.118
-120.760 35.177 1.074
-1.112 50.803 1.053
-130.324 54.317 1.054
-71.401 41.807 1.071
-148.527 70.400 1.103
55.528 -4.672 1.080
-82.860 8.273 1.070
-87.950 15.833 1.087
-15.417 28.133 1.070
-72.967 -41.483 1.086
-67.617 -54.933 1.179
-132.072 53.252 1.076
24.407 64.666 1.699
-159.775 -21.207 1.033
20.895 63.986 1.259
21.426 61.133 1.129
-75.573 39.558 1.097
55.285 -20.935 1.139
-21.940 64.151 1.291
-134.953 -23.125 1.147
12.113 57.250 1.090
-97.047 28.022 0.998
63.418 -19.668 1.045
11.230 64.859 1.092
-3.966 48.718 1.040
150.790 -23.162 1.099
-17.750 28.683 1.096
-93.870 29.730 0.896
133.333 36.200 1.125
-2.246 47.140 1.042
-1.682 43.395 1.053
-2.028 48.641 1.072
-2.202 47.267 1.045
-66.063 45.251 1.199
145.742 15.227 1.021
133.250 35.550 1.028
17.950 -33.017 1.108
-95.203 16.160 1.066
-117.173 32.713 1.121
-80.108 -26.292 1.125
-122.465 37.807 1.055
-90.833 13.917 1.097
-66.117 18.460 1.046
-75.200 -15.367 1.095
-160.502 55.337 1.080
118.067 5.810 1.091
-74.009 40.467 1.046
-90.313 -0.755 1.111
-118.500 34.008 1.106
-122.339 47.603 1.056
104.115 1.932 1.049
-151.720 59.441 1.077
-149.427 60.120 1.070
-76.330 36.947 1.039
115.350 22.750 1.067
0.743 51.442 1.069
119.550 35.383 1.085
138.517 35.017 1.051
130.933 33.933 1.067
135.383 33.683 1.055
18.433 -34.183 1.089
14.358 55.557 1.188
-135.342 57.052 1.037
19.012 63.191 1.129
-135.327 59.450 1.086
12.829 55.417 1.130
11.218 58.354 1.117
-76.452 38.317 1.061
-124.043 44.625 1.034
17.531 62.363 1.200
147.933 -42.550 1.080
-78.918 33.655 1.082
-82.627 27.760 1.023
-52.717 47.567 1.120
-57.821 -51.692 1.200
11.832 58.093 1.105
-123.181 49.125 1.067
-2.117 49.183 1.082
18.082 59.325 1.168
-6.389 58.207 1.152
134.900 34.350 1.046
178.427 -18.132 1.090
39.600 -69.000 1.117
134.050 34.350 1.038
-81.282 -4.582 1.071
103.853 1.262 1.053
135.183 34.333 1.045
174.033 -39.050 1.050
172.930 1.363 1.123
-5.600 36.000 1.032
176.183 -37.650 1.090
117.883 4.233 1.103
-16.240 28.480 1.111
133.640 -32.150 1.072
104.140 2.807 1.062
136.850 34.467 1.038
-6.064 56.623 1.104
-125.913 49.154 1.039
139.767 35.650 1.049
-109.048 25.600 1.079
132.967 32.783 1.034
5.913 43.117 1.026
146.833 -19.250 1.049
137.217 36.767 1.067
7.567 58.000 1.123
13.750 45.650 1.029
151.850 7.450 1.079
-78.730 1.817 1.058
22.101 60.428 1.134
138.883 35.017 1.066
-5.158 57.895 1.120
-166.537 53.880 1.107
133.950 34.483 1.029
135.900 33.567 1.037
132.550 33.233 1.077
21.571 63.081 1.277
-146.362 61.125 1.085
-0.330 39.460 1.031
-71.633 -33.033 1.105
-123.110 49.287 1.068
12.217 57.100 1.149
31.100 70.333 1.199
12.426 45.419 1.037
-123.370 48.422 1.047
12.579 56.142 1.101
-8.770 42.601 1.086
18.284 57.639 1.279
135.150 34.217 1.047
166.617 19.283 1.033
141.683 45.400 1.084
14.500 -22.950 1.130
-77.022 38.873 1.025
174.783 -41.283 1.095
-2.448 50.608 1.054
-0.614 54.490 1.057
-3.086 58.441 1.140
-123.965 46.708 1.041
-73.782 40.793 1.051
-77.953 34.227 1.050
18.419 54.797 1.115
-62.700 45.683 1.170
-70.672 41.523 1.073
-3.568 54.651 1.070
128.102 -15.453 1.080
118.067 24.450 1.054
-139.733 59.548 1.096
138.128 9.508 1.040
-66.117 43.833 1.176
139.633 35.467 1.058
13.817 55.417 1.172
39.190 -6.155 1.094
111.833 21.583 1.073
