144.283 44.017 1.158
-2.075 57.143 1.449
131.417 31.583 1.154
-89.833 13.583 1.369
-99.912 16.840 1.202
-176.632 51.863 1.317
-122.298 37.772 1.266
-126.931 50.587 1.244
29.917 31.217 1.135
-5.433 36.117 1.064
-149.890 61.238 1.574
13.506 43.625 1.259
-76.482 38.983 1.138
-70.400 -23.650 1.252
-84.982 29.727 -0.399
-171.750 -13.817 1.454
-53.983 47.300 1.319
-13.530 28.972 1.312
-123.767 46.208 1.159
-74.418 39.355 1.212
-2.715 51.511 1.149
141.500 38.300 1.192
-79.573 8.962 1.203
-76.578 39.267 1.128
-90.285 -0.437 1.237
-125.136 48.836 1.263
2.163 41.342 1.174
-68.205 44.392 2.131
16.912 41.137 1.222
12.903 55.756 1.480
-59.633 -62.483 1.648
-1.515 43.527 1.167
109.083 21.483 1.205
-128.143 52.163 1.723
-64.700 32.400 1.421
-3.050 43.357 1.301
168.350 -46.600 1.316
-6.340 36.800 1.112
141.917 -10.600 1.227
-71.052 42.355 1.625
1.578 50.727 1.336
-4.500 48.383 1.196
-73.182 41.173 1.170
153.167 -27.367 1.373
122.217 -18.000 1.347
-77.100 3.900 1.315
-58.500 -34.667 1.135
152.380 -24.767 1.385
145.915 -41.050 1.321
-109.908 22.880 1.320
-6.283 36.533 1.137
9.114 39.210 1.122
1.868 50.969 1.185
-77.150 -12.050 1.351
-76.068 38.573 1.170
-125.247 50.042 1.250
-47.925 -25.017 1.105
147.058 -19.277 1.186
18.433 -33.900 1.267
-74.960 38.968 1.164
113.652 -24.898 1.265
-75.533 10.383 1.316
-9.417 38.692 1.156
15.094 37.498 1.061
-83.032 29.135 1.223
103.187 5.265 1.256
-5.317 35.900 1.148
91.050 22.217 1.287
-124.322 43.345 1.190
-79.925 32.782 1.194
-64.920 18.335 1.116
-63.117 46.233 1.846
-1.635 49.651 1.232
-76.113 36.967 1.155
142.200 27.100 1.218
140.867 35.750 1.184
-157.472 1.982 1.239
-94.200 58.783 0.275
96.883 -12.117 1.390
-1.890 47.277 1.231
-145.753 60.558 1.541
-97.217 27.580 0.922
91.833 21.450 1.242
-124.183 41.745 1.191
-79.915 9.355 1.252
1.302 52.934 1.240
8.717 53.867 1.203
130.850 -12.467 1.357
20.385 60.032 0.681
6.933 53.326 1.249
4.746 52.965 1.196
-4.185 50.368 1.257
1.085 49.929 1.588
-2.088 47.306 1.194
108.617 19.100 1.369
1.318 51.117 1.224
-75.740 36.183 1.186
2.367 51.048 1.200
31.050 -29.867 1.182
27.917 -33.017 1.287
-109.448 -27.150 1.145
-66.985 44.903 1.943
162.387 11.430 1.488
-116.633 31.850 1.418
8.433 55.467 1.214
-79.647 0.992 1.206
121.900 -33.867 1.212
-64.267 -65.250 5.172
1.348 51.957 1.280
-81.467 30.672 1.219
-4.983 52.014 1.354
18.211 60.409 0.810
151.233 -33.850 1.330
-80.902 32.033 1.264
-95.308 28.948 1.069
115.717 -32.050 1.252
-166.288 23.868 1.307
-123.010 48.547 1.345
139.933 40.650 1.232
128.850 32.700 1.399
-123.451 48.769 1.286
179.195 -8.525 1.360
-16.907 32.640 1.383
21.231 64.916 0.856
-94.793 29.310 1.003
73.152 -0.687 1.414
11.933 54.567 1.283
102.107 6.227 1.159
-5.350 36.117 1.250
-5.698 43.558 1.287
-3.018 53.450 1.191
11.791 57.685 2.004
-89.957 29.263 0.610
136.417 -13.860 1.209
144.650 13.433 1.301
-110.900 27.933 1.302
141.533 40.533 1.412
110.283 20.017 1.192
140.717 41.783 1.251
-63.583 44.667 1.348
132.067 34.900 1.127
27.179 60.563 -2.600
145.567 43.283 1.354
22.977 59.823 -0.547
1.284 51.947 1.320
9.101 63.425 -2.860
24.956 60.154 -3.240
-2.920 54.032 1.120
115.738 -31.825 1.256
-155.067 19.733 1.279
-3.134 51.215 1.252
89.467 21.783 1.233
147.330 -42.887 1.185
4.120 51.977 1.184
-4.631 53.308 1.369
114.217 22.300 1.162
159.957 -9.425 1.493
25.973 70.980 2.355
-157.867 21.307 1.413
12.467 56.100 1.677
131.683 32.417 1.183
-6.834 37.132 1.163
-124.217 40.767 1.267
-4.111 51.211 1.279
-43.165 -22.897 1.147
-0.186 53.631 1.187
124.167 24.333 1.157
-169.530 16.738 1.171
103.792 1.462 1.214
-78.833 -33.622 1.496
-134.412 58.298 1.525
130.567 31.583 1.159
-156.467 20.900 1.360
23.096 65.697 0.800
121.282 28.088 1.268
-171.718 -2.810 1.256
120.288 22.615 1.237
154.777 1.098 1.295
21.215 62.344 0.914
139.750 35.517 1.364
121.745 25.157 1.150
101.358 3.050 1.304
102.153 2.215 1.371
24.515 65.673 0.836
70.220 -49.345 1.514
-131.625 55.333 1.499
-81.808 24.553 1.181
-5.050 58.457 1.617
-75.988 37.165 1.202
12.894 55.522 1.640
23.033 -34.050 1.171
99.817 11.795 1.233
98.425 7.832 1.448
135.183 34.683 1.121
133.567 33.500 1.120
-152.512 57.732 1.309
134.583 34.017 1.148
116.067 5.983 1.236
103.430 3.975 1.274
130.200 32.600 1.301
103.443 1.325 1.268
15.589 56.105 1.915
11.127 58.997 -4.222
135.767 33.483 1.176
144.367 42.983 1.144
167.733 8.733 1.421
-8.400 43.367 1.284
-117.257 32.867 1.562
-80.917 -2.200 1.348
-110.345 24.162 1.367
-1.221 46.158 1.141
-87.817 13.333 1.453
17.865 58.742 -0.904
99.765 6.432 1.417
177.433 -17.600 1.223
-4.781 48.359 1.293
0.106 49.482 1.168
-1.765 47.205 1.144
123.750 13.150 1.383
-3.182 55.990 1.521
-1.140 60.155 1.491
-1.794 46.497 1.177
-75.120 38.782 1.119
119.417 34.750 1.235
-64.753 17.697 1.075
10.299 43.546 1.156
-3.825 53.332 1.206
-80.717 -6.933 1.219
159.067 -31.517 1.207
-118.272 33.720 1.686
-64.883 47.083 2.186
1.751 52.473 1.184
15.150 -26.650 1.447
100.613 4.240 1.315
121.617 32.133 1.293
172.717 -43.600 1.313
5.113 61.934 1.696
-67.047 17.972 1.146
137.617 34.683 1.034
135.383 35.467 1.362
171.373 7.107 1.338
130.300 31.267 1.146
-4.417 36.717 1.165
134.463 7.330 1.447
73.527 4.190 1.393
-7.333 55.367 1.558
120.967 14.583 1.262
21.463 61.594 0.886
174.500 -35.833 1.188
16.837 58.554 -1.444
173.200 52.833 1.548
-72.117 -17.000 1.413
132.717 33.867 1.234
-81.432 30.395 1.266
-106.422 23.198 1.257
139.817 34.917 1.219
15.563 38.196 1.167
-177.367 28.217 1.154
-5.014 51.702 1.261
-4.906 55.750 1.414
50.600 26.233 1.223
130.450 32.617 1.291
139.482 34.067 1.200
141.983 39.650 1.493
-157.800 21.433 1.397
7.421 43.729 1.163
-71.960 41.048 1.166
-121.888 36.605 1.299
22.133 -34.183 1.238
134.167 33.267 1.110
129.867 32.733 1.332
136.883 35.083 1.108
127.667 26.200 1.223
-61.683 56.550 -2.586
129.842 29.842 1.210
-1.634 47.194 1.206
-70.097 41.285 1.323
176.917 -39.483 1.494
-81.808 26.132 1.171
14.269 40.841 1.182
166.905 -0.528 1.222
-159.350 21.967 1.230
129.495 28.382 1.229
-124.617 48.368 1.308
-72.087 41.355 1.131
-74.015 40.700 1.138
0.057 50.782 1.166
-5.542 50.102 1.245
-71.327 41.505 1.349
-2.987 51.550 1.339
-122.910 49.200 1.191
130.992 30.735 1.277
-1.440 55.007 1.224
-60.250 46.217 1.663
166.437 -22.292 1.360
-175.167 -21.133 1.301
-140.082 -8.930 1.323
11.950 78.933 -0.023
141.717 39.067 1.225
141.750 39.017 1.217
139.383 34.783 1.319
17.097 57.366 7.713
138.217 34.617 1.170
140.900 36.933 1.167
135.433 34.650 1.100
16.478 57.275 7.554
10.734 59.909 -3.783
18.497 40.147 1.143
25.418 65.040 0.790
130.217 32.983 1.222
136.217 34.067 1.135
-170.683 -14.283 1.474
-81.167 -5.083 1.244
15.275 40.032 1.158
-149.567 -17.525 1.125
-123.451 48.654 1.268
100.347 5.422 1.243
-158.053 -8.977 1.146
-87.213 30.403 1.034
-75.142 39.933 1.206
22.690 63.709 0.828
158.243 6.987 1.340
-123.253 49.337 1.294
-25.672 37.735 1.487
-123.440 48.125 1.257
-59.133 47.567 1.951
-1.062 45.569 1.290
-80.593 28.415 1.224
25.630 -33.960 1.234
118.575 -20.318 1.254
150.912 -34.473 1.402
57.495 -20.155 1.374
16.867 -29.250 1.335
138.467 -35.108 1.184
-3.446 47.644 1.135
3.107 42.520 1.197
168.300 -17.767 1.434
-6.190 55.627 1.674
-4.768 54.085 1.399
-127.489 50.722 1.222
-97.215 26.060 0.941
-70.247 43.657 1.904
141.600 -38.333 1.198
-5.120 54.843 1.295
-6.657 55.207 1.670
-120.760 35.177 1.307
-1.112 50.803 1.207
-130.324 54.317 2.006
-71.401 41.807 1.250
-148.527 70.400 1.395
55.528 -4.672 1.272
-82.860 8.273 1.275
-87.950 15.833 1.324
-15.417 28.133 1.239
-72.967 -41.483 1.193
-67.617 -54.933 1.134
-132.072 53.252 1.424
24.407 64.666 0.789
-159.775 -21.207 1.106
20.895 63.986 0.894
21.426 61.133 0.873
-75.573 39.558 1.280
55.285 -20.935 1.479
-21.940 64.151 -3.482
-134.953 -23.125 1.456
12.113 57.250 1.942
-97.047 28.022 0.991
63.418 -19.668 1.161
11.230 64.859 -1.296
-3.966 48.718 1.143
150.790 -23.162 1.324
-17.750 28.683 1.327
-93.870 29.730 0.683
133.333 36.200 1.399
-2.246 47.140 1.143
-1.682 43.395 1.209
-2.028 48.641 1.274
-2.202 47.267 1.164
-66.063 45.251 1.978
145.742 15.227 1.072
133.250 35.550 1.100
17.950 -33.017 1.343
-95.203 16.160 1.239
-117.173 32.713 1.541
-80.108 -26.292 1.348
-122.465 37.807 1.238
-90.833 13.917 1.335
-66.117 18.460 1.160
-75.200 -15.367 1.301
-160.502 55.337 1.335
118.067 5.810 1.312
-74.009 40.467 1.143
-90.313 -0.755 1.386
-118.500 34.008 1.538
-122.339 47.603 1.248
104.115 1.932 1.175
-151.720 59.441 1.386
-149.427 60.120 1.335
-76.330 36.947 1.113
115.350 22.750 1.221
0.743 51.442 1.236
119.550 35.383 1.279
138.517 35.017 1.189
130.933 33.933 1.235
135.383 33.683 1.195
18.433 -34.183 1.290
14.358 55.557 1.959
-135.342 57.052 1.169
19.012 63.191 0.939
-135.327 59.450 1.635
12.829 55.417 1.532
11.218 58.354 -4.869
-76.452 38.317 1.176
-124.043 44.625 1.137
17.531 62.363 0.885
147.933 -42.550 1.257
-78.918 33.655 1.267
-82.627 27.760 1.079
-52.717 47.567 1.382
-57.821 -51.692 1.280
11.832 58.093 2.051
-123.181 49.125 1.301
-2.117 49.183 1.300
18.082 59.325 0.329
-6.389 58.207 1.848
134.900 34.350 1.167
178.427 -18.132 1.287
39.600 -69.000 1.270
134.050 34.350 1.123
-81.282 -4.582 1.249
103.853 1.262 1.186
135.183 34.333 1.163
174.033 -39.050 1.168
172.930 1.363 1.415
-5.600 36.000 1.137
176.183 -37.650 1.288
117.883 4.233 1.357
-16.240 28.480 1.377
133.640 -32.150 1.255
104.140 2.807 1.219
136.850 34.467 1.129
-6.064 56.623 1.620
-125.913 49.154 1.213
139.767 35.650 1.168
-109.048 25.600 1.307
132.967 32.783 1.111
5.913 43.117 1.095
146.833 -19.250 1.171
137.217 36.767 1.233
7.567 58.000 1.642
13.750 45.650 1.121
151.850 7.450 1.273
-78.730 1.817 1.223
22.101 60.428 0.678
138.883 35.017 1.235
-5.158 57.895 1.719
-166.537 53.880 1.422
133.950 34.483 1.107
135.900 33.567 1.138
132.550 33.233 1.236
21.571 63.081 0.884
-146.362 61.125 1.539
-0.330 39.460 1.115
-71.633 -33.033 1.289
-123.110 49.287 1.301
12.217 57.100 2.510
31.100 70.333 3.615
12.426 45.419 1.148
-123.370 48.422 1.226
12.579 56.142 1.543
-8.770 42.601 1.322
18.284 57.639 8.463
135.150 34.217 1.163
166.617 19.283 1.117
141.683 45.400 1.289
14.500 -22.950 1.427
-77.022 38.873 1.070
174.783 -41.283 1.290
-2.448 50.608 1.200
-0.614 54.490 1.216
-3.086 58.441 1.723
-123.965 46.708 1.155
-73.782 40.793 1.153
-77.953 34.227 1.174
18.419 54.797 1.688
-62.700 45.683 1.645
-70.672 41.523 1.245
-3.568 54.651 1.337
128.102 -15.453 1.312
118.067 24.450 1.172
-139.733 59.548 1.679
138.128 9.508 1.124
-66.117 43.833 1.691
139.633 35.467 1.199
13.817 55.417 1.854
39.190 -6.155 1.315
111.833 21.583 1.229
