144.283 44.017 1.174
-2.075 57.143 1.323
131.417 31.583 1.187
-89.833 13.583 1.356
-99.912 16.840 1.239
-176.632 51.863 1.370
-122.298 37.772 1.261
-126.931 50.587 1.182
29.917 31.217 1.178
-5.433 36.117 1.048
-149.890 61.238 1.534
13.506 43.625 1.164
-76.482 38.983 1.133
-70.400 -23.650 1.282
-84.982 29.727 0.110
-171.750 -13.817 1.432
-53.983 47.300 1.224
-13.530 28.972 1.333
-123.767 46.208 1.182
-74.418 39.355 1.200
-2.715 51.511 1.131
141.500 38.300 1.202
-79.573 8.962 1.195
-76.578 39.267 1.115
-90.285 -0.437 1.257
-125.136 48.836 1.252
2.163 41.342 1.228
-68.205 44.392 1.563
16.912 41.137 1.284
12.903 55.756 1.275
-59.633 -62.483 1.636
-1.515 43.527 1.167
109.083 21.483 1.191
-128.143 52.163 1.396
-64.700 32.400 1.481
-3.050 43.357 1.258
168.350 -46.600 1.287
-6.340 36.800 1.111
141.917 -10.600 1.220
-71.052 42.355 1.407
1.578 50.727 1.288
-4.500 48.383 1.186
-73.182 41.173 1.131
153.167 -27.367 1.354
122.217 -18.000 1.300
-77.100 3.900 1.318
-58.500 -34.667 1.115
152.380 -24.767 1.353
145.915 -41.050 1.322
-109.908 22.880 1.367
-6.283 36.533 1.160
9.114 39.210 1.136
1.868 50.969 1.130
-77.150 -12.050 1.365
-76.068 38.573 1.164
-125.247 50.042 1.261
-47.925 -25.017 1.138
147.058 -19.277 1.166
18.433 -33.900 1.327
-74.960 38.968 1.147
113.652 -24.898 1.233
-75.533 10.383 1.297
-9.417 38.692 1.145
15.094 37.498 1.062
-83.032 29.135 1.152
103.187 5.265 1.241
-5.317 35.900 1.142
91.050 22.217 1.188
-124.322 43.345 1.228
-79.925 32.782 1.172
-64.920 18.335 1.164
-63.117 46.233 1.472
-1.635 49.651 1.214
-76.113 36.967 1.153
142.200 27.100 1.277
140.867 35.750 1.212
-157.472 1.982 1.275
-94.200 58.783 0.153
96.883 -12.117 1.382
-1.890 47.277 1.214
-145.753 60.558 1.456
-97.217 27.580 0.975
91.833 21.450 1.159
-124.183 41.745 1.213
-79.915 9.355 1.249
1.302 52.934 1.187
8.717 53.867 1.129
130.850 -12.467 1.323
20.385 60.032 19.449
6.933 53.326 1.167
4.746 52.965 1.133
-4.185 50.368 1.211
1.085 49.929 1.475
-2.088 47.306 1.171
108.617 19.100 1.333
1.318 51.117 1.196
-75.740 36.183 1.192
2.367 51.048 1.167
31.050 -29.867 1.211
27.917 -33.017 1.309
-109.448 -27.150 1.144
-66.985 44.903 1.516
162.387 11.430 1.467
-116.633 31.850 1.424
8.433 55.467 1.143
-79.647 0.992 1.225
121.900 -33.867 1.215
-64.267 -65.250 2.110
1.348 51.957 1.204
-81.467 30.672 1.179
-4.983 52.014 1.269
18.211 60.409 -7.300
151.233 -33.850 1.268
-80.902 32.033 1.212
-95.308 28.948 1.055
115.717 -32.050 1.212
-166.288 23.868 1.344
-123.010 48.547 1.288
139.933 40.650 1.293
128.850 32.700 1.415
-123.451 48.769 1.296
179.195 -8.525 1.359
-16.907 32.640 1.428
21.231 64.916 0.590
-94.793 29.310 1.009
73.152 -0.687 1.445
11.933 54.567 1.193
102.107 6.227 1.178
-5.350 36.117 1.229
-5.698 43.558 1.272
-3.018 53.450 1.102
11.791 57.685 1.350
-89.957 29.263 0.748
136.417 -13.860 1.151
144.650 13.433 1.369
-110.900 27.933 1.365
141.533 40.533 1.448
110.283 20.017 1.136
140.717 41.783 1.256
-63.583 44.667 1.270
132.067 34.900 1.119
27.179 60.563 1.511
145.567 43.283 1.474
22.977 59.823 1.809
1.284 51.947 1.273
9.101 63.425 1.310
24.956 60.154 1.617
-2.920 54.032 1.064
115.738 -31.825 1.208
-155.067 19.733 1.312
-3.134 51.215 1.229
89.467 21.783 1.185
147.330 -42.887 1.266
4.120 51.977 1.126
-4.631 53.308 1.245
114.217 22.300 1.148
159.957 -9.425 1.464
25.973 70.980 1.513
-157.867 21.307 1.430
12.467 56.100 1.347
131.683 32.417 1.202
-6.834 37.132 1.173
-124.217 40.767 1.251
-4.111 51.211 1.231
-43.165 -22.897 1.207
-0.186 53.631 1.178
124.167 24.333 1.187
-169.530 16.738 1.214
103.792 1.462 1.256
-78.833 -33.622 1.475
-134.412 58.298 1.382
130.567 31.583 1.189
-156.467 20.900 1.392
23.096 65.697 0.514
121.282 28.088 1.168
-171.718 -2.810 1.297
120.288 22.615 1.271
154.777 1.098 1.305
21.215 62.344 0.669
139.750 35.517 1.384
121.745 25.157 1.160
101.358 3.050 1.301
102.153 2.215 1.327
24.515 65.673 0.630
70.220 -49.345 1.508
-131.625 55.333 1.449
-81.808 24.553 1.245
-5.050 58.457 1.319
-75.988 37.165 1.136
12.894 55.522 1.400
23.033 -34.050 1.190
99.817 11.795 1.253
98.425 7.832 1.417
135.183 34.683 1.105
133.567 33.500 1.102
-152.512 57.732 1.295
134.583 34.017 1.167
116.067 5.983 1.245
103.430 3.975 1.252
130.200 32.600 1.354
103.443 1.325 1.356
15.589 56.105 1.483
11.127 58.997 1.462
135.767 33.483 1.218
144.367 42.983 1.156
167.733 8.733 1.396
-8.400 43.367 1.293
-117.257 32.867 1.488
-80.917 -2.200 1.369
-110.345 24.162 1.442
-1.221 46.158 1.121
-87.817 13.333 1.454
17.865 58.742 1.878
99.765 6.432 1.388
177.433 -17.600 1.265
-4.781 48.359 1.269
0.106 49.482 1.134
-1.765 47.205 1.107
123.750 13.150 1.397
-3.182 55.990 1.327
-1.140 60.155 1.360
-1.794 46.497 1.152
-75.120 38.782 1.101
119.417 34.750 1.286
-64.753 17.697 1.099
10.299 43.546 1.235
-3.825 53.332 1.115
-80.717 -6.933 1.232
159.067 -31.517 1.232
-118.272 33.720 1.463
-64.883 47.083 1.702
1.751 52.473 1.122
15.150 -26.650 1.438
100.613 4.240 1.320
121.617 32.133 1.186
172.717 -43.600 1.298
5.113 61.934 1.339
-67.047 17.972 1.233
137.617 34.683 1.022
135.383 35.467 1.403
171.373 7.107 1.351
130.300 31.267 1.146
-4.417 36.717 1.237
134.463 7.330 1.413
73.527 4.190 1.412
-7.333 55.367 1.332
120.967 14.583 1.314
21.463 61.594 0.160
174.500 -35.833 1.192
16.837 58.554 2.058
173.200 52.833 1.638
-72.117 -17.000 1.407
132.717 33.867 1.304
-81.432 30.395 1.201
-106.422 23.198 1.325
139.817 34.917 1.257
15.563 38.196 1.228
-177.367 28.217 1.186
-5.014 51.702 1.226
-4.906 55.750 1.210
50.600 26.233 1.195
130.450 32.617 1.327
139.482 34.067 1.234
141.983 39.650 1.537
-157.800 21.433 1.408
7.421 43.729 1.234
-71.960 41.048 1.115
-121.888 36.605 1.314
22.133 -34.183 1.299
134.167 33.267 1.098
129.867 32.733 1.379
136.883 35.083 1.098
127.667 26.200 1.283
-61.683 56.550 -124.428
129.842 29.842 1.240
-1.634 47.194 1.181
-70.097 41.285 1.235
176.917 -39.483 1.426
-81.808 26.132 1.122
14.269 40.841 1.250
166.905 -0.528 1.245
-159.350 21.967 1.292
129.495 28.382 1.277
-124.617 48.368 1.298
-72.087 41.355 1.093
-74.015 40.700 1.115
0.057 50.782 1.139
-5.542 50.102 1.228
-71.327 41.505 1.252
-2.987 51.550 1.276
-122.910 49.200 1.173
130.992 30.735 1.313
-1.440 55.007 1.162
-60.250 46.217 1.418
166.437 -22.292 1.356
-175.167 -21.133 1.298
-140.082 -8.930 1.356
11.950 78.933 -0.341
141.717 39.067 1.231
141.750 39.017 1.221
139.383 34.783 1.366
17.097 57.366 1.735
138.217 34.617 1.185
140.900 36.933 1.176
135.433 34.650 1.082
16.478 57.275 1.721
10.734 59.909 1.383
18.497 40.147 1.143
25.418 65.040 0.497
130.217 32.983 1.253
136.217 34.067 1.135
-170.683 -14.283 1.470
-81.167 -5.083 1.276
15.275 40.032 1.225
-149.567 -17.525 1.151
-123.451 48.654 1.230
100.347 5.422 1.265
-158.053 -8.977 1.154
-87.213 30.403 1.027
-75.142 39.933 1.175
22.690 63.709 0.417
158.243 6.987 1.340
-123.253 49.337 1.298
-25.672 37.735 1.420
-123.440 48.125 1.217
-59.133 47.567 1.554
-1.062 45.569 1.242
-80.593 28.415 1.154
25.630 -33.960 1.293
118.575 -20.318 1.247
150.912 -34.473 1.305
57.495 -20.155 1.396
16.867 -29.250 1.361
138.467 -35.108 1.201
-3.446 47.644 1.134
3.107 42.520 1.246
168.300 -17.767 1.478
-6.190 55.627 1.387
-4.768 54.085 1.196
-127.489 50.722 1.160
-97.215 26.060 0.975
-70.247 43.657 1.526
141.600 -38.333 1.226
-5.120 54.843 1.203
-6.657 55.207 1.383
-120.760 35.177 1.327
-1.112 50.803 1.174
-130.324 54.317 1.365
-71.401 41.807 1.166
-148.527 70.400 1.347
55.528 -4.672 1.321
-82.860 8.273 1.252
-87.950 15.833 1.310
-15.417 28.133 1.280
-72.967 -41.483 1.244
-67.617 -54.933 1.127
-132.072 53.252 1.366
24.407 64.666 0.450
-159.775 -21.207 1.096
20.895 63.986 0.625
21.426 61.133 0.064
-75.573 39.558 1.253
55.285 -20.935 1.496
-21.940 64.151 -13.645
-134.953 -23.125 1.431
12.113 57.250 1.324
-97.047 28.022 1.020
63.418 -19.668 1.171
11.230 64.859 1.427
-3.966 48.718 1.141
150.790 -23.162 1.317
-17.750 28.683 1.362
-93.870 29.730 0.779
133.333 36.200 1.458
-2.246 47.140 1.136
-1.682 43.395 1.204
-2.028 48.641 1.242
-2.202 47.267 1.149
-66.063 45.251 1.548
145.742 15.227 1.082
133.250 35.550 1.097
17.950 -33.017 1.399
-95.203 16.160 1.277
-117.173 32.713 1.477
-80.108 -26.292 1.347
-122.465 37.807 1.242
-90.833 13.917 1.358
-66.117 18.460 1.234
-75.200 -15.367 1.318
-160.502 55.337 1.294
118.067 5.810 1.285
-74.009 40.467 1.116
-90.313 -0.755 1.382
-118.500 34.008 1.389
-122.339 47.603 1.215
104.115 1.932 1.196
-151.720 59.441 1.354
-149.427 60.120 1.325
-76.330 36.947 1.104
115.350 22.750 1.212
0.743 51.442 1.199
119.550 35.383 1.345
138.517 35.017 1.205
130.933 33.933 1.286
135.383 33.683 1.222
18.433 -34.183 1.361
14.358 55.557 1.523
-135.342 57.052 1.189
19.012 63.191 0.786
-135.327 59.450 1.443
12.829 55.417 1.338
11.218 58.354 1.525
-76.452 38.317 1.169
-124.043 44.625 1.159
17.531 62.363 0.557
147.933 -42.550 1.348
-78.918 33.655 1.203
-82.627 27.760 1.064
-52.717 47.567 1.280
-57.821 -51.692 1.252
11.832 58.093 1.377
-123.181 49.125 1.282
-2.117 49.183 1.262
18.082 59.325 2.481
-6.389 58.207 1.480
134.900 34.350 1.197
178.427 -18.132 1.372
39.600 -69.000 1.546
134.050 34.350 1.131
-81.282 -4.582 1.273
103.853 1.262 1.226
135.183 34.333 1.184
174.033 -39.050 1.173
172.930 1.363 1.407
-5.600 36.000 1.122
176.183 -37.650 1.276
117.883 4.233 1.408
-16.240 28.480 1.397
133.640 -32.150 1.223
104.140 2.807 1.255
136.850 34.467 1.149
-6.064 56.623 1.329
-125.913 49.154 1.222
139.767 35.650 1.179
-109.048 25.600 1.358
132.967 32.783 1.120
5.913 43.117 1.130
146.833 -19.250 1.172
137.217 36.767 1.286
7.567 58.000 1.352
13.750 45.650 1.137
151.850 7.450 1.271
-78.730 1.817 1.246
22.101 60.428 2.539
138.883 35.017 1.267
-5.158 57.895 1.426
-166.537 53.880 1.401
133.950 34.483 1.099
135.900 33.567 1.127
132.550 33.233 1.304
21.571 63.081 0.627
-146.362 61.125 1.464
-0.330 39.460 1.145
-71.633 -33.033 1.307
-123.110 49.287 1.305
12.217 57.100 1.539
31.100 70.333 1.785
12.426 45.419 1.138
-123.370 48.422 1.196
12.579 56.142 1.278
-8.770 42.601 1.292
18.284 57.639 1.844
135.150 34.217 1.185
166.617 19.283 1.147
141.683 45.400 1.376
14.500 -22.950 1.420
-77.022 38.873 1.059
174.783 -41.283 1.286
-2.448 50.608 1.171
-0.614 54.490 1.152
-3.086 58.441 1.504
-123.965 46.708 1.159
-73.782 40.793 1.115
-77.953 34.227 1.129
18.419 54.797 1.375
-62.700 45.683 1.391
-70.672 41.523 1.157
-3.568 54.651 1.186
128.102 -15.453 1.316
118.067 24.450 1.183
-139.733 59.548 1.535
138.128 9.508 1.150
-66.117 43.833 1.438
139.633 35.467 1.212
13.817 55.417 1.471
39.190 -6.155 1.298
111.833 21.583 1.247
