144.283 44.017 1.114
-2.075 57.143 1.263
131.417 31.583 1.110
-89.833 13.583 1.228
-99.912 16.840 1.127
-176.632 51.863 1.193
-122.298 37.772 1.153
-126.931 50.587 1.099
29.917 31.217 1.099
-5.433 36.117 1.035
-149.890 61.238 1.297
13.506 43.625 1.155
-76.482 38.983 1.090
-70.400 -23.650 1.198
-84.982 29.727 0.121
-171.750 -13.817 1.325
-53.983 47.300 1.167
-13.530 28.972 1.213
-123.767 46.208 1.106
-74.418 39.355 1.134
-2.715 51.511 1.092
141.500 38.300 1.123
-79.573 8.962 1.135
-76.578 39.267 1.080
-90.285 -0.437 1.167
-125.136 48.836 1.145
2.163 41.342 1.126
-68.205 44.392 1.488
16.912 41.137 1.165
12.903 55.756 1.240
-59.633 -62.483 1.879
-1.515 43.527 1.109
109.083 21.483 1.134
-128.143 52.163 1.193
-64.700 32.400 1.300
-3.050 43.357 1.190
168.350 -46.600 1.241
-6.340 36.800 1.071
141.917 -10.600 1.141
-71.052 42.355 1.329
1.578 50.727 1.212
-4.500 48.383 1.129
-73.182 41.173 1.110
153.167 -27.367 1.251
122.217 -18.000 1.208
-77.100 3.900 1.201
-58.500 -34.667 1.090
152.380 -24.767 1.245
145.915 -41.050 1.212
-109.908 22.880 1.206
-6.283 36.533 1.101
9.114 39.210 1.082
1.868 50.969 1.108
-77.150 -12.050 1.263
-76.068 38.573 1.110
-125.247 50.042 1.133
-47.925 -25.017 1.084
147.058 -19.277 1.122
18.433 -33.900 1.187
-74.960 38.968 1.092
113.652 -24.898 1.159
-75.533 10.383 1.217
-9.417 38.692 1.099
15.094 37.498 1.043
-83.032 29.135 1.134
103.187 5.265 1.164
-5.317 35.900 1.091
91.050 22.217 1.169
-124.322 43.345 1.128
-79.925 32.782 1.125
-64.920 18.335 1.090
-63.117 46.233 1.419
-1.635 49.651 1.141
-76.113 36.967 1.107
142.200 27.100 1.184
140.867 35.750 1.132
-157.472 1.982 1.176
-94.200 58.783 0.077
96.883 -12.117 1.260
-1.890 47.277 1.147
-145.753 60.558 1.241
-97.217 27.580 0.968
91.833 21.450 1.134
-124.183 41.745 1.124
-79.915 9.355 1.180
1.302 52.934 1.146
8.717 53.867 1.119
130.850 -12.467 1.214
20.385 60.032 -2.901
6.933 53.326 1.149
4.746 52.965 1.108
-4.185 50.368 1.155
1.085 49.929 1.365
-2.088 47.306 1.124
108.617 19.100 1.239
1.318 51.117 1.146
-75.740 36.183 1.123
2.367 51.048 1.129
31.050 -29.867 1.130
27.917 -33.017 1.200
-109.448 -27.150 1.108
-66.985 44.903 1.435
162.387 11.430 1.324
-116.633 31.850 1.265
8.433 55.467 1.136
-79.647 0.992 1.152
121.900 -33.867 1.135
-64.267 -65.250 -3.412
1.348 51.957 1.178
-81.467 30.672 1.138
-4.983 52.014 1.183
18.211 60.409 -0.341
151.233 -33.850 1.202
-80.902 32.033 1.162
-95.308 28.948 1.046
115.717 -32.050 1.143
-166.288 23.868 1.232
-123.010 48.547 1.199
139.933 40.650 1.169
128.850 32.700 1.291
-123.451 48.769 1.170
179.195 -8.525 1.258
-16.907 32.640 1.275
21.231 64.916 0.717
-94.793 29.310 1.002
73.152 -0.687 1.344
11.933 54.567 1.166
102.107 6.227 1.109
-5.350 36.117 1.150
-5.698 43.558 1.176
-3.018 53.450 1.099
11.791 57.685 1.286
-89.957 29.263 0.749
136.417 -13.860 1.124
144.650 13.433 1.187
-110.900 27.933 1.185
141.533 40.533 1.295
110.283 20.017 1.119
140.717 41.783 1.161
-63.583 44.667 1.209
132.067 34.900 1.076
27.179 60.563 1.541
145.567 43.283 1.249
22.977 59.823 1.835
1.284 51.947 1.216
9.101 63.425 1.231
24.956 60.154 1.593
-2.920 54.032 1.059
115.738 -31.825 1.146
-155.067 19.733 1.182
-3.134 51.215 1.149
89.467 21.783 1.145
147.330 -42.887 1.136
4.120 51.977 1.104
-4.631 53.308 1.195
114.217 22.300 1.108
159.957 -9.425 1.335
25.973 70.980 1.357
-157.867 21.307 1.261
12.467 56.100 1.308
131.683 32.417 1.122
-6.834 37.132 1.110
-124.217 40.767 1.161
-4.111 51.211 1.165
-43.165 -22.897 1.121
-0.186 53.631 1.112
124.167 24.333 1.118
-169.530 16.738 1.126
103.792 1.462 1.145
-78.833 -33.622 1.368
-134.412 58.298 1.208
130.567 31.583 1.113
-156.467 20.900 1.247
23.096 65.697 0.604
121.282 28.088 1.146
-171.718 -2.810 1.179
120.288 22.615 1.167
154.777 1.098 1.206
21.215 62.344 0.790
139.750 35.517 1.235
121.745 25.157 1.107
101.358 3.050 1.181
102.153 2.215 1.221
24.515 65.673 0.691
70.220 -49.345 1.372
-131.625 55.333 1.242
-81.808 24.553 1.136
-5.050 58.457 1.265
-75.988 37.165 1.123
12.894 55.522 1.347
23.033 -34.050 1.121
99.817 11.795 1.155
98.425 7.832 1.307
135.183 34.683 1.077
133.567 33.500 1.075
-152.512 57.732 1.188
134.583 34.017 1.103
116.067 5.983 1.147
103.430 3.975 1.167
130.200 32.600 1.212
103.443 1.325 1.194
15.589 56.105 1.411
11.127 58.997 1.378
135.767 33.483 1.126
144.367 42.983 1.101
167.733 8.733 1.288
-8.400 43.367 1.202
-117.257 32.867 1.303
-80.917 -2.200 1.246
-110.345 24.162 1.234
-1.221 46.158 1.091
-87.817 13.333 1.303
17.865 58.742 1.825
99.765 6.432 1.269
177.433 -17.600 1.181
-4.781 48.359 1.180
0.106 49.482 1.094
-1.765 47.205 1.085
123.750 13.150 1.246
-3.182 55.990 1.233
-1.140 60.155 1.250
-1.794 46.497 1.106
-75.120 38.782 1.072
119.417 34.750 1.182
-64.753 17.697 1.053
10.299 43.546 1.114
-3.825 53.332 1.106
-80.717 -6.933 1.149
159.067 -31.517 1.145
-118.272 33.720 1.348
-64.883 47.083 1.654
1.751 52.473 1.103
15.150 -26.650 1.292
100.613 4.240 1.191
121.617 32.133 1.175
172.717 -43.600 1.221
5.113 61.934 1.264
-67.047 17.972 1.120
137.617 34.683 1.014
135.383 35.467 1.254
171.373 7.107 1.229
130.300 31.267 1.091
-4.417 36.717 1.114
134.463 7.330 1.279
73.527 4.190 1.300
-7.333 55.367 1.261
120.967 14.583 1.178
21.463 61.594 0.593
174.500 -35.833 1.139
16.837 58.554 2.028
173.200 52.833 1.376
-72.117 -17.000 1.297
132.717 33.867 1.173
-81.432 30.395 1.171
-106.422 23.198 1.181
139.817 34.917 1.152
15.563 38.196 1.135
-177.367 28.217 1.122
-5.014 51.702 1.157
-4.906 55.750 1.177
50.600 26.233 1.146
130.450 32.617 1.200
139.482 34.067 1.138
141.983 39.650 1.333
-157.800 21.433 1.282
7.421 43.729 1.115
-71.960 41.048 1.095
-121.888 36.605 1.182
22.133 -34.183 1.183
134.167 33.267 1.070
129.867 32.733 1.242
136.883 35.083 1.073
127.667 26.200 1.169
-61.683 56.550 18.056
129.842 29.842 1.155
-1.634 47.194 1.132
-70.097 41.285 1.174
176.917 -39.483 1.312
-81.808 26.132 1.102
14.269 40.841 1.140
166.905 -0.528 1.162
-159.350 21.967 1.167
129.495 28.382 1.171
-124.617 48.368 1.163
-72.087 41.355 1.079
-74.015 40.700 1.094
0.057 50.782 1.100
-5.542 50.102 1.154
-71.327 41.505 1.183
-2.987 51.550 1.210
-122.910 49.200 1.105
130.992 30.735 1.199
-1.440 55.007 1.121
-60.250 46.217 1.379
166.437 -22.292 1.246
-175.167 -21.133 1.213
-140.082 -8.930 1.233
11.950 78.933 -1.088
141.717 39.067 1.139
141.750 39.017 1.139
139.383 34.783 1.230
17.097 57.366 1.724
138.217 34.617 1.115
140.900 36.933 1.106
135.433 34.650 1.065
16.478 57.275 1.708
10.734 59.909 1.316
18.497 40.147 1.099
25.418 65.040 0.590
130.217 32.983 1.152
136.217 34.067 1.090
-170.683 -14.283 1.360
-81.167 -5.083 1.173
15.275 40.032 1.122
-149.567 -17.525 1.094
-123.451 48.654 1.161
100.347 5.422 1.160
-158.053 -8.977 1.106
-87.213 30.403 1.022
-75.142 39.933 1.137
22.690 63.709 0.622
158.243 6.987 1.211
-123.253 49.337 1.168
-25.672 37.735 1.282
-123.440 48.125 1.150
-59.133 47.567 1.498
-1.062 45.569 1.179
-80.593 28.415 1.129
25.630 -33.960 1.172
118.575 -20.318 1.158
150.912 -34.473 1.228
57.495 -20.155 1.284
16.867 -29.250 1.227
138.467 -35.108 1.126
-3.446 47.644 1.094
3.107 42.520 1.132
168.300 -17.767 1.330
-6.190 55.627 1.311
-4.768 54.085 1.186
-127.489 50.722 1.090
-97.215 26.060 0.965
-70.247 43.657 1.471
141.600 -38.333 1.135
-5.120 54.843 1.151
-6.657 55.207 1.308
-120.760 35.177 1.192
-1.112 50.803 1.121
-130.324 54.317 1.201
-71.401 41.807 1.142
-148.527 70.400 1.235
55.528 -4.672 1.215
-82.860 8.273 1.187
-87.950 15.833 1.222
-15.417 28.133 1.169
-72.967 -41.483 1.168
-67.617 -54.933 1.134
-132.072 53.252 1.218
24.407 64.666 0.575
-159.775 -21.207 1.070
20.895 63.986 0.753
21.426 61.133 0.562
-75.573 39.558 1.170
55.285 -20.935 1.369
-21.940 64.151 2.830
-134.953 -23.125 1.329
12.113 57.250 1.258
-97.047 28.022 0.994
63.418 -19.668 1.114
11.230 64.859 1.333
-3.966 48.718 1.092
150.790 -23.162 1.230
-17.750 28.683 1.230
-93.870 29.730 0.795
133.333 36.200 1.299
-2.246 47.140 1.098
-1.682 43.395 1.138
-2.028 48.641 1.174
-2.202 47.267 1.101
-66.063 45.251 1.444
145.742 15.227 1.054
133.250 35.550 1.066
17.950 -33.017 1.247
-95.203 16.160 1.162
-117.173 32.713 1.291
-80.108 -26.292 1.250
-122.465 37.807 1.140
-90.833 13.917 1.227
-66.117 18.460 1.120
-75.200 -15.367 1.212
-160.502 55.337 1.199
118.067 5.810 1.192
-74.009 40.467 1.102
-90.313 -0.755 1.256
-118.500 34.008 1.271
-122.339 47.603 1.144
104.115 1.932 1.125
-151.720 59.441 1.207
-149.427 60.120 1.194
-76.330 36.947 1.076
115.350 22.750 1.146
0.743 51.442 1.159
119.550 35.383 1.229
138.517 35.017 1.127
130.933 33.933 1.162
135.383 33.683 1.139
18.433 -34.183 1.212
14.358 55.557 1.459
-135.342 57.052 1.101
19.012 63.191 0.846
-135.327 59.450 1.247
12.829 55.417 1.293
11.218 58.354 1.423
-76.452 38.317 1.110
-124.043 44.625 1.092
17.531 62.363 0.728
147.933 -42.550 1.202
-78.918 33.655 1.163
-82.627 27.760 1.048
-52.717 47.567 1.214
-57.821 -51.692 1.233
11.832 58.093 1.303
-123.181 49.125 1.168
-2.117 49.183 1.182
18.082 59.325 2.482
-6.389 58.207 1.388
134.900 34.350 1.116
178.427 -18.132 1.205
39.600 -69.000 1.310
134.050 34.350 1.086
-81.282 -4.582 1.176
103.853 1.262 1.126
135.183 34.333 1.117
174.033 -39.050 1.125
172.930 1.363 1.287
-5.600 36.000 1.077
176.183 -37.650 1.191
117.883 4.233 1.254
-16.240 28.480 1.272
133.640 -32.150 1.153
104.140 2.807 1.145
136.850 34.467 1.092
-6.064 56.623 1.264
-125.913 49.154 1.114
139.767 35.650 1.110
-109.048 25.600 1.202
132.967 32.783 1.076
5.913 43.117 1.067
146.833 -19.250 1.113
137.217 36.767 1.177
7.567 58.000 1.286
13.750 45.650 1.085
151.850 7.450 1.171
-78.730 1.817 1.160
22.101 60.428 3.826
138.883 35.017 1.166
-5.158 57.895 1.305
-166.537 53.880 1.262
133.950 34.483 1.073
135.900 33.567 1.083
132.550 33.233 1.172
21.571 63.081 0.747
-146.362 61.125 1.258
-0.330 39.460 1.081
-71.633 -33.033 1.239
-123.110 49.287 1.169
12.217 57.100 1.427
31.100 70.333 1.609
12.426 45.419 1.098
-123.370 48.422 1.127
12.579 56.142 1.241
-8.770 42.601 1.207
18.284 57.639 1.856
135.150 34.217 1.118
166.617 19.283 1.083
141.683 45.400 1.211
14.500 -22.950 1.284
-77.022 38.873 1.044
174.783 -41.283 1.199
-2.448 50.608 1.121
-0.614 54.490 1.115
-3.086 58.441 1.349
-123.965 46.708 1.098
-73.782 40.793 1.097
-77.953 34.227 1.108
18.419 54.797 1.289
-62.700 45.683 1.348
-70.672 41.523 1.140
-3.568 54.651 1.158
128.102 -15.453 1.187
118.067 24.450 1.117
-139.733 59.548 1.295
138.128 9.508 1.084
-66.117 43.833 1.340
139.633 35.467 1.138
13.817 55.417 1.415
39.190 -6.155 1.206
111.833 21.583 1.159
