144.283 44.017 1.070
-2.075 57.143 1.149
131.417 31.583 1.075
-89.833 13.583 1.138
-99.912 16.840 1.082
-176.632 51.863 1.121
-122.298 37.772 1.087
-126.931 50.587 1.051
29.917 31.217 1.064
-5.433 36.117 1.022
-149.890 61.238 1.160
13.506 43.625 1.094
-76.482 38.983 1.061
-70.400 -23.650 1.133
-84.982 29.727 0.469
-171.750 -13.817 1.210
-53.983 47.300 1.105
-13.530 28.972 1.138
-123.767 46.208 1.064
-74.418 39.355 1.088
-2.715 51.511 1.055
141.500 38.300 1.078
-79.573 8.962 1.086
-76.578 39.267 1.054
-90.285 -0.437 1.103
-125.136 48.836 1.083
2.163 41.342 1.078
-68.205 44.392 1.277
16.912 41.137 1.102
12.903 55.756 1.150
-59.633 -62.483 5.033
-1.515 43.527 1.067
109.083 21.483 1.087
-128.143 52.163 1.082
-64.700 32.400 1.181
-3.050 43.357 1.116
168.350 -46.600 1.167
-6.340 36.800 1.045
141.917 -10.600 1.093
-71.052 42.355 1.189
1.578 50.727 1.140
-4.500 48.383 1.082
-73.182 41.173 1.072
153.167 -27.367 1.158
122.217 -18.000 1.129
-77.100 3.900 1.124
-58.500 -34.667 1.066
152.380 -24.767 1.159
145.915 -41.050 1.135
-109.908 22.880 1.129
-6.283 36.533 1.058
9.114 39.210 1.051
1.868 50.969 1.066
-77.150 -12.050 1.154
-76.068 38.573 1.072
-125.247 50.042 1.070
-47.925 -25.017 1.057
147.058 -19.277 1.076
18.433 -33.900 1.130
-74.960 38.968 1.062
113.652 -24.898 1.101
-75.533 10.383 1.136
-9.417 38.692 1.064
15.094 37.498 1.028
-83.032 29.135 1.087
103.187 5.265 1.100
-5.317 35.900 1.054
91.050 22.217 1.107
-124.322 43.345 1.079
-79.925 32.782 1.082
-64.920 18.335 1.056
-63.117 46.233 1.230
-1.635 49.651 1.085
-76.113 36.967 1.070
142.200 27.100 1.124
140.867 35.750 1.088
-157.472 1.982 1.118
-94.200 58.783 -0.507
96.883 -12.117 1.166
-1.890 47.277 1.093
-145.753 60.558 1.123
-97.217 27.580 0.976
91.833 21.450 1.084
-124.183 41.745 1.075
-79.915 9.355 1.106
1.302 52.934 1.095
8.717 53.867 1.076
130.850 -12.467 1.138
20.385 60.032 1.426
6.933 53.326 1.099
4.746 52.965 1.069
-4.185 50.368 1.096
1.085 49.929 1.222
-2.088 47.306 1.075
108.617 19.100 1.155
1.318 51.117 1.097
-75.740 36.183 1.084
2.367 51.048 1.080
31.050 -29.867 1.082
27.917 -33.017 1.133
-109.448 -27.150 1.071
-66.985 44.903 1.242
162.387 11.430 1.193
-116.633 31.850 1.161
8.433 55.467 1.086
-79.647 0.992 1.092
121.900 -33.867 1.082
-64.267 -65.250 0.414
1.348 51.957 1.114
-81.467 30.672 1.088
-4.983 52.014 1.111
18.211 60.409 1.266
151.233 -33.850 1.131
-80.902 32.033 1.097
-95.308 28.948 1.028
115.717 -32.050 1.087
-166.288 23.868 1.133
-123.010 48.547 1.109
139.933 40.650 1.110
128.850 32.700 1.194
-123.451 48.769 1.094
179.195 -8.525 1.158
-16.907 32.640 1.176
21.231 64.916 -1.449
-94.793 29.310 1.002
73.152 -0.687 1.204
11.933 54.567 1.100
102.107 6.227 1.067
-5.350 36.117 1.088
-5.698 43.558 1.108
-3.018 53.450 1.056
11.791 57.685 1.143
-89.957 29.263 0.838
136.417 -13.860 1.080
144.650 13.433 1.127
-110.900 27.933 1.114
141.533 40.533 1.176
110.283 20.017 1.076
140.717 41.783 1.101
-63.583 44.667 1.141
132.067 34.900 1.053
27.179 60.563 1.237
145.567 43.283 1.173
22.977 59.823 1.311
1.284 51.947 1.146
9.101 63.425 1.096
24.956 60.154 1.266
-2.920 54.032 1.035
115.738 -31.825 1.088
-155.067 19.733 1.122
-3.134 51.215 1.095
89.467 21.783 1.092
147.330 -42.887 1.095
4.120 51.977 1.070
-4.631 53.308 1.115
114.217 22.300 1.071
159.957 -9.425 1.207
25.973 70.980 1.181
-157.867 21.307 1.168
12.467 56.100 1.181
131.683 32.417 1.080
-6.834 37.132 1.067
-124.217 40.767 1.099
-4.111 51.211 1.102
-43.165 -22.897 1.082
-0.186 53.631 1.075
124.167 24.333 1.075
-169.530 16.738 1.078
103.792 1.462 1.096
-78.833 -33.622 1.266
-134.412 58.298 1.104
130.567 31.583 1.077
-156.467 20.900 1.157
23.096 65.697 -3.617
121.282 28.088 1.091
-171.718 -2.810 1.126
120.288 22.615 1.109
154.777 1.098 1.132
21.215 62.344 1.936
139.750 35.517 1.154
121.745 25.157 1.072
101.358 3.050 1.116
102.153 2.215 1.144
24.515 65.673 -2.772
70.220 -49.345 1.224
-131.625 55.333 1.122
-81.808 24.553 1.088
-5.050 58.457 1.134
-75.988 37.165 1.080
12.894 55.522 1.214
23.033 -34.050 1.078
99.817 11.795 1.096
98.425 7.832 1.197
135.183 34.683 1.049
133.567 33.500 1.047
-152.512 57.732 1.105
134.583 34.017 1.066
116.067 5.983 1.093
103.430 3.975 1.115
130.200 32.600 1.147
103.443 1.325 1.124
15.589 56.105 1.251
11.127 58.997 1.163
135.767 33.483 1.080
144.367 42.983 1.061
167.733 8.733 1.177
-8.400 43.367 1.124
-117.257 32.867 1.186
-80.917 -2.200 1.149
-110.345 24.162 1.147
-1.221 46.158 1.056
-87.817 13.333 1.187
17.865 58.742 1.323
99.765 6.432 1.175
177.433 -17.600 1.115
-4.781 48.359 1.117
0.106 49.482 1.058
-1.765 47.205 1.056
123.750 13.150 1.154
-3.182 55.990 1.139
-1.140 60.155 1.147
-1.794 46.497 1.066
-75.120 38.782 1.048
119.417 34.750 1.124
-64.753 17.697 1.033
10.299 43.546 1.072
-3.825 53.332 1.060
-80.717 -6.933 1.097
159.067 -31.517 1.098
-118.272 33.720 1.194
-64.883 47.083 1.394
1.751 52.473 1.066
15.150 -26.650 1.191
100.613 4.240 1.120
121.617 32.133 1.110
172.717 -43.600 1.146
5.113 61.934 1.148
-67.047 17.972 1.069
137.617 34.683 1.011
135.383 35.467 1.166
171.373 7.107 1.143
130.300 31.267 1.061
-4.417 36.717 1.073
134.463 7.330 1.177
73.527 4.190 1.198
-7.333 55.367 1.146
120.967 14.583 1.111
21.463 61.594 1.367
174.500 -35.833 1.095
16.837 58.554 1.396
173.200 52.833 1.240
-72.117 -17.000 1.196
132.717 33.867 1.112
-81.432 30.395 1.109
-106.422 23.198 1.110
139.817 34.917 1.098
15.563 38.196 1.088
-177.367 28.217 1.074
-5.014 51.702 1.094
-4.906 55.750 1.097
50.600 26.233 1.091
130.450 32.617 1.134
139.482 34.067 1.090
141.983 39.650 1.220
-157.800 21.433 1.162
7.421 43.729 1.072
-71.960 41.048 1.061
-121.888 36.605 1.113
22.133 -34.183 1.119
134.167 33.267 1.044
129.867 32.733 1.164
136.883 35.083 1.042
127.667 26.200 1.115
-61.683 56.550 2.722
129.842 29.842 1.105
-1.634 47.194 1.083
-70.097 41.285 1.112
176.917 -39.483 1.211
-81.808 26.132 1.066
14.269 40.841 1.092
166.905 -0.528 1.102
-159.350 21.967 1.102
129.495 28.382 1.117
-124.617 48.368 1.097
-72.087 41.355 1.050
-74.015 40.700 1.062
0.057 50.782 1.059
-5.542 50.102 1.096
-71.327 41.505 1.123
-2.987 51.550 1.127
-122.910 49.200 1.064
130.992 30.735 1.125
-1.440 55.007 1.073
-60.250 46.217 1.230
166.437 -22.292 1.158
-175.167 -21.133 1.148
-140.082 -8.930 1.149
11.950 78.933 3.219
141.717 39.067 1.087
141.750 39.017 1.084
139.383 34.783 1.152
17.097 57.366 1.320
138.217 34.617 1.074
140.900 36.933 1.066
135.433 34.650 1.039
16.478 57.275 1.338
10.734 59.909 1.132
18.497 40.147 1.062
25.418 65.040 -3.966
130.217 32.983 1.101
136.217 34.067 1.059
-170.683 -14.283 1.218
-81.167 -5.083 1.109
15.275 40.032 1.075
-149.567 -17.525 1.058
-123.451 48.654 1.089
100.347 5.422 1.098
-158.053 -8.977 1.064
-87.213 30.403 1.016
-75.142 39.933 1.091
22.690 63.709 5.024
158.243 6.987 1.131
-123.253 49.337 1.091
-25.672 37.735 1.186
-123.440 48.125 1.085
-59.133 47.567 1.299
-1.062 45.569 1.114
-80.593 28.415 1.081
25.630 -33.960 1.112
118.575 -20.318 1.101
150.912 -34.473 1.159
57.495 -20.155 1.174
16.867 -29.250 1.140
138.467 -35.108 1.079
-3.446 47.644 1.058
3.107 42.520 1.083
168.300 -17.767 1.213
-6.190 55.627 1.177
-4.768 54.085 1.108
-127.489 50.722 1.047
-97.215 26.060 0.976
-70.247 43.657 1.279
141.600 -38.333 1.088
-5.120 54.843 1.087
-6.657 55.207 1.163
-120.760 35.177 1.114
-1.112 50.803 1.075
-130.324 54.317 1.089
-71.401 41.807 1.092
-148.527 70.400 1.153
55.528 -4.672 1.143
-82.860 8.273 1.114
-87.950 15.833 1.146
-15.417 28.133 1.112
-72.967 -41.483 1.128
-67.617 -54.933 1.141
-132.072 53.252 1.113
24.407 64.666 -3.809
-159.775 -21.207 1.043
20.895 63.986 11.346
21.426 61.133 1.388
-75.573 39.558 1.127
55.285 -20.935 1.230
-21.940 64.151 1.516
-134.953 -23.125 1.211
12.113 57.250 1.128
-97.047 28.022 1.000
63.418 -19.668 1.073
11.230 64.859 1.133
-3.966 48.718 1.059
150.790 -23.162 1.140
-17.750 28.683 1.151
-93.870 29.730 0.883
133.333 36.200 1.204
-2.246 47.140 1.059
-1.682 43.395 1.086
-2.028 48.641 1.104
-2.202 47.267 1.065
-66.063 45.251 1.267
145.742 15.227 1.031
133.250 35.550 1.044
17.950 -33.017 1.164
-95.203 16.160 1.102
-117.173 32.713 1.172
-80.108 -26.292 1.178
-122.465 37.807 1.080
-90.833 13.917 1.144
-66.117 18.460 1.074
-75.200 -15.367 1.136
-160.502 55.337 1.115
118.067 5.810 1.124
-74.009 40.467 1.063
-90.313 -0.755 1.163
-118.500 34.008 1.153
-122.339 47.603 1.081
104.115 1.932 1.074
-151.720 59.441 1.117
-149.427 60.120 1.107
-76.330 36.947 1.051
115.350 22.750 1.095
0.743 51.442 1.100
119.550 35.383 1.148
138.517 35.017 1.081
130.933 33.933 1.103
135.383 33.683 1.089
18.433 -34.183 1.138
14.358 55.557 1.264
-135.342 57.052 1.058
19.012 63.191 1.765
-135.327 59.450 1.122
12.829 55.417 1.183
11.218 58.354 1.173
-76.452 38.317 1.076
-124.043 44.625 1.054
17.531 62.363 2.163
147.933 -42.550 1.132
-78.918 33.655 1.104
-82.627 27.760 1.033
-52.717 47.567 1.143
-57.821 -51.692 1.194
11.832 58.093 1.151
-123.181 49.125 1.097
-2.117 49.183 1.115
18.082 59.325 1.312
-6.389 58.207 1.204
134.900 34.350 1.074
178.427 -18.132 1.135
39.600 -69.000 1.236
134.050 34.350 1.051
-81.282 -4.582 1.113
103.853 1.262 1.081
135.183 34.333 1.073
174.033 -39.050 1.078
172.930 1.363 1.186
-5.600 36.000 1.046
176.183 -37.650 1.136
117.883 4.233 1.160
-16.240 28.480 1.165
133.640 -32.150 1.095
104.140 2.807 1.093
136.850 34.467 1.057
-6.064 56.623 1.148
-125.913 49.154 1.060
139.767 35.650 1.068
-109.048 25.600 1.118
132.967 32.783 1.051
5.913 43.117 1.041
146.833 -19.250 1.073
137.217 36.767 1.117
7.567 58.000 1.170
13.750 45.650 1.047
151.850 7.450 1.109
-78.730 1.817 1.099
22.101 60.428 1.274
138.883 35.017 1.098
-5.158 57.895 1.166
-166.537 53.880 1.156
133.950 34.483 1.048
135.900 33.567 1.052
132.550 33.233 1.113
21.571 63.081 7.488
-146.362 61.125 1.131
-0.330 39.460 1.048
-71.633 -33.033 1.160
-123.110 49.287 1.098
12.217 57.100 1.212
31.100 70.333 1.318
12.426 45.419 1.056
-123.370 48.422 1.074
12.579 56.142 1.143
-8.770 42.601 1.132
18.284 57.639 1.412
135.150 34.217 1.072
166.617 19.283 1.053
141.683 45.400 1.140
14.500 -22.950 1.187
-77.022 38.873 1.030
174.783 -41.283 1.135
-2.448 50.608 1.072
-0.614 54.490 1.073
-3.086 58.441 1.204
-123.965 46.708 1.059
-73.782 40.793 1.064
-77.953 34.227 1.070
18.419 54.797 1.168
-62.700 45.683 1.222
-70.672 41.523 1.090
-3.568 54.651 1.093
128.102 -15.453 1.119
118.067 24.450 1.075
-139.733 59.548 1.145
138.128 9.508 1.053
-66.117 43.833 1.221
139.633 35.467 1.084
13.817 55.417 1.238
39.190 -6.155 1.135
111.833 21.583 1.105
