144.283 44.017 1.060
-2.075 57.143 1.153
131.417 31.583 1.067
-89.833 13.583 1.142
-99.912 16.840 1.078
-176.632 51.863 1.118
-122.298 37.772 1.088
-126.931 50.587 1.047
29.917 31.217 1.053
-5.433 36.117 1.022
-149.890 61.238 1.153
13.506 43.625 1.098
-76.482 38.983 1.069
-70.400 -23.650 1.109
-84.982 29.727 0.380
-171.750 -13.817 1.186
-53.983 47.300 1.120
-13.530 28.972 1.128
-123.767 46.208 1.060
-74.418 39.355 1.104
-2.715 51.511 1.054
141.500 38.300 1.073
-79.573 8.962 1.080
-76.578 39.267 1.059
-90.285 -0.437 1.100
-125.136 48.836 1.082
2.163 41.342 1.069
-68.205 44.392 1.309
16.912 41.137 1.082
12.903 55.756 1.161
-59.633 -62.483 -3.942
-1.515 43.527 1.059
109.083 21.483 1.083
-128.143 52.163 1.082
-64.700 32.400 1.166
-3.050 43.357 1.111
168.350 -46.600 1.137
-6.340 36.800 1.041
141.917 -10.600 1.091
-71.052 42.355 1.216
1.578 50.727 1.142
-4.500 48.383 1.076
-73.182 41.173 1.076
153.167 -27.367 1.153
122.217 -18.000 1.132
-77.100 3.900 1.121
-58.500 -34.667 1.067
152.380 -24.767 1.162
145.915 -41.050 1.134
-109.908 22.880 1.123
-6.283 36.533 1.052
9.114 39.210 1.050
1.868 50.969 1.066
-77.150 -12.050 1.156
-76.068 38.573 1.076
-125.247 50.042 1.070
-47.925 -25.017 1.049
147.058 -19.277 1.075
18.433 -33.900 1.117
-74.960 38.968 1.071
113.652 -24.898 1.106
-75.533 10.383 1.125
-9.417 38.692 1.060
15.094 37.498 1.026
-83.032 29.135 1.087
103.187 5.265 1.103
-5.317 35.900 1.051
91.050 22.217 1.107
-124.322 43.345 1.070
-79.925 32.782 1.085
-64.920 18.335 1.050
-63.117 46.233 1.259
-1.635 49.651 1.086
-76.113 36.967 1.074
142.200 27.100 1.093
140.867 35.750 1.079
-157.472 1.982 1.104
-94.200 58.783 -0.393
96.883 -12.117 1.152
-1.890 47.277 1.090
-145.753 60.558 1.127
-97.217 27.580 0.978
91.833 21.450 1.087
-124.183 41.745 1.072
-79.915 9.355 1.100
1.302 52.934 1.100
8.717 53.867 1.078
130.850 -12.467 1.141
20.385 60.032 1.492
6.933 53.326 1.109
4.746 52.965 1.077
-4.185 50.368 1.106
1.085 49.929 1.232
-2.088 47.306 1.076
108.617 19.100 1.156
1.318 51.117 1.093
-75.740 36.183 1.085
2.367 51.048 1.080
31.050 -29.867 1.072
27.917 -33.017 1.121
-109.448 -27.150 1.073
-66.985 44.903 1.282
162.387 11.430 1.199
-116.633 31.850 1.157
8.433 55.467 1.090
-79.647 0.992 1.077
121.900 -33.867 1.082
-64.267 -65.250 0.569
1.348 51.957 1.120
-81.467 30.672 1.095
-4.983 52.014 1.127
18.211 60.409 1.374
151.233 -33.850 1.145
-80.902 32.033 1.109
-95.308 28.948 1.029
115.717 -32.050 1.097
-166.288 23.868 1.126
-123.010 48.547 1.112
139.933 40.650 1.096
128.850 32.700 1.176
-123.451 48.769 1.096
179.195 -8.525 1.151
-16.907 32.640 1.163
21.231 64.916 0.261
-94.793 29.310 0.997
73.152 -0.687 1.187
11.933 54.567 1.107
102.107 6.227 1.061
-5.350 36.117 1.084
-5.698 43.558 1.103
-3.018 53.450 1.052
11.791 57.685 1.159
-89.957 29.263 0.826
136.417 -13.860 1.084
144.650 13.433 1.120
-110.900 27.933 1.110
141.533 40.533 1.169
110.283 20.017 1.080
140.717 41.783 1.093
-63.583 44.667 1.147
132.067 34.900 1.051
27.179 60.563 1.254
145.567 43.283 1.143
22.977 59.823 1.352
1.284 51.947 1.136
9.101 63.425 1.103
24.956 60.154 1.274
-2.920 54.032 1.033
115.738 -31.825 1.099
-155.067 19.733 1.103
-3.134 51.215 1.096
89.467 21.783 1.090
147.330 -42.887 1.086
4.120 51.977 1.069
-4.631 53.308 1.121
114.217 22.300 1.072
159.957 -9.425 1.210
25.973 70.980 1.198
-157.867 21.307 1.152
12.467 56.100 1.187
131.683 32.417 1.077
-6.834 37.132 1.057
-124.217 40.767 1.094
-4.111 51.211 1.103
-43.165 -22.897 1.069
-0.186 53.631 1.072
124.167 24.333 1.071
-169.530 16.738 1.073
103.792 1.462 1.084
-78.833 -33.622 1.257
-134.412 58.298 1.111
130.567 31.583 1.070
-156.467 20.900 1.142
23.096 65.697 0.067
121.282 28.088 1.101
-171.718 -2.810 1.113
120.288 22.615 1.102
154.777 1.098 1.119
21.215 62.344 -0.332
139.750 35.517 1.146
121.745 25.157 1.070
101.358 3.050 1.114
102.153 2.215 1.145
24.515 65.673 0.237
70.220 -49.345 1.202
-131.625 55.333 1.118
-81.808 24.553 1.078
-5.050 58.457 1.152
-75.988 37.165 1.091
12.894 55.522 1.216
23.033 -34.050 1.073
99.817 11.795 1.088
98.425 7.832 1.182
135.183 34.683 1.048
133.567 33.500 1.047
-152.512 57.732 1.107
134.583 34.017 1.062
116.067 5.983 1.100
103.430 3.975 1.115
130.200 32.600 1.123
103.443 1.325 1.104
15.589 56.105 1.235
11.127 58.997 1.182
135.767 33.483 1.072
144.367 42.983 1.053
167.733 8.733 1.183
-8.400 43.367 1.112
-117.257 32.867 1.183
-80.917 -2.200 1.137
-110.345 24.162 1.147
-1.221 46.158 1.058
-87.817 13.333 1.168
17.865 58.742 1.339
99.765 6.432 1.165
177.433 -17.600 1.094
-4.781 48.359 1.113
0.106 49.482 1.057
-1.765 47.205 1.059
123.750 13.150 1.166
-3.182 55.990 1.153
-1.140 60.155 1.162
-1.794 46.497 1.068
-75.120 38.782 1.052
119.417 34.750 1.102
-64.753 17.697 1.032
10.299 43.546 1.056
-3.825 53.332 1.059
-80.717 -6.933 1.089
159.067 -31.517 1.092
-118.272 33.720 1.186
-64.883 47.083 1.448
1.751 52.473 1.070
15.150 -26.650 1.187
100.613 4.240 1.108
121.617 32.133 1.118
172.717 -43.600 1.146
5.113 61.934 1.155
-67.047 17.972 1.061
137.617 34.683 1.012
135.383 35.467 1.148
171.373 7.107 1.146
130.300 31.267 1.058
-4.417 36.717 1.060
134.463 7.330 1.179
73.527 4.190 1.170
-7.333 55.367 1.157
120.967 14.583 1.103
21.463 61.594 1.652
174.500 -35.833 1.087
16.837 58.554 1.424
173.200 52.833 1.203
-72.117 -17.000 1.195
132.717 33.867 1.103
-81.432 30.395 1.109
-106.422 23.198 1.099
139.817 34.917 1.087
15.563 38.196 1.071
-177.367 28.217 1.063
-5.014 51.702 1.096
-4.906 55.750 1.104
50.600 26.233 1.081
130.450 32.617 1.118
139.482 34.067 1.083
141.983 39.650 1.207
-157.800 21.433 1.155
7.421 43.729 1.056
-71.960 41.048 1.072
-121.888 36.605 1.112
22.133 -34.183 1.108
134.167 33.267 1.045
129.867 32.733 1.141
136.883 35.083 1.042
127.667 26.200 1.098
-61.683 56.550 3.050
129.842 29.842 1.092
-1.634 47.194 1.079
-70.097 41.285 1.133
176.917 -39.483 1.211
-81.808 26.132 1.070
14.269 40.841 1.071
166.905 -0.528 1.090
-159.350 21.967 1.094
129.495 28.382 1.101
-124.617 48.368 1.097
-72.087 41.355 1.059
-74.015 40.700 1.063
0.057 50.782 1.057
-5.542 50.102 1.098
-71.327 41.505 1.154
-2.987 51.550 1.126
-122.910 49.200 1.060
130.992 30.735 1.115
-1.440 55.007 1.079
-60.250 46.217 1.271
166.437 -22.292 1.150
-175.167 -21.133 1.132
-140.082 -8.930 1.142
11.950 78.933 2.643
141.717 39.067 1.083
141.750 39.017 1.079
139.383 34.783 1.133
17.097 57.366 1.331
138.217 34.617 1.065
140.900 36.933 1.060
135.433 34.650 1.041
16.478 57.275 1.347
10.734 59.909 1.151
18.497 40.147 1.057
25.418 65.040 0.038
130.217 32.983 1.090
136.217 34.067 1.054
-170.683 -14.283 1.211
-81.167 -5.083 1.097
15.275 40.032 1.061
-149.567 -17.525 1.051
-123.451 48.654 1.087
100.347 5.422 1.093
-158.053 -8.977 1.058
-87.213 30.403 1.014
-75.142 39.933 1.100
22.690 63.709 -0.421
158.243 6.987 1.138
-123.253 49.337 1.091
-25.672 37.735 1.173
-123.440 48.125 1.085
-59.133 47.567 1.345
-1.062 45.569 1.108
-80.593 28.415 1.089
25.630 -33.960 1.104
118.575 -20.318 1.103
150.912 -34.473 1.169
57.495 -20.155 1.147
16.867 -29.250 1.138
138.467 -35.108 1.073
-3.446 47.644 1.051
3.107 42.520 1.077
168.300 -17.767 1.187
-6.190 55.627 1.190
-4.768 54.085 1.119
-127.489 50.722 1.044
-97.215 26.060 0.973
-70.247 43.657 1.305
141.600 -38.333 1.082
-5.120 54.843 1.093
-6.657 55.207 1.174
-120.760 35.177 1.107
-1.112 50.803 1.078
-130.324 54.317 1.087
-71.401 41.807 1.102
-148.527 70.400 1.146
55.528 -4.672 1.114
-82.860 8.273 1.100
-87.950 15.833 1.120
-15.417 28.133 1.099
-72.967 -41.483 1.108
-67.617 -54.933 1.157
-132.072 53.252 1.107
24.407 64.666 0.027
-159.775 -21.207 1.044
20.895 63.986 0.290
21.426 61.133 1.680
-75.573 39.558 1.133
55.285 -20.935 1.203
-21.940 64.151 1.479
-134.953 -23.125 1.199
12.113 57.250 1.144
-97.047 28.022 0.998
63.418 -19.668 1.061
11.230 64.859 1.160
-3.966 48.718 1.058
150.790 -23.162 1.140
-17.750 28.683 1.141
-93.870 29.730 0.845
133.333 36.200 1.178
-2.246 47.140 1.056
-1.682 43.395 1.077
-2.028 48.641 1.103
-2.202 47.267 1.066
-66.063 45.251 1.289
145.742 15.227 1.030
133.250 35.550 1.038
17.950 -33.017 1.150
-95.203 16.160 1.093
-117.173 32.713 1.180
-80.108 -26.292 1.169
-122.465 37.807 1.084
-90.833 13.917 1.133
-66.117 18.460 1.060
-75.200 -15.367 1.134
-160.502 55.337 1.119
118.067 5.810 1.129
-74.009 40.467 1.063
-90.313 -0.755 1.152
-118.500 34.008 1.152
-122.339 47.603 1.078
104.115 1.932 1.071
-151.720 59.441 1.109
-149.427 60.120 1.102
-76.330 36.947 1.056
115.350 22.750 1.087
0.743 51.442 1.099
119.550 35.383 1.116
138.517 35.017 1.075
130.933 33.933 1.096
135.383 33.683 1.080
18.433 -34.183 1.120
14.358 55.557 1.281
-135.342 57.052 1.054
19.012 63.191 0.202
-135.327 59.450 1.127
12.829 55.417 1.185
11.218 58.354 1.197
-76.452 38.317 1.080
-124.043 44.625 1.051
17.531 62.363 -0.699
147.933 -42.550 1.116
-78.918 33.655 1.117
-82.627 27.760 1.033
-52.717 47.567 1.167
-57.821 -51.692 1.214
11.832 58.093 1.163
-123.181 49.125 1.095
-2.117 49.183 1.112
18.082 59.325 1.347
-6.389 58.207 1.220
134.900 34.350 1.067
178.427 -18.132 1.121
39.600 -69.000 1.158
134.050 34.350 1.049
-81.282 -4.582 1.099
103.853 1.262 1.075
135.183 34.333 1.063
174.033 -39.050 1.069
172.930 1.363 1.167
-5.600 36.000 1.046
176.183 -37.650 1.119
117.883 4.233 1.139
-16.240 28.480 1.156
133.640 -32.150 1.098
104.140 2.807 1.084
136.850 34.467 1.053
-6.064 56.623 1.153
-125.913 49.154 1.061
139.767 35.650 1.067
-109.048 25.600 1.112
132.967 32.783 1.050
5.913 43.117 1.038
146.833 -19.250 1.069
137.217 36.767 1.096
7.567 58.000 1.180
13.750 45.650 1.042
151.850 7.450 1.110
-78.730 1.817 1.081
22.101 60.428 1.313
138.883 35.017 1.091
-5.158 57.895 1.184
-166.537 53.880 1.150
133.950 34.483 1.045
135.900 33.567 1.052
132.550 33.233 1.104
21.571 63.081 0.286
-146.362 61.125 1.132
-0.330 39.460 1.044
-71.633 -33.033 1.137
-123.110 49.287 1.095
12.217 57.100 1.236
31.100 70.333 1.327
12.426 45.419 1.053
-123.370 48.422 1.071
12.579 56.142 1.157
-8.770 42.601 1.121
18.284 57.639 1.448
135.150 34.217 1.064
166.617 19.283 1.048
141.683 45.400 1.120
14.500 -22.950 1.176
-77.022 38.873 1.035
174.783 -41.283 1.133
-2.448 50.608 1.072
-0.614 54.490 1.081
-3.086 58.441 1.205
-123.965 46.708 1.058
-73.782 40.793 1.071
-77.953 34.227 1.068
18.419 54.797 1.177
-62.700 45.683 1.255
-70.672 41.523 1.097
-3.568 54.651 1.102
128.102 -15.453 1.117
118.067 24.450 1.072
-139.733 59.548 1.146
138.128 9.508 1.055
-66.117 43.833 1.250
139.633 35.467 1.083
13.817 55.417 1.240
39.190 -6.155 1.135
111.833 21.583 1.101
