144.283 44.017 1.108
-2.075 57.143 1.198
131.417 31.583 1.124
-89.833 13.583 1.217
-99.912 16.840 1.135
-176.632 51.863 1.210
-122.298 37.772 1.141
-126.931 50.587 1.072
29.917 31.217 1.114
-5.433 36.117 1.028
-149.890 61.238 1.265
13.506 43.625 1.097
-76.482 38.983 1.088
-70.400 -23.650 1.194
-84.982 29.727 0.471
-171.750 -13.817 1.277
-53.983 47.300 1.133
-13.530 28.972 1.214
-123.767 46.208 1.098
-74.418 39.355 1.128
-2.715 51.511 1.079
141.500 38.300 1.129
-79.573 8.962 1.120
-76.578 39.267 1.076
-90.285 -0.437 1.165
-125.136 48.836 1.133
2.163 41.342 1.145
-68.205 44.392 1.309
16.912 41.137 1.172
12.903 55.756 1.177
-59.633 -62.483 1.985
-1.515 43.527 1.100
109.083 21.483 1.127
-128.143 52.163 1.143
-64.700 32.400 1.285
-3.050 43.357 1.162
168.350 -46.600 1.201
-6.340 36.800 1.070
141.917 -10.600 1.138
-71.052 42.355 1.266
1.578 50.727 1.185
-4.500 48.383 1.124
-73.182 41.173 1.089
153.167 -27.367 1.223
122.217 -18.000 1.182
-77.100 3.900 1.190
-58.500 -34.667 1.086
152.380 -24.767 1.226
145.915 -41.050 1.202
-109.908 22.880 1.228
-6.283 36.533 1.099
9.114 39.210 1.084
1.868 50.969 1.084
-77.150 -12.050 1.257
-76.068 38.573 1.107
-125.247 50.042 1.129
-47.925 -25.017 1.098
147.058 -19.277 1.107
18.433 -33.900 1.210
-74.960 38.968 1.095
113.652 -24.898 1.140
-75.533 10.383 1.180
-9.417 38.692 1.089
15.094 37.498 1.042
-83.032 29.135 1.094
103.187 5.265 1.151
-5.317 35.900 1.085
91.050 22.217 1.121
-124.322 43.345 1.131
-79.925 32.782 1.116
-64.920 18.335 1.105
-63.117 46.233 1.273
-1.635 49.651 1.131
-76.113 36.967 1.099
142.200 27.100 1.187
140.867 35.750 1.148
-157.472 1.982 1.177
-94.200 58.783 -0.431
96.883 -12.117 1.235
-1.890 47.277 1.136
-145.753 60.558 1.212
-97.217 27.580 0.977
91.833 21.450 1.100
-124.183 41.745 1.118
-79.915 9.355 1.163
1.302 52.934 1.118
8.717 53.867 1.083
130.850 -12.467 1.208
20.385 60.032 1.531
6.933 53.326 1.108
4.746 52.965 1.080
-4.185 50.368 1.135
1.085 49.929 1.303
-2.088 47.306 1.102
108.617 19.100 1.225
1.318 51.117 1.126
-75.740 36.183 1.132
2.367 51.048 1.111
31.050 -29.867 1.137
27.917 -33.017 1.201
-109.448 -27.150 1.108
-66.985 44.903 1.285
162.387 11.430 1.290
-116.633 31.850 1.242
8.433 55.467 1.092
-79.647 0.992 1.136
121.900 -33.867 1.128
-64.267 -65.250 -3.305
1.348 51.957 1.140
-81.467 30.672 1.108
-4.983 52.014 1.157
18.211 60.409 1.339
151.233 -33.850 1.171
-80.902 32.033 1.126
-95.308 28.948 1.035
115.717 -32.050 1.129
-166.288 23.868 1.222
-123.010 48.547 1.155
139.933 40.650 1.177
128.850 32.700 1.284
-123.451 48.769 1.152
179.195 -8.525 1.226
-16.907 32.640 1.259
21.231 64.916 -4.520
-94.793 29.310 1.007
73.152 -0.687 1.280
11.933 54.567 1.128
102.107 6.227 1.114
-5.350 36.117 1.131
-5.698 43.558 1.161
-3.018 53.450 1.058
11.791 57.685 1.187
-89.957 29.263 0.831
136.417 -13.860 1.096
144.650 13.433 1.219
-110.900 27.933 1.204
141.533 40.533 1.306
110.283 20.017 1.086
140.717 41.783 1.185
-63.583 44.667 1.169
132.067 34.900 1.072
27.179 60.563 1.265
145.567 43.283 1.300
22.977 59.823 1.350
1.284 51.947 1.187
9.101 63.425 1.134
24.956 60.154 1.288
-2.920 54.032 1.037
115.738 -31.825 1.128
-155.067 19.733 1.204
-3.134 51.215 1.138
89.467 21.783 1.123
147.330 -42.887 1.183
4.120 51.977 1.078
-4.631 53.308 1.142
114.217 22.300 1.100
159.957 -9.425 1.295
25.973 70.980 1.276
-157.867 21.307 1.263
12.467 56.100 1.214
131.683 32.417 1.127
-6.834 37.132 1.103
-124.217 40.767 1.151
-4.111 51.211 1.140
-43.165 -22.897 1.144
-0.186 53.631 1.105
124.167 24.333 1.125
-169.530 16.738 1.133
103.792 1.462 1.161
-78.833 -33.622 1.344
-134.412 58.298 1.165
130.567 31.583 1.118
-156.467 20.900 1.234
23.096 65.697 28.263
121.282 28.088 1.105
-171.718 -2.810 1.175
120.288 22.615 1.173
154.777 1.098 1.197
21.215 62.344 1.807
139.750 35.517 1.252
121.745 25.157 1.102
101.358 3.050 1.185
102.153 2.215 1.197
24.515 65.673 21.999
70.220 -49.345 1.348
-131.625 55.333 1.206
-81.808 24.553 1.149
-5.050 58.457 1.164
-75.988 37.165 1.092
12.894 55.522 1.248
23.033 -34.050 1.118
99.817 11.795 1.161
98.425 7.832 1.275
135.183 34.683 1.068
133.567 33.500 1.063
-152.512 57.732 1.165
134.583 34.017 1.105
116.067 5.983 1.148
103.430 3.975 1.162
130.200 32.600 1.223
103.443 1.325 1.228
15.589 56.105 1.296
11.127 58.997 1.206
135.767 33.483 1.138
144.367 42.983 1.092
167.733 8.733 1.263
-8.400 43.367 1.179
-117.257 32.867 1.272
-80.917 -2.200 1.235
-110.345 24.162 1.244
-1.221 46.158 1.071
-87.817 13.333 1.262
17.865 58.742 1.365
99.765 6.432 1.261
177.433 -17.600 1.175
-4.781 48.359 1.165
0.106 49.482 1.078
-1.765 47.205 1.062
123.750 13.150 1.246
-3.182 55.990 1.198
-1.140 60.155 1.206
-1.794 46.497 1.094
-75.120 38.782 1.064
119.417 34.750 1.190
-64.753 17.697 1.063
10.299 43.546 1.143
-3.825 53.332 1.064
-80.717 -6.933 1.149
159.067 -31.517 1.155
-118.272 33.720 1.245
-64.883 47.083 1.431
1.751 52.473 1.081
15.150 -26.650 1.302
100.613 4.240 1.194
121.617 32.133 1.119
172.717 -43.600 1.213
5.113 61.934 1.188
-67.047 17.972 1.138
137.617 34.683 1.017
135.383 35.467 1.273
171.373 7.107 1.229
130.300 31.267 1.100
-4.417 36.717 1.150
134.463 7.330 1.277
73.527 4.190 1.254
-7.333 55.367 1.181
120.967 14.583 1.206
21.463 61.594 1.418
174.500 -35.833 1.136
16.837 58.554 1.439
173.200 52.833 1.361
-72.117 -17.000 1.285
132.717 33.867 1.194
-81.432 30.395 1.133
-106.422 23.198 1.198
139.817 34.917 1.164
15.563 38.196 1.147
-177.367 28.217 1.125
-5.014 51.702 1.131
-4.906 55.750 1.116
50.600 26.233 1.130
130.450 32.617 1.220
139.482 34.067 1.150
141.983 39.650 1.373
-157.800 21.433 1.261
7.421 43.729 1.143
-71.960 41.048 1.078
-121.888 36.605 1.181
22.133 -34.183 1.197
134.167 33.267 1.066
129.867 32.733 1.248
136.883 35.083 1.059
127.667 26.200 1.186
-61.683 56.550 3.106
129.842 29.842 1.170
-1.634 47.194 1.111
-70.097 41.285 1.145
176.917 -39.483 1.297
-81.808 26.132 1.074
14.269 40.841 1.167
166.905 -0.528 1.158
-159.350 21.967 1.176
129.495 28.382 1.189
-124.617 48.368 1.164
-72.087 41.355 1.059
-74.015 40.700 1.076
0.057 50.782 1.088
-5.542 50.102 1.140
-71.327 41.505 1.156
-2.987 51.550 1.170
-122.910 49.200 1.091
130.992 30.735 1.216
-1.440 55.007 1.097
-60.250 46.217 1.263
166.437 -22.292 1.233
-175.167 -21.133 1.209
-140.082 -8.930 1.240
11.950 78.933 -7.800
141.717 39.067 1.152
141.750 39.017 1.148
139.383 34.783 1.257
17.097 57.366 1.361
138.217 34.617 1.118
140.900 36.933 1.111
135.433 34.650 1.053
16.478 57.275 1.370
10.734 59.909 1.167
18.497 40.147 1.085
25.418 65.040 28.884
130.217 32.983 1.171
136.217 34.067 1.089
-170.683 -14.283 1.300
-81.167 -5.083 1.177
15.275 40.032 1.148
-149.567 -17.525 1.095
-123.451 48.654 1.119
100.347 5.422 1.165
-158.053 -8.977 1.093
-87.213 30.403 1.019
-75.142 39.933 1.116
22.690 63.709 3.817
158.243 6.987 1.212
-123.253 49.337 1.157
-25.672 37.735 1.266
-123.440 48.125 1.111
-59.133 47.567 1.349
-1.062 45.569 1.148
-80.593 28.415 1.094
25.630 -33.960 1.190
118.575 -20.318 1.158
150.912 -34.473 1.199
57.495 -20.155 1.254
16.867 -29.250 1.240
138.467 -35.108 1.128
-3.446 47.644 1.082
3.107 42.520 1.151
168.300 -17.767 1.307
-6.190 55.627 1.213
-4.768 54.085 1.111
-127.489 50.722 1.069
-97.215 26.060 0.984
-70.247 43.657 1.313
141.600 -38.333 1.139
-5.120 54.843 1.115
-6.657 55.207 1.209
-120.760 35.177 1.177
-1.112 50.803 1.102
-130.324 54.317 1.120
-71.401 41.807 1.106
-148.527 70.400 1.211
55.528 -4.672 1.209
-82.860 8.273 1.156
-87.950 15.833 1.192
-15.417 28.133 1.186
-72.967 -41.483 1.185
-67.617 -54.933 1.133
-132.072 53.252 1.179
24.407 64.666 65.244
-159.775 -21.207 1.061
20.895 63.986 3.770
21.426 61.133 1.498
-75.573 39.558 1.188
55.285 -20.935 1.299
-21.940 64.151 2.030
-134.953 -23.125 1.301
12.113 57.250 1.176
-97.047 28.022 1.012
63.418 -19.668 1.104
11.230 64.859 1.174
-3.966 48.718 1.087
150.790 -23.162 1.201
-17.750 28.683 1.241
-93.870 29.730 0.895
133.333 36.200 1.309
-2.246 47.140 1.086
-1.682 43.395 1.119
-2.028 48.641 1.145
-2.202 47.267 1.093
-66.063 45.251 1.306
145.742 15.227 1.053
133.250 35.550 1.063
17.950 -33.017 1.244
-95.203 16.160 1.161
-117.173 32.713 1.252
-80.108 -26.292 1.254
-122.465 37.807 1.133
-90.833 13.917 1.224
-66.117 18.460 1.134
-75.200 -15.367 1.220
-160.502 55.337 1.175
118.067 5.810 1.172
-74.009 40.467 1.072
-90.313 -0.755 1.242
-118.500 34.008 1.202
-122.339 47.603 1.113
104.115 1.932 1.126
-151.720 59.441 1.187
-149.427 60.120 1.165
-76.330 36.947 1.073
115.350 22.750 1.142
0.743 51.442 1.134
119.550 35.383 1.239
138.517 35.017 1.137
130.933 33.933 1.178
135.383 33.683 1.152
18.433 -34.183 1.230
14.358 55.557 1.309
-135.342 57.052 1.100
19.012 63.191 1.592
-135.327 59.450 1.183
12.829 55.417 1.211
11.218 58.354 1.228
-76.452 38.317 1.109
-124.043 44.625 1.090
17.531 62.363 2.449
147.933 -42.550 1.241
-78.918 33.655 1.128
-82.627 27.760 1.043
-52.717 47.567 1.179
-57.821 -51.692 1.237
11.832 58.093 1.198
-123.181 49.125 1.149
-2.117 49.183 1.163
18.082 59.325 1.402
-6.389 58.207 1.265
134.900 34.350 1.129
178.427 -18.132 1.217
39.600 -69.000 1.409
134.050 34.350 1.088
-81.282 -4.582 1.163
103.853 1.262 1.142
135.183 34.333 1.122
174.033 -39.050 1.109
172.930 1.363 1.250
-5.600 36.000 1.073
176.183 -37.650 1.182
117.883 4.233 1.258
-16.240 28.480 1.264
133.640 -32.150 1.147
104.140 2.807 1.158
136.850 34.467 1.094
-6.064 56.623 1.181
-125.913 49.154 1.112
139.767 35.650 1.115
-109.048 25.600 1.213
132.967 32.783 1.081
5.913 43.117 1.076
146.833 -19.250 1.112
137.217 36.767 1.185
7.567 58.000 1.207
13.750 45.650 1.080
151.850 7.450 1.181
-78.730 1.817 1.150
22.101 60.428 1.321
138.883 35.017 1.164
-5.158 57.895 1.218
-166.537 53.880 1.230
133.950 34.483 1.066
135.900 33.567 1.083
132.550 33.233 1.204
21.571 63.081 3.288
-146.362 61.125 1.211
-0.330 39.460 1.095
-71.633 -33.033 1.217
-123.110 49.287 1.159
12.217 57.100 1.280
31.100 70.333 1.409
12.426 45.419 1.081
-123.370 48.422 1.101
12.579 56.142 1.170
-8.770 42.601 1.180
18.284 57.639 1.445
135.150 34.217 1.127
166.617 19.283 1.094
141.683 45.400 1.242
14.500 -22.950 1.287
-77.022 38.873 1.037
174.783 -41.283 1.191
-2.448 50.608 1.105
-0.614 54.490 1.096
-3.086 58.441 1.279
-123.965 46.708 1.086
-73.782 40.793 1.074
-77.953 34.227 1.086
18.419 54.797 1.220
-62.700 45.683 1.241
-70.672 41.523 1.099
-3.568 54.651 1.106
128.102 -15.453 1.201
118.067 24.450 1.125
-139.733 59.548 1.222
138.128 9.508 1.093
-66.117 43.833 1.266
139.633 35.467 1.150
13.817 55.417 1.283
39.190 -6.155 1.200
111.833 21.583 1.157
