144.283 44.017 1.127
-2.075 57.143 1.249
131.417 31.583 1.145
-89.833 13.583 1.292
-99.912 16.840 1.170
-176.632 51.863 1.264
-122.298 37.772 1.181
-126.931 50.587 1.103
29.917 31.217 1.135
-5.433 36.117 1.036
-149.890 61.238 1.337
13.506 43.625 1.116
-76.482 38.983 1.108
-70.400 -23.650 1.236
-84.982 29.727 0.263
-171.750 -13.817 1.351
-53.983 47.300 1.170
-13.530 28.972 1.259
-123.767 46.208 1.129
-74.418 39.355 1.162
-2.715 51.511 1.099
141.500 38.300 1.170
-79.573 8.962 1.151
-76.578 39.267 1.088
-90.285 -0.437 1.203
-125.136 48.836 1.177
2.163 41.342 1.175
-68.205 44.392 1.403
16.912 41.137 1.214
12.903 55.756 1.223
-59.633 -62.483 1.721
-1.515 43.527 1.124
109.083 21.483 1.154
-128.143 52.163 1.210
-64.700 32.400 1.360
-3.050 43.357 1.199
168.350 -46.600 1.238
-6.340 36.800 1.085
141.917 -10.600 1.172
-71.052 42.355 1.302
1.578 50.727 1.226
-4.500 48.383 1.154
-73.182 41.173 1.101
153.167 -27.367 1.284
122.217 -18.000 1.226
-77.100 3.900 1.244
-58.500 -34.667 1.094
152.380 -24.767 1.275
145.915 -41.050 1.249
-109.908 22.880 1.257
-6.283 36.533 1.121
9.114 39.210 1.101
1.868 50.969 1.105
-77.150 -12.050 1.293
-76.068 38.573 1.125
-125.247 50.042 1.177
-47.925 -25.017 1.120
147.058 -19.277 1.129
18.433 -33.900 1.251
-74.960 38.968 1.118
113.652 -24.898 1.185
-75.533 10.383 1.212
-9.417 38.692 1.117
15.094 37.498 1.051
-83.032 29.135 1.117
103.187 5.265 1.185
-5.317 35.900 1.106
91.050 22.217 1.144
-124.322 43.345 1.166
-79.925 32.782 1.134
-64.920 18.335 1.135
-63.117 46.233 1.347
-1.635 49.651 1.157
-76.113 36.967 1.121
142.200 27.100 1.236
140.867 35.750 1.171
-157.472 1.982 1.217
-94.200 58.783 -0.030
96.883 -12.117 1.301
-1.890 47.277 1.158
-145.753 60.558 1.294
-97.217 27.580 0.984
91.833 21.450 1.123
-124.183 41.745 1.155
-79.915 9.355 1.208
1.302 52.934 1.140
8.717 53.867 1.097
130.850 -12.467 1.261
20.385 60.032 2.060
6.933 53.326 1.125
4.746 52.965 1.098
-4.185 50.368 1.157
1.085 49.929 1.373
-2.088 47.306 1.126
108.617 19.100 1.265
1.318 51.117 1.155
-75.740 36.183 1.148
2.367 51.048 1.131
31.050 -29.867 1.163
27.917 -33.017 1.242
-109.448 -27.150 1.121
-66.985 44.903 1.374
162.387 11.430 1.356
-116.633 31.850 1.315
8.433 55.467 1.111
-79.647 0.992 1.167
121.900 -33.867 1.158
-64.267 -65.250 4.205
1.348 51.957 1.166
-81.467 30.672 1.133
-4.983 52.014 1.202
18.211 60.409 1.715
151.233 -33.850 1.200
-80.902 32.033 1.152
-95.308 28.948 1.040
115.717 -32.050 1.161
-166.288 23.868 1.273
-123.010 48.547 1.206
139.933 40.650 1.206
128.850 32.700 1.344
-123.451 48.769 1.195
179.195 -8.525 1.281
-16.907 32.640 1.318
21.231 64.916 0.223
-94.793 29.310 1.009
73.152 -0.687 1.335
11.933 54.567 1.153
102.107 6.227 1.139
-5.350 36.117 1.167
-5.698 43.558 1.197
-3.018 53.450 1.078
11.791 57.685 1.246
-89.957 29.263 0.814
136.417 -13.860 1.119
144.650 13.433 1.271
-110.900 27.933 1.256
141.533 40.533 1.353
110.283 20.017 1.109
140.717 41.783 1.206
-63.583 44.667 1.203
132.067 34.900 1.091
27.179 60.563 1.352
145.567 43.283 1.374
22.977 59.823 1.498
1.284 51.947 1.216
9.101 63.425 1.191
24.956 60.154 1.392
-2.920 54.032 1.049
115.738 -31.825 1.154
-155.067 19.733 1.230
-3.134 51.215 1.173
89.467 21.783 1.147
147.330 -42.887 1.206
4.120 51.977 1.101
-4.631 53.308 1.171
114.217 22.300 1.118
159.957 -9.425 1.360
25.973 70.980 1.360
-157.867 21.307 1.305
12.467 56.100 1.264
131.683 32.417 1.148
-6.834 37.132 1.132
-124.217 40.767 1.190
-4.111 51.211 1.175
-43.165 -22.897 1.163
-0.186 53.631 1.135
124.167 24.333 1.151
-169.530 16.738 1.164
103.792 1.462 1.193
-78.833 -33.622 1.403
-134.412 58.298 1.231
130.567 31.583 1.144
-156.467 20.900 1.310
23.096 65.697 0.043
121.282 28.088 1.131
-171.718 -2.810 1.225
120.288 22.615 1.210
154.777 1.098 1.234
21.215 62.344 -0.163
139.750 35.517 1.312
121.745 25.157 1.122
101.358 3.050 1.238
102.153 2.215 1.238
24.515 65.673 0.245
70.220 -49.345 1.410
-131.625 55.333 1.275
-81.808 24.553 1.180
-5.050 58.457 1.216
-75.988 37.165 1.109
12.894 55.522 1.314
23.033 -34.050 1.144
99.817 11.795 1.193
98.425 7.832 1.340
135.183 34.683 1.080
133.567 33.500 1.079
-152.512 57.732 1.211
134.583 34.017 1.129
116.067 5.983 1.179
103.430 3.975 1.197
130.200 32.600 1.285
103.443 1.325 1.259
15.589 56.105 1.345
11.127 58.997 1.290
135.767 33.483 1.160
144.367 42.983 1.115
167.733 8.733 1.309
-8.400 43.367 1.224
-117.257 32.867 1.351
-80.917 -2.200 1.301
-110.345 24.162 1.300
-1.221 46.158 1.088
-87.817 13.333 1.340
17.865 58.742 1.516
99.765 6.432 1.301
177.433 -17.600 1.222
-4.781 48.359 1.198
0.106 49.482 1.099
-1.765 47.205 1.077
123.750 13.150 1.308
-3.182 55.990 1.241
-1.140 60.155 1.262
-1.794 46.497 1.117
-75.120 38.782 1.083
119.417 34.750 1.223
-64.753 17.697 1.074
10.299 43.546 1.176
-3.825 53.332 1.083
-80.717 -6.933 1.189
159.067 -31.517 1.183
-118.272 33.720 1.316
-64.883 47.083 1.540
1.751 52.473 1.095
15.150 -26.650 1.359
100.613 4.240 1.242
121.617 32.133 1.144
172.717 -43.600 1.256
5.113 61.934 1.256
-67.047 17.972 1.167
137.617 34.683 1.021
135.383 35.467 1.330
171.373 7.107 1.275
130.300 31.267 1.117
-4.417 36.717 1.178
134.463 7.330 1.321
73.527 4.190 1.312
-7.333 55.367 1.230
120.967 14.583 1.247
21.463 61.594 2.773
174.500 -35.833 1.146
16.837 58.554 1.616
173.200 52.833 1.452
-72.117 -17.000 1.342
132.717 33.867 1.243
-81.432 30.395 1.158
-106.422 23.198 1.233
139.817 34.917 1.203
15.563 38.196 1.175
-177.367 28.217 1.147
-5.014 51.702 1.165
-4.906 55.750 1.157
50.600 26.233 1.155
130.450 32.617 1.260
139.482 34.067 1.188
141.983 39.650 1.433
-157.800 21.433 1.309
7.421 43.729 1.181
-71.960 41.048 1.092
-121.888 36.605 1.223
22.133 -34.183 1.235
134.167 33.267 1.074
129.867 32.733 1.304
136.883 35.083 1.076
127.667 26.200 1.228
-61.683 56.550 5.205
129.842 29.842 1.204
-1.634 47.194 1.141
-70.097 41.285 1.180
176.917 -39.483 1.348
-81.808 26.132 1.087
14.269 40.841 1.203
166.905 -0.528 1.191
-159.350 21.967 1.225
129.495 28.382 1.224
-124.617 48.368 1.204
-72.087 41.355 1.074
-74.015 40.700 1.088
0.057 50.782 1.107
-5.542 50.102 1.170
-71.327 41.505 1.200
-2.987 51.550 1.207
-122.910 49.200 1.126
130.992 30.735 1.252
-1.440 55.007 1.125
-60.250 46.217 1.335
166.437 -22.292 1.303
-175.167 -21.133 1.249
-140.082 -8.930 1.280
11.950 78.933 -1.288
141.717 39.067 1.197
141.750 39.017 1.178
139.383 34.783 1.301
17.097 57.366 1.483
138.217 34.617 1.149
140.900 36.933 1.137
135.433 34.650 1.066
16.478 57.275 1.491
10.734 59.909 1.222
18.497 40.147 1.107
25.418 65.040 -0.023
130.217 32.983 1.207
136.217 34.067 1.101
-170.683 -14.283 1.386
-81.167 -5.083 1.208
15.275 40.032 1.172
-149.567 -17.525 1.124
-123.451 48.654 1.159
100.347 5.422 1.206
-158.053 -8.977 1.121
-87.213 30.403 1.022
-75.142 39.933 1.144
22.690 63.709 -0.510
158.243 6.987 1.264
-123.253 49.337 1.191
-25.672 37.735 1.324
-123.440 48.125 1.150
-59.133 47.567 1.420
-1.062 45.569 1.180
-80.593 28.415 1.115
25.630 -33.960 1.230
118.575 -20.318 1.187
150.912 -34.473 1.242
57.495 -20.155 1.295
16.867 -29.250 1.283
138.467 -35.108 1.154
-3.446 47.644 1.100
3.107 42.520 1.191
168.300 -17.767 1.358
-6.190 55.627 1.270
-4.768 54.085 1.146
-127.489 50.722 1.095
-97.215 26.060 0.982
-70.247 43.657 1.399
141.600 -38.333 1.169
-5.120 54.843 1.150
-6.657 55.207 1.272
-120.760 35.177 1.247
-1.112 50.803 1.126
-130.324 54.317 1.188
-71.401 41.807 1.127
-148.527 70.400 1.249
55.528 -4.672 1.254
-82.860 8.273 1.187
-87.950 15.833 1.237
-15.417 28.133 1.219
-72.967 -41.483 1.213
-67.617 -54.933 1.133
-132.072 53.252 1.241
24.407 64.666 -0.052
-159.775 -21.207 1.075
20.895 63.986 0.109
21.426 61.133 2.997
-75.573 39.558 1.202
55.285 -20.935 1.367
-21.940 64.151 3.150
-134.953 -23.125 1.358
12.113 57.250 1.225
-97.047 28.022 1.009
63.418 -19.668 1.135
11.230 64.859 1.252
-3.966 48.718 1.106
150.790 -23.162 1.253
-17.750 28.683 1.283
-93.870 29.730 0.848
133.333 36.200 1.351
-2.246 47.140 1.104
-1.682 43.395 1.155
-2.028 48.641 1.182
-2.202 47.267 1.117
-66.063 45.251 1.398
145.742 15.227 1.064
133.250 35.550 1.076
17.950 -33.017 1.312
-95.203 16.160 1.207
-117.173 32.713 1.322
-80.108 -26.292 1.299
-122.465 37.807 1.172
-90.833 13.917 1.271
-66.117 18.460 1.162
-75.200 -15.367 1.263
-160.502 55.337 1.230
118.067 5.810 1.229
-74.009 40.467 1.090
-90.313 -0.755 1.298
-118.500 34.008 1.275
-122.339 47.603 1.149
104.115 1.932 1.155
-151.720 59.441 1.245
-149.427 60.120 1.217
-76.330 36.947 1.089
115.350 22.750 1.162
0.743 51.442 1.160
119.550 35.383 1.266
138.517 35.017 1.168
130.933 33.933 1.217
135.383 33.683 1.182
18.433 -34.183 1.283
14.358 55.557 1.398
-135.342 57.052 1.128
19.012 63.191 0.230
-135.327 59.450 1.265
12.829 55.417 1.247
11.218 58.354 1.315
-76.452 38.317 1.134
-124.043 44.625 1.122
17.531 62.363 -0.336
147.933 -42.550 1.277
-78.918 33.655 1.150
-82.627 27.760 1.054
-52.717 47.567 1.221
-57.821 -51.692 1.249
11.832 58.093 1.254
-123.181 49.125 1.198
-2.117 49.183 1.200
18.082 59.325 1.623
-6.389 58.207 1.351
134.900 34.350 1.148
178.427 -18.132 1.260
39.600 -69.000 1.445
134.050 34.350 1.106
-81.282 -4.582 1.197
103.853 1.262 1.173
135.183 34.333 1.151
174.033 -39.050 1.138
172.930 1.363 1.311
-5.600 36.000 1.093
176.183 -37.650 1.214
117.883 4.233 1.321
-16.240 28.480 1.317
133.640 -32.150 1.177
104.140 2.807 1.195
136.850 34.467 1.115
-6.064 56.623 1.234
-125.913 49.154 1.146
139.767 35.650 1.148
-109.048 25.600 1.261
132.967 32.783 1.100
5.913 43.117 1.097
146.833 -19.250 1.136
137.217 36.767 1.219
7.567 58.000 1.270
13.750 45.650 1.100
151.850 7.450 1.217
-78.730 1.817 1.186
22.101 60.428 1.526
138.883 35.017 1.199
-5.158 57.895 1.272
-166.537 53.880 1.308
133.950 34.483 1.080
135.900 33.567 1.099
132.550 33.233 1.242
21.571 63.081 0.122
-146.362 61.125 1.283
-0.330 39.460 1.113
-71.633 -33.033 1.254
-123.110 49.287 1.212
12.217 57.100 1.357
31.100 70.333 1.555
12.426 45.419 1.101
-123.370 48.422 1.130
12.579 56.142 1.209
-8.770 42.601 1.226
18.284 57.639 1.571
135.150 34.217 1.148
166.617 19.283 1.114
141.683 45.400 1.286
14.500 -22.950 1.344
-77.022 38.873 1.045
174.783 -41.283 1.226
-2.448 50.608 1.135
-0.614 54.490 1.122
-3.086 58.441 1.359
-123.965 46.708 1.110
-73.782 40.793 1.089
-77.953 34.227 1.101
18.419 54.797 1.270
-62.700 45.683 1.293
-70.672 41.523 1.119
-3.568 54.651 1.132
128.102 -15.453 1.237
118.067 24.450 1.149
-139.733 59.548 1.324
138.128 9.508 1.113
-66.117 43.833 1.326
139.633 35.467 1.175
13.817 55.417 1.351
39.190 -6.155 1.241
111.833 21.583 1.200
