144.283 44.017 1.166
-2.075 57.143 1.395
131.417 31.583 1.149
-89.833 13.583 1.330
-99.912 16.840 1.193
-176.632 51.863 1.298
-122.298 37.772 1.230
-126.931 50.587 1.208
29.917 31.217 1.136
-5.433 36.117 1.055
-149.890 61.238 1.544
13.506 43.625 1.232
-76.482 38.983 1.117
-70.400 -23.650 1.259
-84.982 29.727 -0.243
-171.750 -13.817 1.426
-53.983 47.300 1.235
-13.530 28.972 1.302
-123.767 46.208 1.158
-74.418 39.355 1.183
-2.715 51.511 1.128
141.500 38.300 1.172
-79.573 8.962 1.190
-76.578 39.267 1.101
-90.285 -0.437 1.234
-125.136 48.836 1.239
2.163 41.342 1.176
-68.205 44.392 1.826
16.912 41.137 1.246
12.903 55.756 1.369
-59.633 -62.483 1.578
-1.515 43.527 1.165
109.083 21.483 1.183
-128.143 52.163 1.523
-64.700 32.400 1.461
-3.050 43.357 1.287
168.350 -46.600 1.309
-6.340 36.800 1.110
141.917 -10.600 1.197
-71.052 42.355 1.492
1.578 50.727 1.310
-4.500 48.383 1.181
-73.182 41.173 1.148
153.167 -27.367 1.341
122.217 -18.000 1.290
-77.100 3.900 1.297
-58.500 -34.667 1.115
152.380 -24.767 1.343
145.915 -41.050 1.287
-109.908 22.880 1.304
-6.283 36.533 1.145
9.114 39.210 1.115
1.868 50.969 1.151
-77.150 -12.050 1.337
-76.068 38.573 1.146
-125.247 50.042 1.239
-47.925 -25.017 1.112
147.058 -19.277 1.171
18.433 -33.900 1.259
-74.960 38.968 1.123
113.652 -24.898 1.221
-75.533 10.383 1.304
-9.417 38.692 1.145
15.094 37.498 1.056
-83.032 29.135 1.187
103.187 5.265 1.227
-5.317 35.900 1.137
91.050 22.217 1.236
-124.322 43.345 1.200
-79.925 32.782 1.172
-64.920 18.335 1.126
-63.117 46.233 1.609
-1.635 49.651 1.212
-76.113 36.967 1.144
142.200 27.100 1.250
140.867 35.750 1.175
-157.472 1.982 1.268
-94.200 58.783 0.222
96.883 -12.117 1.370
-1.890 47.277 1.219
-145.753 60.558 1.458
-97.217 27.580 0.959
91.833 21.450 1.190
-124.183 41.745 1.193
-79.915 9.355 1.257
1.302 52.934 1.211
8.717 53.867 1.149
130.850 -12.467 1.303
20.385 60.032 0.368
6.933 53.326 1.200
4.746 52.965 1.160
-4.185 50.368 1.218
1.085 49.929 1.502
-2.088 47.306 1.171
108.617 19.100 1.329
1.318 51.117 1.209
-75.740 36.183 1.165
2.367 51.048 1.179
31.050 -29.867 1.185
27.917 -33.017 1.270
-109.448 -27.150 1.130
-66.985 44.903 1.678
162.387 11.430 1.448
-116.633 31.850 1.388
8.433 55.467 1.186
-79.647 0.992 1.216
121.900 -33.867 1.188
-64.267 -65.250 2.880
1.348 51.957 1.253
-81.467 30.672 1.202
-4.983 52.014 1.280
18.211 60.409 0.656
151.233 -33.850 1.260
-80.902 32.033 1.227
-95.308 28.948 1.067
115.717 -32.050 1.208
-166.288 23.868 1.311
-123.010 48.547 1.320
139.933 40.650 1.244
128.850 32.700 1.396
-123.451 48.769 1.279
179.195 -8.525 1.350
-16.907 32.640 1.400
21.231 64.916 0.809
-94.793 29.310 1.001
73.152 -0.687 1.451
11.933 54.567 1.228
102.107 6.227 1.143
-5.350 36.117 1.223
-5.698 43.558 1.253
-3.018 53.450 1.151
11.791 57.685 1.542
-89.957 29.263 0.657
136.417 -13.860 1.186
144.650 13.433 1.277
-110.900 27.933 1.298
141.533 40.533 1.394
110.283 20.017 1.170
140.717 41.783 1.236
-63.583 44.667 1.283
132.067 34.900 1.115
27.179 60.563 2.618
145.567 43.283 1.354
22.977 59.823 9.733
1.284 51.947 1.313
9.101 63.425 1.690
24.956 60.154 2.750
-2.920 54.032 1.098
115.738 -31.825 1.207
-155.067 19.733 1.268
-3.134 51.215 1.219
89.467 21.783 1.195
147.330 -42.887 1.191
4.120 51.977 1.149
-4.631 53.308 1.300
114.217 22.300 1.149
159.957 -9.425 1.440
25.973 70.980 1.698
-157.867 21.307 1.392
12.467 56.100 1.490
131.683 32.417 1.163
-6.834 37.132 1.157
-124.217 40.767 1.240
-4.111 51.211 1.248
-43.165 -22.897 1.163
-0.186 53.631 1.158
124.167 24.333 1.157
-169.530 16.738 1.170
103.792 1.462 1.206
-78.833 -33.622 1.459
-134.412 58.298 1.456
130.567 31.583 1.152
-156.467 20.900 1.361
23.096 65.697 0.732
121.282 28.088 1.211
-171.718 -2.810 1.273
120.288 22.615 1.229
154.777 1.098 1.288
21.215 62.344 0.861
139.750 35.517 1.310
121.745 25.157 1.148
101.358 3.050 1.275
102.153 2.215 1.303
24.515 65.673 0.778
70.220 -49.345 1.469
-131.625 55.333 1.446
-81.808 24.553 1.194
-5.050 58.457 1.422
-75.988 37.165 1.162
12.894 55.522 1.511
23.033 -34.050 1.162
99.817 11.795 1.214
98.425 7.832 1.408
135.183 34.683 1.104
133.567 33.500 1.108
-152.512 57.732 1.301
134.583 34.017 1.143
116.067 5.983 1.204
103.430 3.975 1.241
130.200 32.600 1.292
103.443 1.325 1.284
15.589 56.105 1.669
11.127 58.997 2.247
135.767 33.483 1.175
144.367 42.983 1.140
167.733 8.733 1.388
-8.400 43.367 1.295
-117.257 32.867 1.485
-80.917 -2.200 1.336
-110.345 24.162 1.343
-1.221 46.158 1.133
-87.817 13.333 1.439
17.865 58.742 6.539
99.765 6.432 1.386
177.433 -17.600 1.263
-4.781 48.359 1.269
0.106 49.482 1.141
-1.765 47.205 1.129
123.750 13.150 1.347
-3.182 55.990 1.380
-1.140 60.155 1.374
-1.794 46.497 1.161
-75.120 38.782 1.098
119.417 34.750 1.254
-64.753 17.697 1.074
10.299 43.546 1.169
-3.825 53.332 1.167
-80.717 -6.933 1.203
159.067 -31.517 1.197
-118.272 33.720 1.587
-64.883 47.083 1.942
1.751 52.473 1.140
15.150 -26.650 1.408
100.613 4.240 1.273
121.617 32.133 1.243
172.717 -43.600 1.279
5.113 61.934 1.475
-67.047 17.972 1.173
137.617 34.683 1.028
135.383 35.467 1.365
171.373 7.107 1.324
130.300 31.267 1.137
-4.417 36.717 1.169
134.463 7.330 1.372
73.527 4.190 1.417
-7.333 55.367 1.408
120.967 14.583 1.244
21.463 61.594 0.799
174.500 -35.833 1.192
16.837 58.554 7.458
173.200 52.833 1.583
-72.117 -17.000 1.411
132.717 33.867 1.246
-81.432 30.395 1.231
-106.422 23.198 1.266
139.817 34.917 1.212
15.563 38.196 1.192
-177.367 28.217 1.159
-5.014 51.702 1.230
-4.906 55.750 1.308
50.600 26.233 1.218
130.450 32.617 1.279
139.482 34.067 1.193
141.983 39.650 1.482
-157.800 21.433 1.389
7.421 43.729 1.174
-71.960 41.048 1.137
-121.888 36.605 1.282
22.133 -34.183 1.250
134.167 33.267 1.098
129.867 32.733 1.339
136.883 35.083 1.100
127.667 26.200 1.236
-61.683 56.550 -4.211
129.842 29.842 1.203
-1.634 47.194 1.190
-70.097 41.285 1.251
176.917 -39.483 1.434
-81.808 26.132 1.148
14.269 40.841 1.207
166.905 -0.528 1.222
-159.350 21.967 1.242
129.495 28.382 1.237
-124.617 48.368 1.270
-72.087 41.355 1.110
-74.015 40.700 1.130
0.057 50.782 1.143
-5.542 50.102 1.230
-71.327 41.505 1.270
-2.987 51.550 1.301
-122.910 49.200 1.173
130.992 30.735 1.254
-1.440 55.007 1.172
-60.250 46.217 1.566
166.437 -22.292 1.340
-175.167 -21.133 1.302
-140.082 -8.930 1.317
11.950 78.933 -0.061
141.717 39.067 1.202
141.750 39.017 1.199
139.383 34.783 1.313
17.097 57.366 2.610
138.217 34.617 1.153
140.900 36.933 1.144
135.433 34.650 1.081
16.478 57.275 2.655
10.734 59.909 2.056
18.497 40.147 1.146
25.418 65.040 0.699
130.217 32.983 1.213
136.217 34.067 1.125
-170.683 -14.283 1.490
-81.167 -5.083 1.249
15.275 40.032 1.177
-149.567 -17.525 1.122
-123.451 48.654 1.255
100.347 5.422 1.245
-158.053 -8.977 1.142
-87.213 30.403 1.026
-75.142 39.933 1.174
22.690 63.709 0.751
158.243 6.987 1.294
-123.253 49.337 1.272
-25.672 37.735 1.423
-123.440 48.125 1.238
-59.133 47.567 1.768
-1.062 45.569 1.258
-80.593 28.415 1.182
25.630 -33.960 1.236
118.575 -20.318 1.229
150.912 -34.473 1.311
57.495 -20.155 1.391
16.867 -29.250 1.313
138.467 -35.108 1.178
-3.446 47.644 1.135
3.107 42.520 1.189
168.300 -17.767 1.466
-6.190 55.627 1.511
-4.768 54.085 1.297
-127.489 50.722 1.185
-97.215 26.060 0.948
-70.247 43.657 1.762
141.600 -38.333 1.207
-5.120 54.843 1.230
-6.657 55.207 1.500
-120.760 35.177 1.280
-1.112 50.803 1.175
-130.324 54.317 1.617
-71.401 41.807 1.204
-148.527 70.400 1.340
55.528 -4.672 1.307
-82.860 8.273 1.263
-87.950 15.833 1.330
-15.417 28.133 1.240
-72.967 -41.483 1.199
-67.617 -54.933 1.130
-132.072 53.252 1.384
24.407 64.666 0.715
-159.775 -21.207 1.095
20.895 63.986 0.831
21.426 61.133 0.789
-75.573 39.558 1.231
55.285 -20.935 1.520
-21.940 64.151 -5.294
-134.953 -23.125 1.440
12.113 57.250 1.514
-97.047 28.022 1.001
63.418 -19.668 1.164
11.230 64.859 2.278
-3.966 48.718 1.134
150.790 -23.162 1.303
-17.750 28.683 1.334
-93.870 29.730 0.723
133.333 36.200 1.409
-2.246 47.140 1.142
-1.682 43.395 1.210
-2.028 48.641 1.254
-2.202 47.267 1.146
-66.063 45.251 1.717
145.742 15.227 1.070
133.250 35.550 1.088
17.950 -33.017 1.351
-95.203 16.160 1.241
-117.173 32.713 1.465
-80.108 -26.292 1.339
-122.465 37.807 1.230
-90.833 13.917 1.339
-66.117 18.460 1.167
-75.200 -15.367 1.292
-160.502 55.337 1.310
118.067 5.810 1.268
-74.009 40.467 1.126
-90.313 -0.755 1.362
-118.500 34.008 1.455
-122.339 47.603 1.232
104.115 1.932 1.169
-151.720 59.441 1.355
-149.427 60.120 1.333
-76.330 36.947 1.107
115.350 22.750 1.202
0.743 51.442 1.227
119.550 35.383 1.316
138.517 35.017 1.178
130.933 33.933 1.223
135.383 33.683 1.199
18.433 -34.183 1.296
14.358 55.557 1.706
-135.342 57.052 1.169
19.012 63.191 0.903
-135.327 59.450 1.535
12.829 55.417 1.422
11.218 58.354 2.326
-76.452 38.317 1.151
-124.043 44.625 1.133
17.531 62.363 0.834
147.933 -42.550 1.276
-78.918 33.655 1.221
-82.627 27.760 1.072
-52.717 47.567 1.304
-57.821 -51.692 1.247
11.832 58.093 1.577
-123.181 49.125 1.282
-2.117 49.183 1.274
18.082 59.325 -0.538
-6.389 58.207 1.618
134.900 34.350 1.163
178.427 -18.132 1.300
39.600 -69.000 1.390
134.050 34.350 1.118
-81.282 -4.582 1.237
103.853 1.262 1.188
135.183 34.333 1.156
174.033 -39.050 1.166
172.930 1.363 1.398
-5.600 36.000 1.114
176.183 -37.650 1.270
117.883 4.233 1.353
-16.240 28.480 1.373
133.640 -32.150 1.215
104.140 2.807 1.208
136.850 34.467 1.123
-6.064 56.623 1.440
-125.913 49.154 1.208
139.767 35.650 1.154
-109.048 25.600 1.287
132.967 32.783 1.108
5.913 43.117 1.100
146.833 -19.250 1.155
137.217 36.767 1.257
7.567 58.000 1.458
13.750 45.650 1.123
151.850 7.450 1.232
-78.730 1.817 1.234
22.101 60.428 0.241
138.883 35.017 1.230
-5.158 57.895 1.541
-166.537 53.880 1.405
133.950 34.483 1.100
135.900 33.567 1.122
132.550 33.233 1.252
21.571 63.081 0.825
-146.362 61.125 1.480
-0.330 39.460 1.113
-71.633 -33.033 1.293
-123.110 49.287 1.284
12.217 57.100 1.815
31.100 70.333 2.235
12.426 45.419 1.139
-123.370 48.422 1.201
12.579 56.142 1.377
-8.770 42.601 1.306
18.284 57.639 2.835
135.150 34.217 1.168
166.617 19.283 1.115
141.683 45.400 1.314
14.500 -22.950 1.388
-77.022 38.873 1.066
174.783 -41.283 1.261
-2.448 50.608 1.171
-0.614 54.490 1.163
-3.086 58.441 1.570
-123.965 46.708 1.145
-73.782 40.793 1.139
-77.953 34.227 1.147
18.419 54.797 1.480
-62.700 45.683 1.494
-70.672 41.523 1.180
-3.568 54.651 1.255
128.102 -15.453 1.283
118.067 24.450 1.159
-139.733 59.548 1.605
138.128 9.508 1.117
-66.117 43.833 1.533
139.633 35.467 1.190
13.817 55.417 1.632
39.190 -6.155 1.288
111.833 21.583 1.214
