144.283 44.017 1.088
-2.075 57.143 1.193
131.417 31.583 1.090
-89.833 13.583 1.172
-99.912 16.840 1.104
-176.632 51.863 1.139
-122.298 37.772 1.117
-126.931 50.587 1.066
29.917 31.217 1.074
-5.433 36.117 1.025
-149.890 61.238 1.213
13.506 43.625 1.111
-76.482 38.983 1.074
-70.400 -23.650 1.156
-84.982 29.727 0.337
-171.750 -13.817 1.258
-53.983 47.300 1.128
-13.530 28.972 1.167
-123.767 46.208 1.075
-74.418 39.355 1.105
-2.715 51.511 1.067
141.500 38.300 1.095
-79.573 8.962 1.107
-76.578 39.267 1.060
-90.285 -0.437 1.128
-125.136 48.836 1.105
2.163 41.342 1.097
-68.205 44.392 1.344
16.912 41.137 1.125
12.903 55.756 1.191
-59.633 -62.483 2.330
-1.515 43.527 1.081
109.083 21.483 1.101
-128.143 52.163 1.112
-64.700 32.400 1.222
-3.050 43.357 1.145
168.350 -46.600 1.200
-6.340 36.800 1.055
141.917 -10.600 1.108
-71.052 42.355 1.249
1.578 50.727 1.160
-4.500 48.383 1.100
-73.182 41.173 1.089
153.167 -27.367 1.190
122.217 -18.000 1.154
-77.100 3.900 1.146
-58.500 -34.667 1.079
152.380 -24.767 1.192
145.915 -41.050 1.163
-109.908 22.880 1.160
-6.283 36.533 1.074
9.114 39.210 1.065
1.868 50.969 1.084
-77.150 -12.050 1.196
-76.068 38.573 1.087
-125.247 50.042 1.096
-47.925 -25.017 1.073
147.058 -19.277 1.095
18.433 -33.900 1.153
-74.960 38.968 1.073
113.652 -24.898 1.123
-75.533 10.383 1.162
-9.417 38.692 1.075
15.094 37.498 1.033
-83.032 29.135 1.101
103.187 5.265 1.133
-5.317 35.900 1.065
91.050 22.217 1.128
-124.322 43.345 1.098
-79.925 32.782 1.099
-64.920 18.335 1.070
-63.117 46.233 1.297
-1.635 49.651 1.104
-76.113 36.967 1.085
142.200 27.100 1.144
140.867 35.750 1.098
-157.472 1.982 1.140
-94.200 58.783 -0.150
96.883 -12.117 1.198
-1.890 47.277 1.112
-145.753 60.558 1.168
-97.217 27.580 0.973
91.833 21.450 1.102
-124.183 41.745 1.090
-79.915 9.355 1.134
1.302 52.934 1.115
8.717 53.867 1.093
130.850 -12.467 1.171
20.385 60.032 1.991
6.933 53.326 1.121
4.746 52.965 1.085
-4.185 50.368 1.123
1.085 49.929 1.280
-2.088 47.306 1.094
108.617 19.100 1.193
1.318 51.117 1.121
-75.740 36.183 1.100
2.367 51.048 1.099
31.050 -29.867 1.102
27.917 -33.017 1.156
-109.448 -27.150 1.082
-66.985 44.903 1.324
162.387 11.430 1.243
-116.633 31.850 1.189
8.433 55.467 1.103
-79.647 0.992 1.115
121.900 -33.867 1.104
-64.267 -65.250 0.020
1.348 51.957 1.138
-81.467 30.672 1.108
-4.983 52.014 1.142
18.211 60.409 1.691
151.233 -33.850 1.152
-80.902 32.033 1.134
-95.308 28.948 1.036
115.717 -32.050 1.108
-166.288 23.868 1.166
-123.010 48.547 1.143
139.933 40.650 1.130
128.850 32.700 1.226
-123.451 48.769 1.124
179.195 -8.525 1.199
-16.907 32.640 1.212
21.231 64.916 0.504
-94.793 29.310 1.000
73.152 -0.687 1.258
11.933 54.567 1.125
102.107 6.227 1.085
-5.350 36.117 1.109
-5.698 43.558 1.134
-3.018 53.450 1.072
11.791 57.685 1.195
-89.957 29.263 0.801
136.417 -13.860 1.097
144.650 13.433 1.156
-110.900 27.933 1.145
141.533 40.533 1.229
110.283 20.017 1.091
140.717 41.783 1.124
-63.583 44.667 1.161
132.067 34.900 1.064
27.179 60.563 1.338
145.567 43.283 1.200
22.977 59.823 1.448
1.284 51.947 1.173
9.101 63.425 1.144
24.956 60.154 1.361
-2.920 54.032 1.044
115.738 -31.825 1.112
-155.067 19.733 1.137
-3.134 51.215 1.113
89.467 21.783 1.107
147.330 -42.887 1.113
4.120 51.977 1.080
-4.631 53.308 1.150
114.217 22.300 1.087
159.957 -9.425 1.250
25.973 70.980 1.236
-157.867 21.307 1.199
12.467 56.100 1.216
131.683 32.417 1.097
-6.834 37.132 1.086
-124.217 40.767 1.121
-4.111 51.211 1.131
-43.165 -22.897 1.092
-0.186 53.631 1.094
124.167 24.333 1.090
-169.530 16.738 1.095
103.792 1.462 1.117
-78.833 -33.622 1.311
-134.412 58.298 1.139
130.567 31.583 1.090
-156.467 20.900 1.191
23.096 65.697 0.259
121.282 28.088 1.119
-171.718 -2.810 1.148
120.288 22.615 1.130
154.777 1.098 1.160
21.215 62.344 0.472
139.750 35.517 1.183
121.745 25.157 1.086
101.358 3.050 1.144
102.153 2.215 1.164
24.515 65.673 0.421
70.220 -49.345 1.292
-131.625 55.333 1.164
-81.808 24.553 1.110
-5.050 58.457 1.185
-75.988 37.165 1.101
12.894 55.522 1.261
23.033 -34.050 1.095
99.817 11.795 1.120
98.425 7.832 1.233
135.183 34.683 1.059
133.567 33.500 1.061
-152.512 57.732 1.136
134.583 34.017 1.080
116.067 5.983 1.117
103.430 3.975 1.133
130.200 32.600 1.175
103.443 1.325 1.153
15.589 56.105 1.307
11.127 58.997 1.230
135.767 33.483 1.094
144.367 42.983 1.074
167.733 8.733 1.215
-8.400 43.367 1.154
-117.257 32.867 1.233
-80.917 -2.200 1.187
-110.345 24.162 1.174
-1.221 46.158 1.070
-87.817 13.333 1.221
17.865 58.742 1.469
99.765 6.432 1.217
177.433 -17.600 1.142
-4.781 48.359 1.138
0.106 49.482 1.070
-1.765 47.205 1.069
123.750 13.150 1.200
-3.182 55.990 1.178
-1.140 60.155 1.185
-1.794 46.497 1.084
-75.120 38.782 1.059
119.417 34.750 1.147
-64.753 17.697 1.039
10.299 43.546 1.087
-3.825 53.332 1.077
-80.717 -6.933 1.115
159.067 -31.517 1.113
-118.272 33.720 1.241
-64.883 47.083 1.487
1.751 52.473 1.085
15.150 -26.650 1.232
100.613 4.240 1.145
121.617 32.133 1.137
172.717 -43.600 1.176
5.113 61.934 1.188
-67.047 17.972 1.088
137.617 34.683 1.013
135.383 35.467 1.199
171.373 7.107 1.179
130.300 31.267 1.074
-4.417 36.717 1.086
134.463 7.330 1.218
73.527 4.190 1.236
-7.333 55.367 1.186
120.967 14.583 1.139
21.463 61.594 6.992
174.500 -35.833 1.114
16.837 58.554 1.541
173.200 52.833 1.289
-72.117 -17.000 1.241
132.717 33.867 1.140
-81.432 30.395 1.131
-106.422 23.198 1.138
139.817 34.917 1.122
15.563 38.196 1.103
-177.367 28.217 1.092
-5.014 51.702 1.116
-4.906 55.750 1.128
50.600 26.233 1.116
130.450 32.617 1.161
139.482 34.067 1.105
141.983 39.650 1.274
-157.800 21.433 1.207
7.421 43.729 1.091
-71.960 41.048 1.080
-121.888 36.605 1.138
22.133 -34.183 1.142
134.167 33.267 1.054
129.867 32.733 1.196
136.883 35.083 1.056
127.667 26.200 1.137
-61.683 56.550 4.206
129.842 29.842 1.125
-1.634 47.194 1.099
-70.097 41.285 1.148
176.917 -39.483 1.250
-81.808 26.132 1.083
14.269 40.841 1.111
166.905 -0.528 1.123
-159.350 21.967 1.130
129.495 28.382 1.144
-124.617 48.368 1.116
-72.087 41.355 1.059
-74.015 40.700 1.071
0.057 50.782 1.074
-5.542 50.102 1.121
-71.327 41.505 1.148
-2.987 51.550 1.155
-122.910 49.200 1.077
130.992 30.735 1.155
-1.440 55.007 1.089
-60.250 46.217 1.284
166.437 -22.292 1.199
-175.167 -21.133 1.174
-140.082 -8.930 1.183
11.950 78.933 -35.340
141.717 39.067 1.112
141.750 39.017 1.104
139.383 34.783 1.172
17.097 57.366 1.435
138.217 34.617 1.089
140.900 36.933 1.081
135.433 34.650 1.047
16.478 57.275 1.449
10.734 59.909 1.194
18.497 40.147 1.076
25.418 65.040 0.217
130.217 32.983 1.126
136.217 34.067 1.071
-170.683 -14.283 1.278
-81.167 -5.083 1.134
15.275 40.032 1.096
-149.567 -17.525 1.072
-123.451 48.654 1.112
100.347 5.422 1.123
-158.053 -8.977 1.081
-87.213 30.403 1.018
-75.142 39.933 1.113
22.690 63.709 0.139
158.243 6.987 1.166
-123.253 49.337 1.115
-25.672 37.735 1.214
-123.440 48.125 1.105
-59.133 47.567 1.377
-1.062 45.569 1.138
-80.593 28.415 1.104
25.630 -33.960 1.137
118.575 -20.318 1.122
150.912 -34.473 1.185
57.495 -20.155 1.221
16.867 -29.250 1.179
138.467 -35.108 1.094
-3.446 47.644 1.071
3.107 42.520 1.103
168.300 -17.767 1.269
-6.190 55.627 1.224
-4.768 54.085 1.130
-127.489 50.722 1.060
-97.215 26.060 0.968
-70.247 43.657 1.347
141.600 -38.333 1.106
-5.120 54.843 1.108
-6.657 55.207 1.213
-120.760 35.177 1.135
-1.112 50.803 1.088
-130.324 54.317 1.122
-71.401 41.807 1.107
-148.527 70.400 1.185
55.528 -4.672 1.168
-82.860 8.273 1.134
-87.950 15.833 1.172
-15.417 28.133 1.127
-72.967 -41.483 1.142
-67.617 -54.933 1.137
-132.072 53.252 1.150
24.407 64.666 0.242
-159.775 -21.207 1.056
20.895 63.986 0.483
21.426 61.133 7.182
-75.573 39.558 1.143
55.285 -20.935 1.283
-21.940 64.151 1.793
-134.953 -23.125 1.258
12.113 57.250 1.182
-97.047 28.022 0.998
63.418 -19.668 1.091
11.230 64.859 1.193
-3.966 48.718 1.070
150.790 -23.162 1.175
-17.750 28.683 1.184
-93.870 29.730 0.840
133.333 36.200 1.229
-2.246 47.140 1.073
-1.682 43.395 1.107
-2.028 48.641 1.128
-2.202 47.267 1.083
-66.063 45.251 1.337
145.742 15.227 1.040
133.250 35.550 1.055
17.950 -33.017 1.198
-95.203 16.160 1.124
-117.173 32.713 1.217
-80.108 -26.292 1.222
-122.465 37.807 1.103
-90.833 13.917 1.174
-66.117 18.460 1.085
-75.200 -15.367 1.159
-160.502 55.337 1.150
118.067 5.810 1.156
-74.009 40.467 1.076
-90.313 -0.755 1.202
-118.500 34.008 1.199
-122.339 47.603 1.108
104.115 1.932 1.090
-151.720 59.441 1.146
-149.427 60.120 1.134
-76.330 36.947 1.058
115.350 22.750 1.119
0.743 51.442 1.126
119.550 35.383 1.182
138.517 35.017 1.098
130.933 33.933 1.131
135.383 33.683 1.107
18.433 -34.183 1.169
14.358 55.557 1.345
-135.342 57.052 1.076
19.012 63.191 0.641
-135.327 59.450 1.165
12.829 55.417 1.218
11.218 58.354 1.250
-76.452 38.317 1.088
-124.043 44.625 1.067
17.531 62.363 0.317
147.933 -42.550 1.165
-78.918 33.655 1.126
-82.627 27.760 1.038
-52.717 47.567 1.169
-57.821 -51.692 1.210
11.832 58.093 1.188
-123.181 49.125 1.121
-2.117 49.183 1.143
18.082 59.325 1.538
-6.389 58.207 1.281
134.900 34.350 1.092
178.427 -18.132 1.168
39.600 -69.000 1.269
134.050 34.350 1.067
-81.282 -4.582 1.131
103.853 1.262 1.098
135.183 34.333 1.090
174.033 -39.050 1.095
172.930 1.363 1.225
-5.600 36.000 1.056
176.183 -37.650 1.157
117.883 4.233 1.201
-16.240 28.480 1.219
133.640 -32.150 1.124
104.140 2.807 1.112
136.850 34.467 1.070
-6.064 56.623 1.183
-125.913 49.154 1.080
139.767 35.650 1.087
-109.048 25.600 1.148
132.967 32.783 1.064
5.913 43.117 1.050
146.833 -19.250 1.092
137.217 36.767 1.141
7.567 58.000 1.212
13.750 45.650 1.061
151.850 7.450 1.133
-78.730 1.817 1.125
22.101 60.428 1.495
138.883 35.017 1.123
-5.158 57.895 1.220
-166.537 53.880 1.195
133.950 34.483 1.057
135.900 33.567 1.065
132.550 33.233 1.137
21.571 63.081 0.468
-146.362 61.125 1.176
-0.330 39.460 1.061
-71.633 -33.033 1.187
-123.110 49.287 1.127
12.217 57.100 1.283
31.100 70.333 1.430
12.426 45.419 1.070
-123.370 48.422 1.092
12.579 56.142 1.178
-8.770 42.601 1.162
18.284 57.639 1.537
135.150 34.217 1.085
166.617 19.283 1.063
141.683 45.400 1.171
14.500 -22.950 1.228
-77.022 38.873 1.036
174.783 -41.283 1.164
-2.448 50.608 1.090
-0.614 54.490 1.090
-3.086 58.441 1.249
-123.965 46.708 1.075
-73.782 40.793 1.083
-77.953 34.227 1.087
18.419 54.797 1.212
-62.700 45.683 1.269
-70.672 41.523 1.102
-3.568 54.651 1.121
128.102 -15.453 1.144
118.067 24.450 1.094
-139.733 59.548 1.195
138.128 9.508 1.067
-66.117 43.833 1.266
139.633 35.467 1.111
13.817 55.417 1.301
39.190 -6.155 1.167
111.833 21.583 1.122
