144.283 44.017 1.075
-2.075 57.143 1.198
131.417 31.583 1.080
-89.833 13.583 1.179
-99.912 16.840 1.096
-176.632 51.863 1.145
-122.298 37.772 1.115
-126.931 50.587 1.066
29.917 31.217 1.066
-5.433 36.117 1.026
-149.890 61.238 1.207
13.506 43.625 1.121
-76.482 38.983 1.086
-70.400 -23.650 1.140
-84.982 29.727 0.250
-171.750 -13.817 1.239
-53.983 47.300 1.153
-13.530 28.972 1.162
-123.767 46.208 1.074
-74.418 39.355 1.122
-2.715 51.511 1.069
141.500 38.300 1.087
-79.573 8.962 1.100
-76.578 39.267 1.074
-90.285 -0.437 1.124
-125.136 48.836 1.109
2.163 41.342 1.087
-68.205 44.392 1.392
16.912 41.137 1.106
12.903 55.756 1.209
-59.633 -62.483 3.570
-1.515 43.527 1.078
109.083 21.483 1.102
-128.143 52.163 1.109
-64.700 32.400 1.204
-3.050 43.357 1.140
168.350 -46.600 1.175
-6.340 36.800 1.053
141.917 -10.600 1.112
-71.052 42.355 1.289
1.578 50.727 1.169
-4.500 48.383 1.099
-73.182 41.173 1.091
153.167 -27.367 1.203
122.217 -18.000 1.166
-77.100 3.900 1.151
-58.500 -34.667 1.085
152.380 -24.767 1.198
145.915 -41.050 1.162
-109.908 22.880 1.152
-6.283 36.533 1.066
9.114 39.210 1.061
1.868 50.969 1.086
-77.150 -12.050 1.184
-76.068 38.573 1.096
-125.247 50.042 1.095
-47.925 -25.017 1.062
147.058 -19.277 1.094
18.433 -33.900 1.145
-74.960 38.968 1.088
113.652 -24.898 1.134
-75.533 10.383 1.158
-9.417 38.692 1.074
15.094 37.498 1.030
-83.032 29.135 1.110
103.187 5.265 1.129
-5.317 35.900 1.063
91.050 22.217 1.145
-124.322 43.345 1.092
-79.925 32.782 1.104
-64.920 18.335 1.062
-63.117 46.233 1.339
-1.635 49.651 1.104
-76.113 36.967 1.088
142.200 27.100 1.112
140.867 35.750 1.097
-157.472 1.982 1.128
-94.200 58.783 -0.015
96.883 -12.117 1.197
-1.890 47.277 1.113
-145.753 60.558 1.166
-97.217 27.580 0.968
91.833 21.450 1.112
-124.183 41.745 1.092
-79.915 9.355 1.129
1.302 52.934 1.123
8.717 53.867 1.096
130.850 -12.467 1.181
20.385 60.032 4.575
6.933 53.326 1.132
4.746 52.965 1.095
-4.185 50.368 1.134
1.085 49.929 1.286
-2.088 47.306 1.093
108.617 19.100 1.194
1.318 51.117 1.114
-75.740 36.183 1.105
2.367 51.048 1.101
31.050 -29.867 1.092
27.917 -33.017 1.152
-109.448 -27.150 1.080
-66.985 44.903 1.354
162.387 11.430 1.232
-116.633 31.850 1.201
8.433 55.467 1.109
-79.647 0.992 1.099
121.900 -33.867 1.103
-64.267 -65.250 0.312
1.348 51.957 1.149
-81.467 30.672 1.117
-4.983 52.014 1.161
18.211 60.409 8.869
151.233 -33.850 1.176
-80.902 32.033 1.138
-95.308 28.948 1.036
115.717 -32.050 1.120
-166.288 23.868 1.151
-123.010 48.547 1.146
139.933 40.650 1.114
128.850 32.700 1.205
-123.451 48.769 1.124
179.195 -8.525 1.186
-16.907 32.640 1.197
21.231 64.916 0.710
-94.793 29.310 0.998
73.152 -0.687 1.225
11.933 54.567 1.127
102.107 6.227 1.080
-5.350 36.117 1.111
-5.698 43.558 1.134
-3.018 53.450 1.071
11.791 57.685 1.211
-89.957 29.263 0.802
136.417 -13.860 1.114
144.650 13.433 1.154
-110.900 27.933 1.142
141.533 40.533 1.204
110.283 20.017 1.103
140.717 41.783 1.112
-63.583 44.667 1.188
132.067 34.900 1.064
27.179 60.563 1.400
145.567 43.283 1.182
22.977 59.823 1.594
1.284 51.947 1.169
9.101 63.425 1.160
24.956 60.154 1.448
-2.920 54.032 1.043
115.738 -31.825 1.124
-155.067 19.733 1.136
-3.134 51.215 1.114
89.467 21.783 1.113
147.330 -42.887 1.100
4.120 51.977 1.090
-4.631 53.308 1.154
114.217 22.300 1.083
159.957 -9.425 1.253
25.973 70.980 1.271
-157.867 21.307 1.190
12.467 56.100 1.245
131.683 32.417 1.094
-6.834 37.132 1.077
-124.217 40.767 1.122
-4.111 51.211 1.132
-43.165 -22.897 1.083
-0.186 53.631 1.099
124.167 24.333 1.087
-169.530 16.738 1.088
103.792 1.462 1.107
-78.833 -33.622 1.308
-134.412 58.298 1.151
130.567 31.583 1.089
-156.467 20.900 1.179
23.096 65.697 0.576
121.282 28.088 1.122
-171.718 -2.810 1.133
120.288 22.615 1.128
154.777 1.098 1.154
21.215 62.344 0.759
139.750 35.517 1.178
121.745 25.157 1.086
101.358 3.050 1.141
102.153 2.215 1.179
24.515 65.673 0.671
70.220 -49.345 1.257
-131.625 55.333 1.156
-81.808 24.553 1.095
-5.050 58.457 1.202
-75.988 37.165 1.108
12.894 55.522 1.265
23.033 -34.050 1.092
99.817 11.795 1.112
98.425 7.832 1.237
135.183 34.683 1.060
133.567 33.500 1.057
-152.512 57.732 1.135
134.583 34.017 1.075
116.067 5.983 1.118
103.430 3.975 1.143
130.200 32.600 1.156
103.443 1.325 1.129
15.589 56.105 1.320
11.127 58.997 1.272
135.767 33.483 1.090
144.367 42.983 1.067
167.733 8.733 1.210
-8.400 43.367 1.135
-117.257 32.867 1.242
-80.917 -2.200 1.175
-110.345 24.162 1.188
-1.221 46.158 1.066
-87.817 13.333 1.212
17.865 58.742 1.585
99.765 6.432 1.207
177.433 -17.600 1.116
-4.781 48.359 1.143
0.106 49.482 1.075
-1.765 47.205 1.072
123.750 13.150 1.199
-3.182 55.990 1.203
-1.140 60.155 1.217
-1.794 46.497 1.081
-75.120 38.782 1.069
119.417 34.750 1.123
-64.753 17.697 1.038
10.299 43.546 1.070
-3.825 53.332 1.077
-80.717 -6.933 1.113
159.067 -31.517 1.111
-118.272 33.720 1.250
-64.883 47.083 1.546
1.751 52.473 1.088
15.150 -26.650 1.231
100.613 4.240 1.143
121.617 32.133 1.149
172.717 -43.600 1.180
5.113 61.934 1.204
-67.047 17.972 1.073
137.617 34.683 1.014
135.383 35.467 1.192
171.373 7.107 1.172
130.300 31.267 1.073
-4.417 36.717 1.076
134.463 7.330 1.237
73.527 4.190 1.215
-7.333 55.367 1.209
120.967 14.583 1.128
21.463 61.594 0.462
174.500 -35.833 1.104
16.837 58.554 1.719
173.200 52.833 1.258
-72.117 -17.000 1.229
132.717 33.867 1.125
-81.432 30.395 1.138
-106.422 23.198 1.131
139.817 34.917 1.111
15.563 38.196 1.086
-177.367 28.217 1.080
-5.014 51.702 1.121
-4.906 55.750 1.140
50.600 26.233 1.103
130.450 32.617 1.149
139.482 34.067 1.100
141.983 39.650 1.248
-157.800 21.433 1.197
7.421 43.729 1.074
-71.960 41.048 1.084
-121.888 36.605 1.135
22.133 -34.183 1.129
134.167 33.267 1.053
129.867 32.733 1.171
136.883 35.083 1.054
127.667 26.200 1.120
-61.683 56.550 5.442
129.842 29.842 1.113
-1.634 47.194 1.100
-70.097 41.285 1.164
176.917 -39.483 1.256
-81.808 26.132 1.086
14.269 40.841 1.092
166.905 -0.528 1.111
-159.350 21.967 1.112
129.495 28.382 1.118
-124.617 48.368 1.120
-72.087 41.355 1.070
-74.015 40.700 1.078
0.057 50.782 1.072
-5.542 50.102 1.118
-71.327 41.505 1.176
-2.987 51.550 1.162
-122.910 49.200 1.076
130.992 30.735 1.141
-1.440 55.007 1.109
-60.250 46.217 1.331
166.437 -22.292 1.190
-175.167 -21.133 1.163
-140.082 -8.930 1.172
11.950 78.933 12.491
141.717 39.067 1.105
141.750 39.017 1.101
139.383 34.783 1.155
17.097 57.366 1.485
138.217 34.617 1.082
140.900 36.933 1.073
135.433 34.650 1.050
16.478 57.275 1.482
10.734 59.909 1.237
18.497 40.147 1.069
25.418 65.040 0.554
130.217 32.983 1.109
136.217 34.067 1.068
-170.683 -14.283 1.260
-81.167 -5.083 1.134
15.275 40.032 1.078
-149.567 -17.525 1.066
-123.451 48.654 1.115
100.347 5.422 1.118
-158.053 -8.977 1.074
-87.213 30.403 1.016
-75.142 39.933 1.120
22.690 63.709 0.587
158.243 6.987 1.168
-123.253 49.337 1.122
-25.672 37.735 1.217
-123.440 48.125 1.104
-59.133 47.567 1.441
-1.062 45.569 1.141
-80.593 28.415 1.113
25.630 -33.960 1.127
118.575 -20.318 1.131
150.912 -34.473 1.206
57.495 -20.155 1.186
16.867 -29.250 1.179
138.467 -35.108 1.086
-3.446 47.644 1.060
3.107 42.520 1.094
168.300 -17.767 1.233
-6.190 55.627 1.246
-4.768 54.085 1.152
-127.489 50.722 1.059
-97.215 26.060 0.971
-70.247 43.657 1.392
141.600 -38.333 1.107
-5.120 54.843 1.127
-6.657 55.207 1.237
-120.760 35.177 1.142
-1.112 50.803 1.097
-130.324 54.317 1.133
-71.401 41.807 1.128
-148.527 70.400 1.186
55.528 -4.672 1.141
-82.860 8.273 1.127
-87.950 15.833 1.156
-15.417 28.133 1.123
-72.967 -41.483 1.130
-67.617 -54.933 1.148
-132.072 53.252 1.143
24.407 64.666 0.571
-159.775 -21.207 1.056
20.895 63.986 0.746
21.426 61.133 0.401
-75.573 39.558 1.167
55.285 -20.935 1.249
-21.940 64.151 1.761
-134.953 -23.125 1.246
12.113 57.250 1.200
-97.047 28.022 1.001
63.418 -19.668 1.079
11.230 64.859 1.243
-3.966 48.718 1.074
150.790 -23.162 1.171
-17.750 28.683 1.176
-93.870 29.730 0.833
133.333 36.200 1.213
-2.246 47.140 1.072
-1.682 43.395 1.096
-2.028 48.641 1.126
-2.202 47.267 1.081
-66.063 45.251 1.382
145.742 15.227 1.042
133.250 35.550 1.045
17.950 -33.017 1.186
-95.203 16.160 1.116
-117.173 32.713 1.226
-80.108 -26.292 1.203
-122.465 37.807 1.104
-90.833 13.917 1.175
-66.117 18.460 1.081
-75.200 -15.367 1.156
-160.502 55.337 1.157
118.067 5.810 1.158
-74.009 40.467 1.080
-90.313 -0.755 1.191
-118.500 34.008 1.193
-122.339 47.603 1.102
104.115 1.932 1.087
-151.720 59.441 1.150
-149.427 60.120 1.133
-76.330 36.947 1.065
115.350 22.750 1.111
0.743 51.442 1.125
119.550 35.383 1.145
138.517 35.017 1.090
130.933 33.933 1.116
135.383 33.683 1.098
18.433 -34.183 1.153
14.358 55.557 1.375
-135.342 57.052 1.072
19.012 63.191 0.840
-135.327 59.450 1.174
12.829 55.417 1.248
11.218 58.354 1.296
-76.452 38.317 1.098
-124.043 44.625 1.064
17.531 62.363 0.708
147.933 -42.550 1.143
-78.918 33.655 1.135
-82.627 27.760 1.042
-52.717 47.567 1.209
-57.821 -51.692 1.236
11.832 58.093 1.224
-123.181 49.125 1.128
-2.117 49.183 1.143
18.082 59.325 1.723
-6.389 58.207 1.291
134.900 34.350 1.084
178.427 -18.132 1.154
39.600 -69.000 1.184
134.050 34.350 1.062
-81.282 -4.582 1.127
103.853 1.262 1.092
135.183 34.333 1.082
174.033 -39.050 1.084
172.930 1.363 1.205
-5.600 36.000 1.055
176.183 -37.650 1.146
117.883 4.233 1.169
-16.240 28.480 1.200
133.640 -32.150 1.127
104.140 2.807 1.107
136.850 34.467 1.067
-6.064 56.623 1.203
-125.913 49.154 1.079
139.767 35.650 1.086
-109.048 25.600 1.142
132.967 32.783 1.058
5.913 43.117 1.047
146.833 -19.250 1.087
137.217 36.767 1.116
7.567 58.000 1.233
13.750 45.650 1.052
151.850 7.450 1.136
-78.730 1.817 1.104
22.101 60.428 1.944
138.883 35.017 1.112
-5.158 57.895 1.236
-166.537 53.880 1.187
133.950 34.483 1.054
135.900 33.567 1.065
132.550 33.233 1.124
21.571 63.081 0.733
-146.362 61.125 1.175
-0.330 39.460 1.056
-71.633 -33.033 1.164
-123.110 49.287 1.126
12.217 57.100 1.320
31.100 70.333 1.459
12.426 45.419 1.067
-123.370 48.422 1.087
12.579 56.142 1.205
-8.770 42.601 1.158
18.284 57.639 1.640
135.150 34.217 1.085
166.617 19.283 1.058
141.683 45.400 1.146
14.500 -22.950 1.220
-77.022 38.873 1.041
174.783 -41.283 1.160
-2.448 50.608 1.093
-0.614 54.490 1.096
-3.086 58.441 1.269
-123.965 46.708 1.074
-73.782 40.793 1.087
-77.953 34.227 1.087
18.419 54.797 1.226
-62.700 45.683 1.315
-70.672 41.523 1.123
-3.568 54.651 1.135
128.102 -15.453 1.148
118.067 24.450 1.091
-139.733 59.548 1.194
138.128 9.508 1.069
-66.117 43.833 1.315
139.633 35.467 1.106
13.817 55.417 1.324
39.190 -6.155 1.162
111.833 21.583 1.126
