144.283 44.017 1.051
-2.075 57.143 1.114
131.417 31.583 1.055
-89.833 13.583 1.101
-99.912 16.840 1.059
-176.632 51.863 1.085
-122.298 37.772 1.061
-126.931 50.587 1.034
29.917 31.217 1.046
-5.433 36.117 1.015
-149.890 61.238 1.111
13.506 43.625 1.066
-76.482 38.983 1.046
-70.400 -23.650 1.098
-84.982 29.727 0.569
-171.750 -13.817 1.146
-53.983 47.300 1.075
-13.530 28.972 1.103
-123.767 46.208 1.045
-74.418 39.355 1.065
-2.715 51.511 1.040
141.500 38.300 1.056
-79.573 8.962 1.062
-76.578 39.267 1.037
-90.285 -0.437 1.078
-125.136 48.836 1.059
2.163 41.342 1.058
-68.205 44.392 1.198
16.912 41.137 1.075
12.903 55.756 1.113
-59.633 -62.483 -0.361
-1.515 43.527 1.049
109.083 21.483 1.063
-128.143 52.163 1.053
-64.700 32.400 1.138
-3.050 43.357 1.083
168.350 -46.600 1.125
-6.340 36.800 1.031
141.917 -10.600 1.067
-71.052 42.355 1.148
1.578 50.727 1.098
-4.500 48.383 1.061
-73.182 41.173 1.055
153.167 -27.367 1.122
122.217 -18.000 1.092
-77.100 3.900 1.087
-58.500 -34.667 1.050
152.380 -24.767 1.117
145.915 -41.050 1.101
-109.908 22.880 1.091
-6.283 36.533 1.044
9.114 39.210 1.038
1.868 50.969 1.051
-77.150 -12.050 1.119
-76.068 38.573 1.055
-125.247 50.042 1.050
-47.925 -25.017 1.046
147.058 -19.277 1.055
18.433 -33.900 1.095
-74.960 38.968 1.045
113.652 -24.898 1.069
-75.533 10.383 1.099
-9.417 38.692 1.044
15.094 37.498 1.020
-83.032 29.135 1.062
103.187 5.265 1.077
-5.317 35.900 1.038
91.050 22.217 1.078
-124.322 43.345 1.057
-79.925 32.782 1.059
-64.920 18.335 1.041
-63.117 46.233 1.164
-1.635 49.651 1.063
-76.113 36.967 1.055
142.200 27.100 1.087
140.867 35.750 1.061
-157.472 1.982 1.086
-94.200 58.783 -3.429
96.883 -12.117 1.120
-1.890 47.277 1.067
-145.753 60.558 1.085
-97.217 27.580 0.983
91.833 21.450 1.061
-124.183 41.745 1.053
-79.915 9.355 1.080
1.302 52.934 1.071
8.717 53.867 1.057
130.850 -12.467 1.103
20.385 60.032 1.203
6.933 53.326 1.072
4.746 52.965 1.054
-4.185 50.368 1.071
1.085 49.929 1.169
-2.088 47.306 1.055
108.617 19.100 1.115
1.318 51.117 1.069
-75.740 36.183 1.062
2.367 51.048 1.059
31.050 -29.867 1.060
27.917 -33.017 1.096
-109.448 -27.150 1.055
-66.985 44.903 1.168
162.387 11.430 1.144
-116.633 31.850 1.118
8.433 55.467 1.062
-79.647 0.992 1.069
121.900 -33.867 1.062
-64.267 -65.250 0.699
1.348 51.957 1.083
-81.467 30.672 1.065
-4.983 52.014 1.081
18.211 60.409 1.124
151.233 -33.850 1.099
-80.902 32.033 1.075
-95.308 28.948 1.022
115.717 -32.050 1.063
-166.288 23.868 1.093
-123.010 48.547 1.080
139.933 40.650 1.080
128.850 32.700 1.139
-123.451 48.769 1.065
179.195 -8.525 1.120
-16.907 32.640 1.125
21.231 64.916 1.336
-94.793 29.310 1.001
73.152 -0.687 1.145
11.933 54.567 1.074
102.107 6.227 1.050
-5.350 36.117 1.063
-5.698 43.558 1.078
-3.018 53.450 1.041
11.791 57.685 1.099
-89.957 29.263 0.880
136.417 -13.860 1.060
144.650 13.433 1.097
-110.900 27.933 1.080
141.533 40.533 1.131
110.283 20.017 1.058
140.717 41.783 1.073
-63.583 44.667 1.097
132.067 34.900 1.040
27.179 60.563 1.151
145.567 43.283 1.119
22.977 59.823 1.188
1.284 51.947 1.108
9.101 63.425 1.062
24.956 60.154 1.168
-2.920 54.032 1.024
115.738 -31.825 1.064
-155.067 19.733 1.081
-3.134 51.215 1.067
89.467 21.783 1.067
147.330 -42.887 1.068
4.120 51.977 1.050
-4.631 53.308 1.083
114.217 22.300 1.053
159.957 -9.425 1.161
25.973 70.980 1.123
-157.867 21.307 1.123
12.467 56.100 1.122
131.683 32.417 1.059
-6.834 37.132 1.048
-124.217 40.767 1.068
-4.111 51.211 1.076
-43.165 -22.897 1.060
-0.186 53.631 1.054
124.167 24.333 1.058
-169.530 16.738 1.057
103.792 1.462 1.070
-78.833 -33.622 1.203
-134.412 58.298 1.068
130.567 31.583 1.055
-156.467 20.900 1.108
23.096 65.697 1.471
121.282 28.088 1.072
-171.718 -2.810 1.084
120.288 22.615 1.080
154.777 1.098 1.094
21.215 62.344 1.157
139.750 35.517 1.114
121.745 25.157 1.052
101.358 3.050 1.083
102.153 2.215 1.104
24.515 65.673 1.382
70.220 -49.345 1.163
-131.625 55.333 1.083
-81.808 24.553 1.066
-5.050 58.457 1.093
-75.988 37.165 1.061
12.894 55.522 1.151
23.033 -34.050 1.059
99.817 11.795 1.070
98.425 7.832 1.139
135.183 34.683 1.036
133.567 33.500 1.035
-152.512 57.732 1.078
134.583 34.017 1.047
116.067 5.983 1.067
103.430 3.975 1.081
130.200 32.600 1.104
103.443 1.325 1.089
15.589 56.105 1.162
11.127 58.997 1.102
135.767 33.483 1.059
144.367 42.983 1.044
167.733 8.733 1.129
-8.400 43.367 1.092
-117.257 32.867 1.130
-80.917 -2.200 1.114
-110.345 24.162 1.106
-1.221 46.158 1.039
-87.817 13.333 1.125
17.865 58.742 1.199
99.765 6.432 1.136
177.433 -17.600 1.086
-4.781 48.359 1.086
0.106 49.482 1.042
-1.765 47.205 1.041
123.750 13.150 1.116
-3.182 55.990 1.098
-1.140 60.155 1.106
-1.794 46.497 1.050
-75.120 38.782 1.034
119.417 34.750 1.093
-64.753 17.697 1.026
10.299 43.546 1.053
-3.825 53.332 1.042
-80.717 -6.933 1.068
159.067 -31.517 1.074
-118.272 33.720 1.127
-64.883 47.083 1.283
1.751 52.473 1.050
15.150 -26.650 1.139
100.613 4.240 1.086
121.617 32.133 1.084
172.717 -43.600 1.110
5.113 61.934 1.094
-67.047 17.972 1.055
137.617 34.683 1.009
135.383 35.467 1.126
171.373 7.107 1.107
130.300 31.267 1.045
-4.417 36.717 1.051
134.463 7.330 1.129
73.527 4.190 1.139
-7.333 55.367 1.100
120.967 14.583 1.078
21.463 61.594 1.121
174.500 -35.833 1.074
16.837 58.554 1.238
173.200 52.833 1.161
-72.117 -17.000 1.144
132.717 33.867 1.083
-81.432 30.395 1.077
-106.422 23.198 1.079
139.817 34.917 1.071
15.563 38.196 1.064
-177.367 28.217 1.054
-5.014 51.702 1.069
-4.906 55.750 1.068
50.600 26.233 1.068
130.450 32.617 1.099
139.482 34.067 1.063
141.983 39.650 1.161
-157.800 21.433 1.120
7.421 43.729 1.052
-71.960 41.048 1.045
-121.888 36.605 1.079
22.133 -34.183 1.086
134.167 33.267 1.036
129.867 32.733 1.117
136.883 35.083 1.031
127.667 26.200 1.085
-61.683 56.550 1.960
129.842 29.842 1.075
-1.634 47.194 1.059
-70.097 41.285 1.086
176.917 -39.483 1.160
-81.808 26.132 1.050
14.269 40.841 1.064
166.905 -0.528 1.073
-159.350 21.967 1.074
129.495 28.382 1.087
-124.617 48.368 1.066
-72.087 41.355 1.037
-74.015 40.700 1.043
0.057 50.782 1.043
-5.542 50.102 1.070
-71.327 41.505 1.093
-2.987 51.550 1.091
-122.910 49.200 1.043
130.992 30.735 1.095
-1.440 55.007 1.050
-60.250 46.217 1.171
166.437 -22.292 1.124
-175.167 -21.133 1.109
-140.082 -8.930 1.110
11.950 78.933 1.772
141.717 39.067 1.065
141.750 39.017 1.062
139.383 34.783 1.104
17.097 57.366 1.203
138.217 34.617 1.051
140.900 36.933 1.050
135.433 34.650 1.030
16.478 57.275 1.219
10.734 59.909 1.083
18.497 40.147 1.047
25.418 65.040 1.481
130.217 32.983 1.075
136.217 34.067 1.042
-170.683 -14.283 1.164
-81.167 -5.083 1.080
15.275 40.032 1.056
-149.567 -17.525 1.042
-123.451 48.654 1.063
100.347 5.422 1.077
-158.053 -8.977 1.047
-87.213 30.403 1.011
-75.142 39.933 1.070
22.690 63.709 1.317
158.243 6.987 1.104
-123.253 49.337 1.066
-25.672 37.735 1.127
-123.440 48.125 1.059
-59.133 47.567 1.231
-1.062 45.569 1.082
-80.593 28.415 1.055
25.630 -33.960 1.080
118.575 -20.318 1.075
150.912 -34.473 1.117
57.495 -20.155 1.127
16.867 -29.250 1.106
138.467 -35.108 1.057
-3.446 47.644 1.041
3.107 42.520 1.061
168.300 -17.767 1.152
-6.190 55.627 1.121
-4.768 54.085 1.076
-127.489 50.722 1.028
-97.215 26.060 0.983
-70.247 43.657 1.189
141.600 -38.333 1.065
-5.120 54.843 1.060
-6.657 55.207 1.119
-120.760 35.177 1.080
-1.112 50.803 1.053
-130.324 54.317 1.055
-71.401 41.807 1.065
-148.527 70.400 1.110
55.528 -4.672 1.103
-82.860 8.273 1.080
-87.950 15.833 1.103
-15.417 28.133 1.080
-72.967 -41.483 1.100
-67.617 -54.933 1.156
-132.072 53.252 1.078
24.407 64.666 1.513
-159.775 -21.207 1.033
20.895 63.986 1.239
21.426 61.133 1.132
-75.573 39.558 1.086
55.285 -20.935 1.166
-21.940 64.151 1.298
-134.953 -23.125 1.164
12.113 57.250 1.088
-97.047 28.022 1.000
63.418 -19.668 1.055
11.230 64.859 1.086
-3.966 48.718 1.043
150.790 -23.162 1.104
-17.750 28.683 1.109
-93.870 29.730 0.907
133.333 36.200 1.145
-2.246 47.140 1.043
-1.682 43.395 1.058
-2.028 48.641 1.076
-2.202 47.267 1.047
-66.063 45.251 1.185
145.742 15.227 1.024
133.250 35.550 1.032
17.950 -33.017 1.116
-95.203 16.160 1.073
-117.173 32.713 1.119
-80.108 -26.292 1.142
-122.465 37.807 1.059
-90.833 13.917 1.105
-66.117 18.460 1.051
-75.200 -15.367 1.103
-160.502 55.337 1.083
118.067 5.810 1.091
-74.009 40.467 1.044
-90.313 -0.755 1.121
-118.500 34.008 1.108
-122.339 47.603 1.059
104.115 1.932 1.057
-151.720 59.441 1.079
-149.427 60.120 1.074
-76.330 36.947 1.038
115.350 22.750 1.070
0.743 51.442 1.077
119.550 35.383 1.113
138.517 35.017 1.056
130.933 33.933 1.079
135.383 33.683 1.064
18.433 -34.183 1.106
14.358 55.557 1.188
-135.342 57.052 1.043
19.012 63.191 1.113
-135.327 59.450 1.082
12.829 55.417 1.128
11.218 58.354 1.110
-76.452 38.317 1.056
-124.043 44.625 1.039
17.531 62.363 1.188
147.933 -42.550 1.094
-78.918 33.655 1.074
-82.627 27.760 1.024
-52.717 47.567 1.106
-57.821 -51.692 1.169
11.832 58.093 1.098
-123.181 49.125 1.067
-2.117 49.183 1.083
18.082 59.325 1.178
-6.389 58.207 1.141
134.900 34.350 1.055
178.427 -18.132 1.102
39.600 -69.000 1.176
134.050 34.350 1.040
-81.282 -4.582 1.082
103.853 1.262 1.059
135.183 34.333 1.053
174.033 -39.050 1.057
172.930 1.363 1.130
-5.600 36.000 1.032
176.183 -37.650 1.100
117.883 4.233 1.122
-16.240 28.480 1.120
133.640 -32.150 1.070
104.140 2.807 1.071
136.850 34.467 1.042
-6.064 56.623 1.101
-125.913 49.154 1.042
139.767 35.650 1.053
-109.048 25.600 1.086
132.967 32.783 1.042
5.913 43.117 1.030
146.833 -19.250 1.052
137.217 36.767 1.080
7.567 58.000 1.122
13.750 45.650 1.036
151.850 7.450 1.079
-78.730 1.817 1.071
22.101 60.428 1.142
138.883 35.017 1.076
-5.158 57.895 1.115
-166.537 53.880 1.114
133.950 34.483 1.034
135.900 33.567 1.040
132.550 33.233 1.085
21.571 63.081 1.234
-146.362 61.125 1.091
-0.330 39.460 1.037
-71.633 -33.033 1.117
-123.110 49.287 1.068
12.217 57.100 1.146
31.100 70.333 1.210
12.426 45.419 1.039
-123.370 48.422 1.052
12.579 56.142 1.103
-8.770 42.601 1.092
18.284 57.639 1.267
135.150 34.217 1.055
166.617 19.283 1.037
141.683 45.400 1.103
14.500 -22.950 1.138
-77.022 38.873 1.024
174.783 -41.283 1.100
-2.448 50.608 1.053
-0.614 54.490 1.052
-3.086 58.441 1.143
-123.965 46.708 1.042
-73.782 40.793 1.049
-77.953 34.227 1.053
18.419 54.797 1.120
-62.700 45.683 1.161
-70.672 41.523 1.065
-3.568 54.651 1.063
128.102 -15.453 1.087
118.067 24.450 1.056
-139.733 59.548 1.098
138.128 9.508 1.041
-66.117 43.833 1.153
139.633 35.467 1.062
13.817 55.417 1.169
39.190 -6.155 1.099
111.833 21.583 1.077
