144.283 44.017 1.105
-2.075 57.143 1.270
131.417 31.583 1.111
-89.833 13.583 1.232
-99.912 16.840 1.129
-176.632 51.863 1.205
-122.298 37.772 1.159
-126.931 50.587 1.105
29.917 31.217 1.086
-5.433 36.117 1.038
-149.890 61.238 1.302
13.506 43.625 1.172
-76.482 38.983 1.107
-70.400 -23.650 1.176
-84.982 29.727 -0.030
-171.750 -13.817 1.306
-53.983 47.300 1.211
-13.530 28.972 1.207
-123.767 46.208 1.106
-74.418 39.355 1.157
-2.715 51.511 1.094
141.500 38.300 1.125
-79.573 8.962 1.138
-76.578 39.267 1.094
-90.285 -0.437 1.165
-125.136 48.836 1.151
2.163 41.342 1.113
-68.205 44.392 1.654
16.912 41.137 1.142
12.903 55.756 1.274
-59.633 -62.483 2.019
-1.515 43.527 1.102
109.083 21.483 1.130
-128.143 52.163 1.190
-64.700 32.400 1.276
-3.050 43.357 1.199
168.350 -46.600 1.226
-6.340 36.800 1.072
141.917 -10.600 1.152
-71.052 42.355 1.378
1.578 50.727 1.223
-4.500 48.383 1.130
-73.182 41.173 1.122
153.167 -27.367 1.270
122.217 -18.000 1.224
-77.100 3.900 1.197
-58.500 -34.667 1.099
152.380 -24.767 1.262
145.915 -41.050 1.223
-109.908 22.880 1.215
-6.283 36.533 1.092
9.114 39.210 1.085
1.868 50.969 1.113
-77.150 -12.050 1.249
-76.068 38.573 1.125
-125.247 50.042 1.135
-47.925 -25.017 1.079
147.058 -19.277 1.126
18.433 -33.900 1.185
-74.960 38.968 1.111
113.652 -24.898 1.179
-75.533 10.383 1.209
-9.417 38.692 1.099
15.094 37.498 1.044
-83.032 29.135 1.153
103.187 5.265 1.169
-5.317 35.900 1.087
91.050 22.217 1.193
-124.322 43.345 1.122
-79.925 32.782 1.142
-64.920 18.335 1.084
-63.117 46.233 1.468
-1.635 49.651 1.148
-76.113 36.967 1.115
142.200 27.100 1.158
140.867 35.750 1.132
-157.472 1.982 1.163
-94.200 58.783 0.197
96.883 -12.117 1.267
-1.890 47.277 1.150
-145.753 60.558 1.247
-97.217 27.580 0.969
91.833 21.450 1.152
-124.183 41.745 1.121
-79.915 9.355 1.168
1.302 52.934 1.166
8.717 53.867 1.134
130.850 -12.467 1.244
20.385 60.032 0.274
6.933 53.326 1.167
4.746 52.965 1.130
-4.185 50.368 1.175
1.085 49.929 1.387
-2.088 47.306 1.127
108.617 19.100 1.257
1.318 51.117 1.153
-75.740 36.183 1.131
2.367 51.048 1.138
31.050 -29.867 1.114
27.917 -33.017 1.197
-109.448 -27.150 1.106
-66.985 44.903 1.535
162.387 11.430 1.336
-116.633 31.850 1.284
8.433 55.467 1.149
-79.647 0.992 1.136
121.900 -33.867 1.137
-64.267 -65.250 -0.523
1.348 51.957 1.184
-81.467 30.672 1.154
-4.983 52.014 1.218
18.211 60.409 0.617
151.233 -33.850 1.224
-80.902 32.033 1.177
-95.308 28.948 1.050
115.717 -32.050 1.161
-166.288 23.868 1.204
-123.010 48.547 1.195
139.933 40.650 1.158
128.850 32.700 1.284
-123.451 48.769 1.172
179.195 -8.525 1.255
-16.907 32.640 1.266
21.231 64.916 0.793
-94.793 29.310 0.992
73.152 -0.687 1.297
11.933 54.567 1.178
102.107 6.227 1.109
-5.350 36.117 1.157
-5.698 43.558 1.176
-3.018 53.450 1.099
11.791 57.685 1.360
-89.957 29.263 0.725
136.417 -13.860 1.142
144.650 13.433 1.199
-110.900 27.933 1.189
141.533 40.533 1.277
110.283 20.017 1.134
140.717 41.783 1.152
-63.583 44.667 1.240
132.067 34.900 1.084
27.179 60.563 1.903
145.567 43.283 1.239
22.977 59.823 2.853
1.284 51.947 1.215
9.101 63.425 1.342
24.956 60.154 1.994
-2.920 54.032 1.065
115.738 -31.825 1.162
-155.067 19.733 1.170
-3.134 51.215 1.162
89.467 21.783 1.156
147.330 -42.887 1.131
4.120 51.977 1.122
-4.631 53.308 1.231
114.217 22.300 1.110
159.957 -9.425 1.342
25.973 70.980 1.445
-157.867 21.307 1.262
12.467 56.100 1.364
131.683 32.417 1.124
-6.834 37.132 1.105
-124.217 40.767 1.157
-4.111 51.211 1.183
-43.165 -22.897 1.101
-0.186 53.631 1.121
124.167 24.333 1.109
-169.530 16.738 1.119
103.792 1.462 1.144
-78.833 -33.622 1.375
-134.412 58.298 1.242
130.567 31.583 1.111
-156.467 20.900 1.245
23.096 65.697 0.723
121.282 28.088 1.170
-171.718 -2.810 1.188
120.288 22.615 1.172
154.777 1.098 1.198
21.215 62.344 0.877
139.750 35.517 1.240
121.745 25.157 1.110
101.358 3.050 1.185
102.153 2.215 1.239
24.515 65.673 0.779
70.220 -49.345 1.333
-131.625 55.333 1.237
-81.808 24.553 1.122
-5.050 58.457 1.313
-75.988 37.165 1.138
12.894 55.522 1.383
23.033 -34.050 1.118
99.817 11.795 1.153
98.425 7.832 1.304
135.183 34.683 1.079
133.567 33.500 1.077
-152.512 57.732 1.189
134.583 34.017 1.101
116.067 5.983 1.155
103.430 3.975 1.187
130.200 32.600 1.198
103.443 1.325 1.178
15.589 56.105 1.459
11.127 58.997 1.572
135.767 33.483 1.121
144.367 42.983 1.093
167.733 8.733 1.281
-8.400 43.367 1.187
-117.257 32.867 1.335
-80.917 -2.200 1.231
-110.345 24.162 1.239
-1.221 46.158 1.095
-87.817 13.333 1.293
17.865 58.742 2.560
99.765 6.432 1.273
177.433 -17.600 1.156
-4.781 48.359 1.192
0.106 49.482 1.098
-1.765 47.205 1.095
123.750 13.150 1.259
-3.182 55.990 1.293
-1.140 60.155 1.292
-1.794 46.497 1.109
-75.120 38.782 1.084
119.417 34.750 1.154
-64.753 17.697 1.051
10.299 43.546 1.098
-3.825 53.332 1.113
-80.717 -6.933 1.150
159.067 -31.517 1.142
-118.272 33.720 1.362
-64.883 47.083 1.748
1.751 52.473 1.117
15.150 -26.650 1.311
100.613 4.240 1.197
121.617 32.133 1.199
172.717 -43.600 1.237
5.113 61.934 1.321
-67.047 17.972 1.104
137.617 34.683 1.017
135.383 35.467 1.242
171.373 7.107 1.231
130.300 31.267 1.092
-4.417 36.717 1.106
134.463 7.330 1.290
73.527 4.190 1.269
-7.333 55.367 1.316
120.967 14.583 1.170
21.463 61.594 0.813
174.500 -35.833 1.134
16.837 58.554 3.011
173.200 52.833 1.351
-72.117 -17.000 1.301
132.717 33.867 1.166
-81.432 30.395 1.179
-106.422 23.198 1.174
139.817 34.917 1.144
15.563 38.196 1.119
-177.367 28.217 1.104
-5.014 51.702 1.168
-4.906 55.750 1.212
50.600 26.233 1.138
130.450 32.617 1.188
139.482 34.067 1.133
141.983 39.650 1.334
-157.800 21.433 1.266
7.421 43.729 1.101
-71.960 41.048 1.106
-121.888 36.605 1.191
22.133 -34.183 1.165
134.167 33.267 1.077
129.867 32.733 1.220
136.883 35.083 1.068
127.667 26.200 1.159
-61.683 56.550 -34.080
129.842 29.842 1.146
-1.634 47.194 1.133
-70.097 41.285 1.219
176.917 -39.483 1.346
-81.808 26.132 1.114
14.269 40.841 1.117
166.905 -0.528 1.155
-159.350 21.967 1.153
129.495 28.382 1.163
-124.617 48.368 1.176
-72.087 41.355 1.090
-74.015 40.700 1.102
0.057 50.782 1.105
-5.542 50.102 1.157
-71.327 41.505 1.235
-2.987 51.550 1.217
-122.910 49.200 1.115
130.992 30.735 1.190
-1.440 55.007 1.138
-60.250 46.217 1.436
166.437 -22.292 1.238
-175.167 -21.133 1.225
-140.082 -8.930 1.230
11.950 78.933 -1.316
141.717 39.067 1.142
141.750 39.017 1.140
139.383 34.783 1.215
17.097 57.366 1.922
138.217 34.617 1.108
140.900 36.933 1.103
135.433 34.650 1.062
16.478 57.275 1.937
10.734 59.909 1.485
18.497 40.147 1.094
25.418 65.040 0.712
130.217 32.983 1.147
136.217 34.067 1.088
-170.683 -14.283 1.336
-81.167 -5.083 1.166
15.275 40.032 1.102
-149.567 -17.525 1.090
-123.451 48.654 1.157
100.347 5.422 1.158
-158.053 -8.977 1.096
-87.213 30.403 1.023
-75.142 39.933 1.157
22.690 63.709 0.757
158.243 6.987 1.218
-123.253 49.337 1.173
-25.672 37.735 1.297
-123.440 48.125 1.149
-59.133 47.567 1.629
-1.062 45.569 1.183
-80.593 28.415 1.145
25.630 -33.960 1.168
118.575 -20.318 1.168
150.912 -34.473 1.273
57.495 -20.155 1.245
16.867 -29.250 1.229
138.467 -35.108 1.123
-3.446 47.644 1.088
3.107 42.520 1.130
168.300 -17.767 1.311
-6.190 55.627 1.372
-4.768 54.085 1.218
-127.489 50.722 1.097
-97.215 26.060 0.958
-70.247 43.657 1.532
141.600 -38.333 1.137
-5.120 54.843 1.165
-6.657 55.207 1.351
-120.760 35.177 1.191
-1.112 50.803 1.139
-130.324 54.317 1.231
-71.401 41.807 1.172
-148.527 70.400 1.247
55.528 -4.672 1.192
-82.860 8.273 1.170
-87.950 15.833 1.198
-15.417 28.133 1.160
-72.967 -41.483 1.153
-67.617 -54.933 1.134
-132.072 53.252 1.216
24.407 64.666 0.721
-159.775 -21.207 1.074
20.895 63.986 0.839
21.426 61.133 0.790
-75.573 39.558 1.205
55.285 -20.935 1.327
-21.940 64.151 2.841
-134.953 -23.125 1.325
12.113 57.250 1.332
-97.047 28.022 0.993
63.418 -19.668 1.108
11.230 64.859 1.556
-3.966 48.718 1.096
150.790 -23.162 1.229
-17.750 28.683 1.220
-93.870 29.730 0.765
133.333 36.200 1.287
-2.246 47.140 1.098
-1.682 43.395 1.136
-2.028 48.641 1.176
-2.202 47.267 1.109
-66.063 45.251 1.553
145.742 15.227 1.053
133.250 35.550 1.064
17.950 -33.017 1.250
-95.203 16.160 1.163
-117.173 32.713 1.321
-80.108 -26.292 1.258
-122.465 37.807 1.140
-90.833 13.917 1.225
-66.117 18.460 1.102
-75.200 -15.367 1.207
-160.502 55.337 1.209
118.067 5.810 1.215
-74.009 40.467 1.096
-90.313 -0.755 1.256
-118.500 34.008 1.303
-122.339 47.603 1.142
104.115 1.932 1.118
-151.720 59.441 1.218
-149.427 60.120 1.190
-76.330 36.947 1.078
115.350 22.750 1.146
0.743 51.442 1.157
119.550 35.383 1.189
138.517 35.017 1.121
130.933 33.933 1.160
135.383 33.683 1.134
18.433 -34.183 1.197
14.358 55.557 1.530
-135.342 57.052 1.101
19.012 63.191 0.903
-135.327 59.450 1.278
12.829 55.417 1.320
11.218 58.354 1.644
-76.452 38.317 1.126
-124.043 44.625 1.086
17.531 62.363 0.843
147.933 -42.550 1.182
-78.918 33.655 1.189
-82.627 27.760 1.054
-52.717 47.567 1.265
-57.821 -51.692 1.251
11.832 58.093 1.368
-123.181 49.125 1.174
-2.117 49.183 1.191
18.082 59.325 -14.352
-6.389 58.207 1.432
134.900 34.350 1.109
178.427 -18.132 1.193
39.600 -69.000 1.217
134.050 34.350 1.083
-81.282 -4.582 1.169
103.853 1.262 1.127
135.183 34.333 1.112
174.033 -39.050 1.112
172.930 1.363 1.273
-5.600 36.000 1.082
176.183 -37.650 1.195
117.883 4.233 1.237
-16.240 28.480 1.255
133.640 -32.150 1.173
104.140 2.807 1.140
136.850 34.467 1.084
-6.064 56.623 1.309
-125.913 49.154 1.117
139.767 35.650 1.115
-109.048 25.600 1.197
132.967 32.783 1.074
5.913 43.117 1.063
146.833 -19.250 1.118
137.217 36.767 1.153
7.567 58.000 1.366
13.750 45.650 1.074
151.850 7.450 1.176
-78.730 1.817 1.133
22.101 60.428 0.002
138.883 35.017 1.155
-5.158 57.895 1.353
-166.537 53.880 1.257
133.950 34.483 1.074
135.900 33.567 1.084
132.550 33.233 1.166
21.571 63.081 0.837
-146.362 61.125 1.259
-0.330 39.460 1.075
-71.633 -33.033 1.208
-123.110 49.287 1.173
12.217 57.100 1.553
31.100 70.333 1.800
12.426 45.419 1.092
-123.370 48.422 1.125
12.579 56.142 1.294
-8.770 42.601 1.212
18.284 57.639 2.200
135.150 34.217 1.110
166.617 19.283 1.082
141.683 45.400 1.198
14.500 -22.950 1.291
-77.022 38.873 1.049
174.783 -41.283 1.210
-2.448 50.608 1.124
-0.614 54.490 1.138
-3.086 58.441 1.402
-123.965 46.708 1.099
-73.782 40.793 1.112
-77.953 34.227 1.117
18.419 54.797 1.349
-62.700 45.683 1.399
-70.672 41.523 1.160
-3.568 54.651 1.188
128.102 -15.453 1.196
118.067 24.450 1.114
-139.733 59.548 1.300
138.128 9.508 1.091
-66.117 43.833 1.445
139.633 35.467 1.132
13.817 55.417 1.481
39.190 -6.155 1.211
111.833 21.583 1.164
