144.283 44.017 1.059
-2.075 57.143 1.127
131.417 31.583 1.061
-89.833 13.583 1.124
-99.912 16.840 1.068
-176.632 51.863 1.101
-122.298 37.772 1.071
-126.931 50.587 1.039
29.917 31.217 1.053
-5.433 36.117 1.018
-149.890 61.238 1.130
13.506 43.625 1.079
-76.482 38.983 1.052
-70.400 -23.650 1.109
-84.982 29.727 0.514
-171.750 -13.817 1.172
-53.983 47.300 1.089
-13.530 28.972 1.116
-123.767 46.208 1.053
-74.418 39.355 1.077
-2.715 51.511 1.046
141.500 38.300 1.065
-79.573 8.962 1.074
-76.578 39.267 1.045
-90.285 -0.437 1.091
-125.136 48.836 1.070
2.163 41.342 1.064
-68.205 44.392 1.229
16.912 41.137 1.084
12.903 55.756 1.127
-59.633 -62.483 -3.259
-1.515 43.527 1.056
109.083 21.483 1.075
-128.143 52.163 1.064
-64.700 32.400 1.145
-3.050 43.357 1.100
168.350 -46.600 1.145
-6.340 36.800 1.039
141.917 -10.600 1.078
-71.052 42.355 1.167
1.578 50.727 1.113
-4.500 48.383 1.071
-73.182 41.173 1.061
153.167 -27.367 1.136
122.217 -18.000 1.106
-77.100 3.900 1.103
-58.500 -34.667 1.055
152.380 -24.767 1.134
145.915 -41.050 1.112
-109.908 22.880 1.109
-6.283 36.533 1.051
9.114 39.210 1.045
1.868 50.969 1.060
-77.150 -12.050 1.143
-76.068 38.573 1.062
-125.247 50.042 1.059
-47.925 -25.017 1.050
147.058 -19.277 1.066
18.433 -33.900 1.106
-74.960 38.968 1.052
113.652 -24.898 1.085
-75.533 10.383 1.118
-9.417 38.692 1.051
15.094 37.498 1.022
-83.032 29.135 1.070
103.187 5.265 1.088
-5.317 35.900 1.045
91.050 22.217 1.089
-124.322 43.345 1.065
-79.925 32.782 1.071
-64.920 18.335 1.047
-63.117 46.233 1.196
-1.635 49.651 1.072
-76.113 36.967 1.063
142.200 27.100 1.100
140.867 35.750 1.074
-157.472 1.982 1.097
-94.200 58.783 -1.187
96.883 -12.117 1.139
-1.890 47.277 1.078
-145.753 60.558 1.104
-97.217 27.580 0.981
91.833 21.450 1.071
-124.183 41.745 1.061
-79.915 9.355 1.095
1.302 52.934 1.083
8.717 53.867 1.063
130.850 -12.467 1.114
20.385 60.032 1.272
6.933 53.326 1.081
4.746 52.965 1.058
-4.185 50.368 1.083
1.085 49.929 1.189
-2.088 47.306 1.064
108.617 19.100 1.132
1.318 51.117 1.082
-75.740 36.183 1.072
2.367 51.048 1.065
31.050 -29.867 1.068
27.917 -33.017 1.110
-109.448 -27.150 1.061
-66.985 44.903 1.207
162.387 11.430 1.169
-116.633 31.850 1.133
8.433 55.467 1.068
-79.647 0.992 1.077
121.900 -33.867 1.071
-64.267 -65.250 0.609
1.348 51.957 1.102
-81.467 30.672 1.078
-4.983 52.014 1.099
18.211 60.409 1.168
151.233 -33.850 1.113
-80.902 32.033 1.089
-95.308 28.948 1.027
115.717 -32.050 1.074
-166.288 23.868 1.113
-123.010 48.547 1.092
139.933 40.650 1.089
128.850 32.700 1.163
-123.451 48.769 1.079
179.195 -8.525 1.138
-16.907 32.640 1.149
21.231 64.916 1.831
-94.793 29.310 1.001
73.152 -0.687 1.177
11.933 54.567 1.085
102.107 6.227 1.059
-5.350 36.117 1.072
-5.698 43.558 1.091
-3.018 53.450 1.046
11.791 57.685 1.116
-89.957 29.263 0.874
136.417 -13.860 1.067
144.650 13.433 1.108
-110.900 27.933 1.095
141.533 40.533 1.147
110.283 20.017 1.065
140.717 41.783 1.087
-63.583 44.667 1.111
132.067 34.900 1.045
27.179 60.563 1.183
145.567 43.283 1.136
22.977 59.823 1.231
1.284 51.947 1.122
9.101 63.425 1.076
24.956 60.154 1.209
-2.920 54.032 1.029
115.738 -31.825 1.077
-155.067 19.733 1.095
-3.134 51.215 1.079
89.467 21.783 1.078
147.330 -42.887 1.078
4.120 51.977 1.055
-4.631 53.308 1.096
114.217 22.300 1.061
159.957 -9.425 1.181
25.973 70.980 1.149
-157.867 21.307 1.142
12.467 56.100 1.145
131.683 32.417 1.067
-6.834 37.132 1.055
-124.217 40.767 1.080
-4.111 51.211 1.086
-43.165 -22.897 1.071
-0.186 53.631 1.061
124.167 24.333 1.065
-169.530 16.738 1.067
103.792 1.462 1.078
-78.833 -33.622 1.235
-134.412 58.298 1.085
130.567 31.583 1.066
-156.467 20.900 1.128
23.096 65.697 2.040
121.282 28.088 1.078
-171.718 -2.810 1.100
120.288 22.615 1.093
154.777 1.098 1.110
21.215 62.344 1.253
139.750 35.517 1.135
121.745 25.157 1.060
101.358 3.050 1.096
102.153 2.215 1.121
24.515 65.673 1.803
70.220 -49.345 1.206
-131.625 55.333 1.103
-81.808 24.553 1.075
-5.050 58.457 1.112
-75.988 37.165 1.069
12.894 55.522 1.175
23.033 -34.050 1.066
99.817 11.795 1.080
98.425 7.832 1.161
135.183 34.683 1.043
133.567 33.500 1.041
-152.512 57.732 1.093
134.583 34.017 1.055
116.067 5.983 1.079
103.430 3.975 1.097
130.200 32.600 1.116
103.443 1.325 1.105
15.589 56.105 1.197
11.127 58.997 1.124
135.767 33.483 1.067
144.367 42.983 1.051
167.733 8.733 1.145
-8.400 43.367 1.105
-117.257 32.867 1.153
-80.917 -2.200 1.127
-110.345 24.162 1.119
-1.221 46.158 1.045
-87.817 13.333 1.152
17.865 58.742 1.237
99.765 6.432 1.148
177.433 -17.600 1.103
-4.781 48.359 1.095
0.106 49.482 1.048
-1.765 47.205 1.046
123.750 13.150 1.134
-3.182 55.990 1.116
-1.140 60.155 1.125
-1.794 46.497 1.057
-75.120 38.782 1.040
119.417 34.750 1.108
-64.753 17.697 1.029
10.299 43.546 1.062
-3.825 53.332 1.050
-80.717 -6.933 1.079
159.067 -31.517 1.083
-118.272 33.720 1.153
-64.883 47.083 1.336
1.751 52.473 1.056
15.150 -26.650 1.160
100.613 4.240 1.096
121.617 32.133 1.096
172.717 -43.600 1.126
5.113 61.934 1.120
-67.047 17.972 1.060
137.617 34.683 1.012
135.383 35.467 1.142
171.373 7.107 1.129
130.300 31.267 1.052
-4.417 36.717 1.061
134.463 7.330 1.153
73.527 4.190 1.161
-7.333 55.367 1.124
120.967 14.583 1.098
21.463 61.594 1.177
174.500 -35.833 1.082
16.837 58.554 1.299
173.200 52.833 1.192
-72.117 -17.000 1.157
132.717 33.867 1.096
-81.432 30.395 1.092
-106.422 23.198 1.090
139.817 34.917 1.081
15.563 38.196 1.075
-177.367 28.217 1.063
-5.014 51.702 1.078
-4.906 55.750 1.079
50.600 26.233 1.075
130.450 32.617 1.116
139.482 34.067 1.075
141.983 39.650 1.178
-157.800 21.433 1.137
7.421 43.729 1.061
-71.960 41.048 1.055
-121.888 36.605 1.092
22.133 -34.183 1.098
134.167 33.267 1.039
129.867 32.733 1.139
136.883 35.083 1.036
127.667 26.200 1.096
-61.683 56.550 2.185
129.842 29.842 1.087
-1.634 47.194 1.070
-70.097 41.285 1.099
176.917 -39.483 1.176
-81.808 26.132 1.058
14.269 40.841 1.074
166.905 -0.528 1.083
-159.350 21.967 1.087
129.495 28.382 1.098
-124.617 48.368 1.077
-72.087 41.355 1.044
-74.015 40.700 1.050
0.057 50.782 1.049
-5.542 50.102 1.082
-71.327 41.505 1.108
-2.987 51.550 1.104
-122.910 49.200 1.049
130.992 30.735 1.111
-1.440 55.007 1.058
-60.250 46.217 1.198
166.437 -22.292 1.133
-175.167 -21.133 1.127
-140.082 -8.930 1.125
11.950 78.933 2.186
141.717 39.067 1.076
141.750 39.017 1.073
139.383 34.783 1.121
17.097 57.366 1.260
138.217 34.617 1.059
140.900 36.933 1.054
135.433 34.650 1.035
16.478 57.275 1.262
10.734 59.909 1.107
18.497 40.147 1.054
25.418 65.040 2.124
130.217 32.983 1.084
136.217 34.067 1.052
-170.683 -14.283 1.195
-81.167 -5.083 1.090
15.275 40.032 1.067
-149.567 -17.525 1.050
-123.451 48.654 1.073
100.347 5.422 1.086
-158.053 -8.977 1.054
-87.213 30.403 1.013
-75.142 39.933 1.076
22.690 63.709 1.610
158.243 6.987 1.123
-123.253 49.337 1.074
-25.672 37.735 1.146
-123.440 48.125 1.069
-59.133 47.567 1.267
-1.062 45.569 1.095
-80.593 28.415 1.067
25.630 -33.960 1.098
118.575 -20.318 1.085
150.912 -34.473 1.134
57.495 -20.155 1.140
16.867 -29.250 1.117
138.467 -35.108 1.066
-3.446 47.644 1.048
3.107 42.520 1.068
168.300 -17.767 1.175
-6.190 55.627 1.139
-4.768 54.085 1.088
-127.489 50.722 1.036
-97.215 26.060 0.981
-70.247 43.657 1.222
141.600 -38.333 1.073
-5.120 54.843 1.073
-6.657 55.207 1.137
-120.760 35.177 1.093
-1.112 50.803 1.062
-130.324 54.317 1.070
-71.401 41.807 1.074
-148.527 70.400 1.130
55.528 -4.672 1.113
-82.860 8.273 1.095
-87.950 15.833 1.119
-15.417 28.133 1.092
-72.967 -41.483 1.111
-67.617 -54.933 1.149
-132.072 53.252 1.092
24.407 64.666 2.111
-159.775 -21.207 1.038
20.895 63.986 1.481
21.426 61.133 1.198
-75.573 39.558 1.104
55.285 -20.935 1.197
-21.940 64.151 1.358
-134.953 -23.125 1.191
12.113 57.250 1.109
-97.047 28.022 1.001
63.418 -19.668 1.061
11.230 64.859 1.104
-3.966 48.718 1.050
150.790 -23.162 1.123
-17.750 28.683 1.130
-93.870 29.730 0.885
133.333 36.200 1.161
-2.246 47.140 1.049
-1.682 43.395 1.071
-2.028 48.641 1.084
-2.202 47.267 1.058
-66.063 45.251 1.216
145.742 15.227 1.025
133.250 35.550 1.036
17.950 -33.017 1.135
-95.203 16.160 1.084
-117.173 32.713 1.145
-80.108 -26.292 1.149
-122.465 37.807 1.066
-90.833 13.917 1.125
-66.117 18.460 1.066
-75.200 -15.367 1.118
-160.502 55.337 1.103
118.067 5.810 1.105
-74.009 40.467 1.053
-90.313 -0.755 1.139
-118.500 34.008 1.126
-122.339 47.603 1.068
104.115 1.932 1.065
-151.720 59.441 1.093
-149.427 60.120 1.089
-76.330 36.947 1.044
115.350 22.750 1.081
0.743 51.442 1.085
119.550 35.383 1.130
138.517 35.017 1.067
130.933 33.933 1.088
135.383 33.683 1.075
18.433 -34.183 1.121
14.358 55.557 1.220
-135.342 57.052 1.048
19.012 63.191 1.182
-135.327 59.450 1.099
12.829 55.417 1.149
11.218 58.354 1.139
-76.452 38.317 1.065
-124.043 44.625 1.045
17.531 62.363 1.309
147.933 -42.550 1.111
-78.918 33.655 1.088
-82.627 27.760 1.028
-52.717 47.567 1.118
-57.821 -51.692 1.185
11.832 58.093 1.121
-123.181 49.125 1.080
-2.117 49.183 1.097
18.082 59.325 1.220
-6.389 58.207 1.179
134.900 34.350 1.062
178.427 -18.132 1.113
39.600 -69.000 1.202
134.050 34.350 1.043
-81.282 -4.582 1.091
103.853 1.262 1.067
135.183 34.333 1.059
174.033 -39.050 1.065
172.930 1.363 1.150
-5.600 36.000 1.037
176.183 -37.650 1.116
117.883 4.233 1.139
-16.240 28.480 1.144
133.640 -32.150 1.080
104.140 2.807 1.080
136.850 34.467 1.047
-6.064 56.623 1.116
-125.913 49.154 1.049
139.767 35.650 1.057
-109.048 25.600 1.105
132.967 32.783 1.044
5.913 43.117 1.033
146.833 -19.250 1.064
137.217 36.767 1.095
7.567 58.000 1.136
13.750 45.650 1.040
151.850 7.450 1.089
-78.730 1.817 1.084
22.101 60.428 1.188
138.883 35.017 1.087
-5.158 57.895 1.133
-166.537 53.880 1.133
133.950 34.483 1.038
135.900 33.567 1.046
132.550 33.233 1.097
21.571 63.081 1.464
-146.362 61.125 1.106
-0.330 39.460 1.043
-71.633 -33.033 1.137
-123.110 49.287 1.079
12.217 57.100 1.175
31.100 70.333 1.245
12.426 45.419 1.047
-123.370 48.422 1.058
12.579 56.142 1.118
-8.770 42.601 1.108
18.284 57.639 1.321
135.150 34.217 1.062
166.617 19.283 1.044
141.683 45.400 1.117
14.500 -22.950 1.151
-77.022 38.873 1.027
174.783 -41.283 1.114
-2.448 50.608 1.059
-0.614 54.490 1.059
-3.086 58.441 1.170
-123.965 46.708 1.050
-73.782 40.793 1.058
-77.953 34.227 1.055
18.419 54.797 1.139
-62.700 45.683 1.181
-70.672 41.523 1.073
-3.568 54.651 1.078
128.102 -15.453 1.098
118.067 24.450 1.066
-139.733 59.548 1.117
138.128 9.508 1.047
-66.117 43.833 1.180
139.633 35.467 1.074
13.817 55.417 1.200
39.190 -6.155 1.112
111.833 21.583 1.090
