144.283 44.017 1.087
-2.075 57.143 1.163
131.417 31.583 1.102
-89.833 13.583 1.191
-99.912 16.840 1.120
-176.632 51.863 1.177
-122.298 37.772 1.117
-126.931 50.587 1.059
29.917 31.217 1.095
-5.433 36.117 1.024
-149.890 61.238 1.205
13.506 43.625 1.083
-76.482 38.983 1.074
-70.400 -23.650 1.167
-84.982 29.727 0.554
-171.750 -13.817 1.233
-53.983 47.300 1.118
-13.530 28.972 1.179
-123.767 46.208 1.077
-74.418 39.355 1.113
-2.715 51.511 1.066
141.500 38.300 1.106
-79.573 8.962 1.104
-76.578 39.267 1.065
-90.285 -0.437 1.138
-125.136 48.836 1.108
2.163 41.342 1.120
-68.205 44.392 1.264
16.912 41.137 1.146
12.903 55.756 1.153
-59.633 -62.483 2.418
-1.515 43.527 1.086
109.083 21.483 1.107
-128.143 52.163 1.105
-64.700 32.400 1.236
-3.050 43.357 1.135
168.350 -46.600 1.170
-6.340 36.800 1.059
141.917 -10.600 1.114
-71.052 42.355 1.203
1.578 50.727 1.160
-4.500 48.383 1.103
-73.182 41.173 1.073
153.167 -27.367 1.199
122.217 -18.000 1.161
-77.100 3.900 1.164
-58.500 -34.667 1.075
152.380 -24.767 1.200
145.915 -41.050 1.186
-109.908 22.880 1.180
-6.283 36.533 1.082
9.114 39.210 1.075
1.868 50.969 1.068
-77.150 -12.050 1.204
-76.068 38.573 1.092
-125.247 50.042 1.097
-47.925 -25.017 1.087
147.058 -19.277 1.091
18.433 -33.900 1.176
-74.960 38.968 1.080
113.652 -24.898 1.119
-75.533 10.383 1.152
-9.417 38.692 1.077
15.094 37.498 1.036
-83.032 29.135 1.080
103.187 5.265 1.128
-5.317 35.900 1.070
91.050 22.217 1.099
-124.322 43.345 1.106
-79.925 32.782 1.097
-64.920 18.335 1.091
-63.117 46.233 1.221
-1.635 49.651 1.109
-76.113 36.967 1.087
142.200 27.100 1.161
140.867 35.750 1.122
-157.472 1.982 1.154
-94.200 58.783 -1.109
96.883 -12.117 1.202
-1.890 47.277 1.114
-145.753 60.558 1.162
-97.217 27.580 0.990
91.833 21.450 1.085
-124.183 41.745 1.102
-79.915 9.355 1.124
1.302 52.934 1.103
8.717 53.867 1.070
130.850 -12.467 1.170
20.385 60.032 1.362
6.933 53.326 1.092
4.746 52.965 1.069
-4.185 50.368 1.109
1.085 49.929 1.260
-2.088 47.306 1.091
108.617 19.100 1.190
1.318 51.117 1.111
-75.740 36.183 1.105
2.367 51.048 1.092
31.050 -29.867 1.117
27.917 -33.017 1.177
-109.448 -27.150 1.088
-66.985 44.903 1.240
162.387 11.430 1.240
-116.633 31.850 1.208
8.433 55.467 1.076
-79.647 0.992 1.115
121.900 -33.867 1.109
-64.267 -65.250 -0.254
1.348 51.957 1.114
-81.467 30.672 1.091
-4.983 52.014 1.132
18.211 60.409 1.216
151.233 -33.850 1.148
-80.902 32.033 1.109
-95.308 28.948 1.027
115.717 -32.050 1.109
-166.288 23.868 1.176
-123.010 48.547 1.121
139.933 40.650 1.150
128.850 32.700 1.255
-123.451 48.769 1.128
179.195 -8.525 1.182
-16.907 32.640 1.221
21.231 64.916 2.036
-94.793 29.310 1.005
73.152 -0.687 1.243
11.933 54.567 1.108
102.107 6.227 1.097
-5.350 36.117 1.114
-5.698 43.558 1.136
-3.018 53.450 1.049
11.791 57.685 1.156
-89.957 29.263 0.865
136.417 -13.860 1.077
144.650 13.433 1.186
-110.900 27.933 1.168
141.533 40.533 1.247
110.283 20.017 1.071
140.717 41.783 1.142
-63.583 44.667 1.146
132.067 34.900 1.064
27.179 60.563 1.205
145.567 43.283 1.264
22.977 59.823 1.263
1.284 51.947 1.159
9.101 63.425 1.102
24.956 60.154 1.223
-2.920 54.032 1.031
115.738 -31.825 1.104
-155.067 19.733 1.171
-3.134 51.215 1.114
89.467 21.783 1.099
147.330 -42.887 1.154
4.120 51.977 1.068
-4.631 53.308 1.114
114.217 22.300 1.083
159.957 -9.425 1.242
25.973 70.980 1.224
-157.867 21.307 1.215
12.467 56.100 1.171
131.683 32.417 1.108
-6.834 37.132 1.089
-124.217 40.767 1.120
-4.111 51.211 1.121
-43.165 -22.897 1.125
-0.186 53.631 1.094
124.167 24.333 1.107
-169.530 16.738 1.108
103.792 1.462 1.138
-78.833 -33.622 1.308
-134.412 58.298 1.124
130.567 31.583 1.106
-156.467 20.900 1.204
23.096 65.697 1.920
121.282 28.088 1.091
-171.718 -2.810 1.159
120.288 22.615 1.148
154.777 1.098 1.162
21.215 62.344 1.290
139.750 35.517 1.216
121.745 25.157 1.089
101.358 3.050 1.152
102.153 2.215 1.171
24.515 65.673 1.719
70.220 -49.345 1.294
-131.625 55.333 1.161
-81.808 24.553 1.128
-5.050 58.457 1.131
-75.988 37.165 1.079
12.894 55.522 1.221
23.033 -34.050 1.104
99.817 11.795 1.139
98.425 7.832 1.225
135.183 34.683 1.058
133.567 33.500 1.053
-152.512 57.732 1.129
134.583 34.017 1.094
116.067 5.983 1.127
103.430 3.975 1.133
130.200 32.600 1.202
103.443 1.325 1.176
15.589 56.105 1.237
11.127 58.997 1.162
135.767 33.483 1.117
144.367 42.983 1.079
167.733 8.733 1.211
-8.400 43.367 1.152
-117.257 32.867 1.219
-80.917 -2.200 1.196
-110.345 24.162 1.207
-1.221 46.158 1.062
-87.817 13.333 1.218
17.865 58.742 1.279
99.765 6.432 1.213
177.433 -17.600 1.151
-4.781 48.359 1.140
0.106 49.482 1.067
-1.765 47.205 1.051
123.750 13.150 1.221
-3.182 55.990 1.158
-1.140 60.155 1.167
-1.794 46.497 1.078
-75.120 38.782 1.057
119.417 34.750 1.165
-64.753 17.697 1.052
10.299 43.546 1.117
-3.825 53.332 1.054
-80.717 -6.933 1.133
159.067 -31.517 1.135
-118.272 33.720 1.201
-64.883 47.083 1.373
1.751 52.473 1.067
15.150 -26.650 1.254
100.613 4.240 1.161
121.617 32.133 1.103
172.717 -43.600 1.192
5.113 61.934 1.156
-67.047 17.972 1.118
137.617 34.683 1.015
135.383 35.467 1.228
171.373 7.107 1.193
130.300 31.267 1.086
-4.417 36.717 1.120
134.463 7.330 1.225
73.527 4.190 1.237
-7.333 55.367 1.151
120.967 14.583 1.170
21.463 61.594 1.249
174.500 -35.833 1.119
16.837 58.554 1.335
173.200 52.833 1.318
-72.117 -17.000 1.251
132.717 33.867 1.172
-81.432 30.395 1.113
-106.422 23.198 1.150
139.817 34.917 1.141
15.563 38.196 1.123
-177.367 28.217 1.102
-5.014 51.702 1.106
-4.906 55.750 1.093
50.600 26.233 1.108
130.450 32.617 1.185
139.482 34.067 1.131
141.983 39.650 1.296
-157.800 21.433 1.219
7.421 43.729 1.128
-71.960 41.048 1.065
-121.888 36.605 1.151
22.133 -34.183 1.175
134.167 33.267 1.051
129.867 32.733 1.217
136.883 35.083 1.049
127.667 26.200 1.170
-61.683 56.550 2.406
129.842 29.842 1.141
-1.634 47.194 1.093
-70.097 41.285 1.123
176.917 -39.483 1.272
-81.808 26.132 1.059
14.269 40.841 1.137
166.905 -0.528 1.136
-159.350 21.967 1.147
129.495 28.382 1.162
-124.617 48.368 1.124
-72.087 41.355 1.050
-74.015 40.700 1.063
0.057 50.782 1.071
-5.542 50.102 1.116
-71.327 41.505 1.133
-2.987 51.550 1.141
-122.910 49.200 1.070
130.992 30.735 1.183
-1.440 55.007 1.080
-60.250 46.217 1.221
166.437 -22.292 1.199
-175.167 -21.133 1.183
-140.082 -8.930 1.180
11.950 78.933 6.152
141.717 39.067 1.126
141.750 39.017 1.118
139.383 34.783 1.219
17.097 57.366 1.286
138.217 34.617 1.099
140.900 36.933 1.101
135.433 34.650 1.043
16.478 57.275 1.294
10.734 59.909 1.134
18.497 40.147 1.072
25.418 65.040 1.933
130.217 32.983 1.150
136.217 34.067 1.071
-170.683 -14.283 1.264
-81.167 -5.083 1.144
15.275 40.032 1.123
-149.567 -17.525 1.083
-123.451 48.654 1.097
100.347 5.422 1.133
-158.053 -8.977 1.078
-87.213 30.403 1.017
-75.142 39.933 1.104
22.690 63.709 1.714
158.243 6.987 1.181
-123.253 49.337 1.123
-25.672 37.735 1.224
-123.440 48.125 1.087
-59.133 47.567 1.285
-1.062 45.569 1.122
-80.593 28.415 1.077
25.630 -33.960 1.154
118.575 -20.318 1.128
150.912 -34.473 1.169
57.495 -20.155 1.203
16.867 -29.250 1.199
138.467 -35.108 1.104
-3.446 47.644 1.069
3.107 42.520 1.129
168.300 -17.767 1.258
-6.190 55.627 1.178
-4.768 54.085 1.095
-127.489 50.722 1.054
-97.215 26.060 0.988
-70.247 43.657 1.269
141.600 -38.333 1.121
-5.120 54.843 1.102
-6.657 55.207 1.167
-120.760 35.177 1.149
-1.112 50.803 1.088
-130.324 54.317 1.094
-71.401 41.807 1.087
-148.527 70.400 1.183
55.528 -4.672 1.189
-82.860 8.273 1.129
-87.950 15.833 1.169
-15.417 28.133 1.161
-72.967 -41.483 1.168
-67.617 -54.933 1.138
-132.072 53.252 1.143
24.407 64.666 2.021
-159.775 -21.207 1.053
20.895 63.986 1.564
21.426 61.133 1.287
-75.573 39.558 1.154
55.285 -20.935 1.271
-21.940 64.151 1.687
-134.953 -23.125 1.258
12.113 57.250 1.139
-97.047 28.022 1.005
63.418 -19.668 1.088
11.230 64.859 1.133
-3.966 48.718 1.072
150.790 -23.162 1.173
-17.750 28.683 1.197
-93.870 29.730 0.897
133.333 36.200 1.267
-2.246 47.140 1.072
-1.682 43.395 1.099
-2.028 48.641 1.121
-2.202 47.267 1.079
-66.063 45.251 1.253
145.742 15.227 1.042
133.250 35.550 1.054
17.950 -33.017 1.219
-95.203 16.160 1.136
-117.173 32.713 1.209
-80.108 -26.292 1.221
-122.465 37.807 1.109
-90.833 13.917 1.185
-66.117 18.460 1.112
-75.200 -15.367 1.173
-160.502 55.337 1.146
118.067 5.810 1.156
-74.009 40.467 1.064
-90.313 -0.755 1.201
-118.500 34.008 1.168
-122.339 47.603 1.092
104.115 1.932 1.104
-151.720 59.441 1.151
-149.427 60.120 1.129
-76.330 36.947 1.064
115.350 22.750 1.118
0.743 51.442 1.113
119.550 35.383 1.197
138.517 35.017 1.111
130.933 33.933 1.150
135.383 33.683 1.127
18.433 -34.183 1.189
14.358 55.557 1.264
-135.342 57.052 1.077
19.012 63.191 1.226
-135.327 59.450 1.144
12.829 55.417 1.173
11.218 58.354 1.178
-76.452 38.317 1.093
-124.043 44.625 1.076
17.531 62.363 1.464
147.933 -42.550 1.196
-78.918 33.655 1.106
-82.627 27.760 1.037
-52.717 47.567 1.157
-57.821 -51.692 1.230
11.832 58.093 1.159
-123.181 49.125 1.122
-2.117 49.183 1.137
18.082 59.325 1.313
-6.389 58.207 1.210
134.900 34.350 1.116
178.427 -18.132 1.187
39.600 -69.000 1.359
134.050 34.350 1.071
-81.282 -4.582 1.138
103.853 1.262 1.115
135.183 34.333 1.104
174.033 -39.050 1.098
172.930 1.363 1.218
-5.600 36.000 1.060
176.183 -37.650 1.162
117.883 4.233 1.214
-16.240 28.480 1.218
133.640 -32.150 1.123
104.140 2.807 1.134
136.850 34.467 1.080
-6.064 56.623 1.142
-125.913 49.154 1.085
139.767 35.650 1.099
-109.048 25.600 1.178
132.967 32.783 1.065
5.913 43.117 1.066
146.833 -19.250 1.095
137.217 36.767 1.156
7.567 58.000 1.166
13.750 45.650 1.067
151.850 7.450 1.144
-78.730 1.817 1.124
22.101 60.428 1.236
138.883 35.017 1.148
-5.158 57.895 1.176
-166.537 53.880 1.199
133.950 34.483 1.058
135.900 33.567 1.073
132.550 33.233 1.163
21.571 63.081 1.523
-146.362 61.125 1.168
-0.330 39.460 1.079
-71.633 -33.033 1.186
-123.110 49.287 1.127
12.217 57.100 1.223
31.100 70.333 1.320
12.426 45.419 1.063
-123.370 48.422 1.082
12.579 56.142 1.138
-8.770 42.601 1.153
18.284 57.639 1.340
135.150 34.217 1.106
166.617 19.283 1.079
141.683 45.400 1.194
14.500 -22.950 1.257
-77.022 38.873 1.033
174.783 -41.283 1.163
-2.448 50.608 1.092
-0.614 54.490 1.085
-3.086 58.441 1.243
-123.965 46.708 1.073
-73.782 40.793 1.064
-77.953 34.227 1.070
18.419 54.797 1.185
-62.700 45.683 1.201
-70.672 41.523 1.088
-3.568 54.651 1.088
128.102 -15.453 1.169
118.067 24.450 1.107
-139.733 59.548 1.179
138.128 9.508 1.081
-66.117 43.833 1.218
139.633 35.467 1.131
13.817 55.417 1.237
39.190 -6.155 1.167
111.833 21.583 1.136
