144.283 44.017 50.119
-2.075 57.143 84.140
131.417 31.583 10.000
-89.833 13.583 446.684
-99.912 16.840 266.073
-176.632 51.863 188.365
-122.298 37.772 125.893
-126.931 50.587 18.836
-5.433 36.117 5.957
-149.890 61.238 63.096
-76.482 38.983 10.593
-70.400 -23.650 398.107
-53.983 47.300 125.893
-13.530 28.972 473.151
-123.767 46.208 44.668
-74.418 39.355 56.234
-2.715 51.511 33.497
141.500 38.300 199.526
-79.573 8.962 211.349
-76.578 39.267 5.957
-90.285 -0.437 211.349
-125.136 48.836 37.584
2.163 41.342 223.872
-68.205 44.392 105.925
12.903 55.756 5.957
-1.515 43.527 125.893
109.083 21.483 26.607
-128.143 52.163 8.913
-64.700 32.400 316.228
-3.050 43.357 298.538
-6.340 36.800 53.088
141.917 -10.600 105.925
-71.052 42.355 47.315
1.578 50.727 70.795
-4.500 48.383 89.125
-73.182 41.173 5.623
153.167 -27.367 562.341
122.217 -18.000 158.489
-77.100 3.900 199.526
-58.500 -34.667 2.239
152.380 -24.767 501.187
145.915 -41.050 421.697
-109.908 22.880 562.341
-6.283 36.533 199.526
1.868 50.969 2.985
-77.150 -12.050 354.813
-76.068 38.573 94.406
-125.247 50.042 33.497
-47.925 -25.017 8.913
147.058 -19.277 37.584
18.433 -33.900 421.697
-74.960 38.968 50.119
113.652 -24.898 167.880
-75.533 10.383 421.697
-9.417 38.692 141.254
15.094 37.498 7.079
103.187 5.265 133.352
-5.317 35.900 375.837
91.050 22.217 7.079
-124.322 43.345 94.406
-79.925 32.782 66.834
-64.920 18.335 167.880
-63.117 46.233 18.836
-1.635 49.651 177.828
-76.113 36.967 19.953
142.200 27.100 100.000
140.867 35.750 14.962
-157.472 1.982 316.228
-94.200 58.783 0.299
96.883 -12.117 354.813
-1.890 47.277 118.850
-145.753 60.558 25.119
-97.217 27.580 1.413
91.833 21.450 5.309
-124.183 41.745 56.234
-79.915 9.355 421.697
1.302 52.934 26.607
8.717 53.867 2.985
130.850 -12.467 281.838
20.385 60.032 1.679
6.933 53.326 2.661
4.746 52.965 5.623
-4.185 50.368 158.489
1.085 49.929 316.228
-2.088 47.306 39.811
108.617 19.100 251.189
1.318 51.117 22.387
-75.740 36.183 56.234
2.367 51.048 12.589
31.050 -29.867 211.349
27.917 -33.017 316.228
-109.448 -27.150 12.589
-66.985 44.903 125.893
162.387 11.430 501.187
-116.633 31.850 530.884
8.433 55.467 3.758
-79.647 0.992 211.349
121.900 -33.867 70.795
-64.267 -65.250 1.334
1.348 51.957 10.000
-81.467 30.672 167.880
-4.983 52.014 118.850
18.211 60.409 0.891
151.233 -33.850 375.837
-80.902 32.033 237.137
-95.308 28.948 2.239
115.717 -32.050 100.000
-166.288 23.868 298.538
139.933 40.650 237.137
128.850 32.700 316.228
-123.451 48.769 63.096
179.195 -8.525 375.837
-16.907 32.640 446.684
21.231 64.916 0.251
-94.793 29.310 1.496
73.152 -0.687 530.884
11.933 54.567 5.309
102.107 6.227 70.795
-5.350 36.117 446.684
-3.018 53.450 33.497
11.791 57.685 5.309
-89.957 29.263 1.122
144.650 13.433 188.365
-110.900 27.933 251.189
141.533 40.533 316.228
110.283 20.017 2.512
140.717 41.783 398.107
-63.583 44.667 94.406
132.067 34.900 6.683
27.179 60.563 3.548
145.567 43.283 84.140
22.977 59.823 4.217
1.284 51.947 70.795
9.101 63.425 3.981
24.956 60.154 4.467
-2.920 54.032 8.913
115.738 -31.825 70.795
-155.067 19.733 334.965
-3.134 51.215 141.254
89.467 21.783 19.953
147.330 -42.887 50.119
4.120 51.977 5.012
-4.631 53.308 74.989
114.217 22.300 10.593
159.957 -9.425 84.140
25.973 70.980 16.788
-157.867 21.307 421.697
12.467 56.100 16.788
131.683 32.417 7.943
-124.217 40.767 118.850
-4.111 51.211 84.140
-43.165 -22.897 37.584
-0.186 53.631 12.589
124.167 24.333 28.184
-169.530 16.738 105.925
103.792 1.462 281.838
-78.833 -33.622 562.341
-134.412 58.298 9.441
130.567 31.583 14.962
-156.467 20.900 473.151
23.096 65.697 0.237
121.282 28.088 2.371
-171.718 -2.810 398.107
120.288 22.615 199.526
154.777 1.098 354.813
21.215 62.344 0.531
139.750 35.517 167.880
121.745 25.157 5.623
101.358 3.050 199.526
102.153 2.215 398.107
24.515 65.673 0.422
70.220 -49.345 794.328
-131.625 55.333 35.481
-81.808 24.553 334.965
-5.050 58.457 5.623
12.894 55.522 33.497
23.033 -34.050 37.584
99.817 11.795 188.365
98.425 7.832 501.187
135.183 34.683 4.467
133.567 33.500 2.985
-152.512 57.732 37.584
134.583 34.017 15.849
116.067 5.983 149.624
103.430 3.975 141.254
130.200 32.600 199.526
103.443 1.325 530.884
15.589 56.105 42.170
11.127 58.997 3.981
135.767 33.483 89.125
144.367 42.983 35.481
167.733 8.733 530.884
-8.400 43.367 199.526
-117.257 32.867 446.684
-80.917 -2.200 354.813
-110.345 24.162 501.187
-1.221 46.158 7.943
-87.817 13.333 562.341
17.865 58.742 7.499
99.765 6.432 446.684
177.433 -17.600 354.813
-4.781 48.359 199.526
0.106 49.482 33.497
-1.765 47.205 3.162
123.750 13.150 398.107
-3.182 55.990 59.566
-1.140 60.155 94.406
-1.794 46.497 25.119
-75.120 38.782 8.414
119.417 34.750 17.783
-64.753 17.697 14.125
10.299 43.546 298.538
-3.825 53.332 33.497
-80.717 -6.933 100.000
159.067 -31.517 177.828
-118.272 33.720 398.107
-64.883 47.083 56.234
1.751 52.473 3.350
15.150 -26.650 530.884
100.613 4.240 354.813
121.617 32.133 4.217
5.113 61.934 23.714
-67.047 17.972 237.137
137.617 34.683 1.334
135.383 35.467 158.489
171.373 7.107 446.684
130.300 31.267 6.683
-4.417 36.717 398.107
134.463 7.330 375.837
73.527 4.190 595.662
-7.333 55.367 37.584
120.967 14.583 237.137
21.463 61.594 0.562
174.500 -35.833 66.834
16.837 58.554 15.849
173.200 52.833 334.965
-72.117 -17.000 446.684
132.717 33.867 56.234
-81.432 30.395 298.538
-106.422 23.198 398.107
139.817 34.917 56.234
15.563 38.196 281.838
-177.367 28.217 53.088
-5.014 51.702 105.925
-4.906 55.750 5.309
50.600 26.233 50.119
130.450 32.617 158.489
139.482 34.067 31.623
141.983 39.650 316.228
-157.800 21.433 398.107
7.421 43.729 251.189
-71.960 41.048 3.981
-121.888 36.605 354.813
22.133 -34.183 211.349
134.167 33.267 2.985
129.867 32.733 223.872
136.883 35.083 4.467
127.667 26.200 149.624
129.842 29.842 70.795
-1.634 47.194 47.315
-70.097 41.285 21.135
176.917 -39.483 595.662
14.269 40.841 354.813
166.905 -0.528 316.228
-159.350 21.967 281.838
129.495 28.382 141.254
-124.617 48.368 66.834
-72.087 41.355 2.818
-74.015 40.700 5.012
0.057 50.782 47.315
-5.542 50.102 177.828
-71.327 41.505 33.497
-122.910 49.200 8.913
130.992 30.735 158.489
-1.440 55.007 21.135
-60.250 46.217 112.202
166.437 -22.292 446.684
-175.167 -21.133 398.107
-140.082 -8.930 473.151
11.950 78.933 3.162
141.717 39.067 316.228
141.750 39.017 266.073
139.383 34.783 251.189
17.097 57.366 23.714
138.217 34.617 59.566
140.900 36.933 56.234
135.433 34.650 2.512
16.478 57.275 25.119
10.734 59.909 2.818
25.418 65.040 0.211
130.217 32.983 56.234
136.217 34.067 12.589
-170.683 -14.283 473.151
-81.167 -5.083 167.880
-149.567 -17.525 42.170
-123.451 48.654 100.000
100.347 5.422 398.107
-158.053 -8.977 84.140
-87.213 30.403 1.778
-75.142 39.933 14.962
22.690 63.709 0.158
158.243 6.987 421.697
-123.253 49.337 70.795
-25.672 37.735 354.813
-123.440 48.125 47.315
-59.133 47.567 167.880
-1.062 45.569 84.140
25.630 -33.960 266.073
118.575 -20.318 112.202
150.912 -34.473 446.684
57.495 -20.155 251.189
16.867 -29.250 501.187
-3.446 47.644 100.000
3.107 42.520 251.189
-127.489 50.722 18.836
-97.215 26.060 1.585
-70.247 43.657 118.850
141.600 -38.333 251.189
-5.120 54.843 13.335
-120.760 35.177 354.813
-1.112 50.803 63.096
-130.324 54.317 13.335
-71.401 41.807 5.309
-87.950 15.833 251.189
-15.417 28.133 375.837
-72.967 -41.483 35.481
-67.617 -54.933 7.499
-132.072 53.252 31.623
24.407 64.666 0.224
-159.775 -21.207 3.981
20.895 63.986 0.266
21.426 61.133 0.501
-75.573 39.558 167.880
-21.940 64.151 21.135
-134.953 -23.125 334.965
12.113 57.250 4.217
-97.047 28.022 2.661
63.418 -19.668 42.170
11.230 64.859 2.661
-3.966 48.718 35.481
150.790 -23.162 375.837
-17.750 28.683 473.151
-93.870 29.730 1.122
133.333 36.200 199.526
-2.246 47.140 25.119
-1.682 43.395 188.365
-2.028 48.641 177.828
-2.202 47.267 33.497
-66.063 45.251 149.624
145.742 15.227 2.512
133.250 35.550 8.414
17.950 -33.017 530.884
-95.203 16.160 375.837
-117.173 32.713 446.684
-80.108 -26.292 421.697
-122.465 37.807 118.850
-90.833 13.917 501.187
-66.117 18.460 266.073
-160.502 55.337 53.088
-74.009 40.467 4.732
-90.313 -0.755 421.697
-118.500 34.008 281.838
-122.339 47.603 94.406
104.115 1.932 100.000
-151.720 59.441 23.714
-149.427 60.120 37.584
-76.330 36.947 7.499
115.350 22.750 56.234
0.743 51.442 21.135
119.550 35.383 31.623
138.517 35.017 100.000
135.383 33.683 118.850
18.433 -34.183 501.187
14.358 55.557 70.795
-135.342 57.052 26.607
19.012 63.191 0.708
-135.327 59.450 14.125
12.829 55.417 9.441
11.218 58.354 5.957
-76.452 38.317 100.000
-124.043 44.625 42.170
17.531 62.363 0.376
147.933 -42.550 251.189
-78.918 33.655 158.489
-82.627 27.760 2.818
-52.717 47.567 281.838
11.832 58.093 5.957
-123.181 49.125 44.668
-2.117 49.183 223.872
18.082 59.325 3.350
-6.389 58.207 59.566
134.900 34.350 35.481
178.427 -18.132 421.697
39.600 -69.000 266.073
134.050 34.350 7.943
-81.282 -4.582 141.254
103.853 1.262 237.137
135.183 34.333 44.668
174.033 -39.050 74.989
-5.600 36.000 316.228
176.183 -37.650 446.684
117.883 4.233 668.344
-16.240 28.480 501.187
133.640 -32.150 53.088
104.140 2.807 177.828
136.850 34.467 19.953
-6.064 56.623 15.849
-125.913 49.154 23.714
139.767 35.650 7.943
132.967 32.783 2.818
5.913 43.117 89.125
146.833 -19.250 79.433
137.217 36.767 223.872
7.567 58.000 39.811
13.750 45.650 23.714
151.850 7.450 251.189
-78.730 1.817 316.228
22.101 60.428 1.778
138.883 35.017 188.365
-5.158 57.895 26.607
-166.537 53.880 281.838
133.950 34.483 7.079
135.900 33.567 10.593
132.550 33.233 56.234
21.571 63.081 0.355
-146.362 61.125 35.481
-0.330 39.460 167.880
-71.633 -33.033 375.837
-123.110 49.287 79.433
12.217 57.100 14.962
31.100 70.333 35.481
12.426 45.419 8.913
-123.370 48.422 70.795
12.579 56.142 6.310
18.284 57.639 29.854
135.150 34.217 47.315
166.617 19.283 10.593
141.683 45.400 118.850
14.500 -22.950 562.341
-77.022 38.873 2.113
174.783 -41.283 501.187
-2.448 50.608 149.624
-0.614 54.490 14.962
-3.086 58.441 70.795
-123.965 46.708 17.783
-73.782 40.793 2.371
-77.953 34.227 74.989
18.419 54.797 17.783
-62.700 45.683 17.783
-70.672 41.523 5.309
-3.568 54.651 13.335
128.102 -15.453 375.837
118.067 24.450 12.589
-139.733 59.548 23.714
138.128 9.508 22.387
-66.117 43.833 223.872
139.633 35.467 15.849
13.817 55.417 56.234
39.190 -6.155 530.884
111.833 21.583 50.119
