144.283 44.017 177.828
-2.075 57.143 199.526
131.417 31.583 22.387
-89.833 13.583 562.341
-99.912 16.840 446.684
-176.632 51.863 298.538
-122.298 37.772 375.837
-126.931 50.587 59.566
-5.433 36.117 14.962
-149.890 61.238 149.624
-76.482 38.983 22.387
-70.400 -23.650 530.884
-53.983 47.300 334.965
-13.530 28.972 562.341
-123.767 46.208 125.893
-74.418 39.355 141.254
-2.715 51.511 59.566
141.500 38.300 501.187
-79.573 8.962 421.697
-76.578 39.267 10.593
-90.285 -0.437 375.837
-125.136 48.836 105.925
2.163 41.342 223.872
-68.205 44.392 251.189
12.903 55.756 10.593
-1.515 43.527 281.838
109.083 21.483 56.234
-128.143 52.163 29.854
-64.700 32.400 398.107
-3.050 43.357 473.151
-6.340 36.800 141.254
141.917 -10.600 251.189
-71.052 42.355 118.850
1.578 50.727 149.624
-4.500 48.383 177.828
-73.182 41.173 9.441
153.167 -27.367 668.344
122.217 -18.000 266.073
-77.100 3.900 421.697
-58.500 -34.667 2.818
152.380 -24.767 595.662
145.915 -41.050 668.344
-109.908 22.880 630.957
-6.283 36.533 421.697
1.868 50.969 4.217
-77.150 -12.050 446.684
-76.068 38.573 237.137
-125.247 50.042 105.925
-47.925 -25.017 16.788
147.058 -19.277 100.000
18.433 -33.900 562.341
-74.960 38.968 158.489
113.652 -24.898 354.813
-75.533 10.383 501.187
-9.417 38.692 354.813
15.094 37.498 19.953
103.187 5.265 281.838
-5.317 35.900 473.151
91.050 22.217 12.589
-124.322 43.345 266.073
-79.925 32.782 211.349
-64.920 18.335 354.813
-63.117 46.233 44.668
-1.635 49.651 354.813
-76.113 36.967 44.668
142.200 27.100 177.828
140.867 35.750 42.170
-157.472 1.982 421.697
-94.200 58.783 0.596
96.883 -12.117 398.107
-1.890 47.277 281.838
-145.753 60.558 70.795
-97.217 27.580 1.679
91.833 21.450 9.441
-124.183 41.745 167.880
-79.915 9.355 501.187
1.302 52.934 56.234
8.717 53.867 3.981
130.850 -12.467 501.187
20.385 60.032 8.913
6.933 53.326 3.350
4.746 52.965 9.441
-4.185 50.368 334.965
1.085 49.929 473.151
-2.088 47.306 89.125
108.617 19.100 375.837
1.318 51.117 47.315
-75.740 36.183 158.489
2.367 51.048 25.119
31.050 -29.867 501.187
27.917 -33.017 501.187
-109.448 -27.150 29.854
-66.985 44.903 281.838
162.387 11.430 707.946
-116.633 31.850 630.957
8.433 55.467 5.309
-79.647 0.992 473.151
121.900 -33.867 223.872
-64.267 -65.250 0.398
1.348 51.957 18.836
-81.467 30.672 375.837
-4.983 52.014 251.189
18.211 60.409 1.995
151.233 -33.850 473.151
-80.902 32.033 446.684
-95.308 28.948 3.162
115.717 -32.050 251.189
-166.288 23.868 446.684
139.933 40.650 281.838
128.850 32.700 375.837
-123.451 48.769 188.365
179.195 -8.525 421.697
-16.907 32.640 530.884
21.231 64.916 0.531
-94.793 29.310 1.778
73.152 -0.687 595.662
11.933 54.567 8.913
102.107 6.227 211.349
-5.350 36.117 473.151
-3.018 53.450 74.989
11.791 57.685 11.220
-89.957 29.263 1.189
144.650 13.433 334.965
-110.900 27.933 316.228
141.533 40.533 446.684
110.283 20.017 3.548
140.717 41.783 630.957
-63.583 44.667 237.137
132.067 34.900 16.788
27.179 60.563 7.079
145.567 43.283 211.349
22.977 59.823 10.593
1.284 51.947 158.489
9.101 63.425 10.000
24.956 60.154 10.000
-2.920 54.032 16.788
115.738 -31.825 188.365
-155.067 19.733 446.684
-3.134 51.215 223.872
89.467 21.783 47.315
147.330 -42.887 158.489
4.120 51.977 7.943
-4.631 53.308 158.489
114.217 22.300 23.714
159.957 -9.425 421.697
25.973 70.980 47.315
-157.867 21.307 530.884
12.467 56.100 33.497
131.683 32.417 17.783
-124.217 40.767 354.813
-4.111 51.211 158.489
-43.165 -22.897 100.000
-0.186 53.631 23.714
124.167 24.333 70.795
-169.530 16.738 281.838
103.792 1.462 562.341
-78.833 -33.622 530.884
-134.412 58.298 25.119
130.567 31.583 33.497
-156.467 20.900 630.957
23.096 65.697 0.531
121.282 28.088 3.162
-171.718 -2.810 530.884
120.288 22.615 316.228
154.777 1.098 473.151
21.215 62.344 0.794
139.750 35.517 316.228
121.745 25.157 10.593
101.358 3.050 398.107
102.153 2.215 530.884
24.515 65.673 0.668
70.220 -49.345 1000.000
-131.625 55.333 100.000
-81.808 24.553 446.684
-5.050 58.457 11.220
12.894 55.522 66.834
23.033 -34.050 100.000
99.817 11.795 316.228
98.425 7.832 595.662
135.183 34.683 7.943
133.567 33.500 4.732
-152.512 57.732 100.000
134.583 34.017 39.811
116.067 5.983 334.965
103.430 3.975 298.538
130.200 32.600 334.965
103.443 1.325 668.344
15.589 56.105 89.125
11.127 58.997 9.441
135.767 33.483 251.189
144.367 42.983 141.254
167.733 8.733 668.344
-8.400 43.367 398.107
-117.257 32.867 530.884
-80.917 -2.200 501.187
-110.345 24.162 595.662
-1.221 46.158 14.962
-87.817 13.333 630.957
17.865 58.742 21.135
99.765 6.432 562.341
177.433 -17.600 473.151
-4.781 48.359 354.813
0.106 49.482 74.989
-1.765 47.205 4.732
123.750 13.150 501.187
-3.182 55.990 141.254
-1.140 60.155 211.349
-1.794 46.497 56.234
-75.120 38.782 16.788
119.417 34.750 35.481
-64.753 17.697 105.925
10.299 43.546 354.813
-3.825 53.332 74.989
-80.717 -6.933 266.073
159.067 -31.517 375.837
-118.272 33.720 530.884
-64.883 47.083 100.000
1.751 52.473 4.732
15.150 -26.650 530.884
100.613 4.240 501.187
121.617 32.133 6.310
5.113 61.934 70.795
-67.047 17.972 334.965
137.617 34.683 1.496
135.383 35.467 199.526
171.373 7.107 530.884
130.300 31.267 13.335
-4.417 36.717 446.684
134.463 7.330 421.697
73.527 4.190 630.957
-7.333 55.367 89.125
120.967 14.583 334.965
21.463 61.594 1.189
174.500 -35.833 188.365
16.837 58.554 39.811
173.200 52.833 375.837
-72.117 -17.000 530.884
132.717 33.867 149.624
-81.432 30.395 421.697
-106.422 23.198 530.884
139.817 34.917 177.828
15.563 38.196 266.073
-177.367 28.217 158.489
-5.014 51.702 211.349
-4.906 55.750 9.441
50.600 26.233 177.828
130.450 32.617 316.228
139.482 34.067 84.140
141.983 39.650 446.684
-157.800 21.433 530.884
7.421 43.729 281.838
-71.960 41.048 5.957
-121.888 36.605 501.187
22.133 -34.183 473.151
134.167 33.267 4.467
129.867 32.733 334.965
136.883 35.083 7.943
127.667 26.200 266.073
129.842 29.842 167.880
-1.634 47.194 112.202
-70.097 41.285 59.566
176.917 -39.483 668.344
14.269 40.841 354.813
166.905 -0.528 562.341
-159.350 21.967 398.107
129.495 28.382 251.189
-124.617 48.368 177.828
-72.087 41.355 3.981
-74.015 40.700 8.414
0.057 50.782 112.202
-5.542 50.102 354.813
-71.327 41.505 94.406
-122.910 49.200 22.387
130.992 30.735 266.073
-1.440 55.007 47.315
-60.250 46.217 223.872
166.437 -22.292 595.662
-175.167 -21.133 501.187
-140.082 -8.930 595.662
11.950 78.933 16.788
141.717 39.067 595.662
141.750 39.017 501.187
139.383 34.783 375.837
17.097 57.366 53.088
138.217 34.617 188.365
140.900 36.933 223.872
135.433 34.650 3.758
16.478 57.275 59.566
10.734 59.909 5.309
25.418 65.040 0.531
130.217 32.983 133.352
136.217 34.067 33.497
-170.683 -14.283 562.341
-81.167 -5.083 354.813
-149.567 -17.525 149.624
-123.451 48.654 266.073
100.347 5.422 595.662
-158.053 -8.977 177.828
-87.213 30.403 2.113
-75.142 39.933 31.623
22.690 63.709 0.596
158.243 6.987 501.187
-123.253 49.337 188.365
-25.672 37.735 421.697
-123.440 48.125 133.352
-59.133 47.567 316.228
-1.062 45.569 188.365
25.630 -33.960 501.187
118.575 -20.318 237.137
150.912 -34.473 530.884
57.495 -20.155 334.965
16.867 -29.250 595.662
-3.446 47.644 211.349
3.107 42.520 266.073
-127.489 50.722 59.566
-97.215 26.060 1.995
-70.247 43.657 266.073
141.600 -38.333 398.107
-5.120 54.843 29.854
-120.760 35.177 530.884
-1.112 50.803 177.828
-130.324 54.317 44.668
-71.401 41.807 10.000
-87.950 15.833 316.228
-15.417 28.133 530.884
-72.967 -41.483 53.088
-67.617 -54.933 6.683
-132.072 53.252 89.125
24.407 64.666 0.562
-159.775 -21.207 7.079
20.895 63.986 0.562
21.426 61.133 1.259
-75.573 39.558 354.813
-21.940 64.151 70.795
-134.953 -23.125 421.697
12.113 57.250 8.414
-97.047 28.022 3.981
63.418 -19.668 167.880
11.230 64.859 5.309
-3.966 48.718 74.989
150.790 -23.162 501.187
-17.750 28.683 530.884
-93.870 29.730 1.189
133.333 36.200 251.189
-2.246 47.140 56.234
-1.682 43.395 375.837
-2.028 48.641 266.073
-2.202 47.267 70.795
-66.063 45.251 298.538
145.742 15.227 3.548
133.250 35.550 26.607
17.950 -33.017 595.662
-95.203 16.160 530.884
-117.173 32.713 562.341
-80.108 -26.292 501.187
-122.465 37.807 354.813
-90.833 13.917 562.341
-66.117 18.460 398.107
-160.502 55.337 141.254
-74.009 40.467 7.499
-90.313 -0.755 473.151
-118.500 34.008 501.187
-122.339 47.603 251.189
104.115 1.932 251.189
-151.720 59.441 56.234
-149.427 60.120 94.406
-76.330 36.947 13.335
115.350 22.750 158.489
0.743 51.442 44.668
119.550 35.383 66.834
138.517 35.017 251.189
135.383 33.683 281.838
18.433 -34.183 630.957
14.358 55.557 112.202
-135.342 57.052 74.989
19.012 63.191 0.891
-135.327 59.450 39.811
12.829 55.417 18.836
11.218 58.354 14.962
-76.452 38.317 199.526
-124.043 44.625 118.850
17.531 62.363 0.750
147.933 -42.550 398.107
-78.918 33.655 375.837
-82.627 27.760 4.217
-52.717 47.567 446.684
11.832 58.093 12.589
-123.181 49.125 133.352
-2.117 49.183 334.965
18.082 59.325 11.220
-6.389 58.207 141.254
134.900 34.350 105.925
178.427 -18.132 501.187
39.600 -69.000 375.837
134.050 34.350 17.783
-81.282 -4.582 334.965
103.853 1.262 501.187
135.183 34.333 125.893
174.033 -39.050 199.526
-5.600 36.000 473.151
176.183 -37.650 501.187
117.883 4.233 749.894
-16.240 28.480 595.662
133.640 -32.150 125.893
104.140 2.807 354.813
136.850 34.467 56.234
-6.064 56.623 35.481
-125.913 49.154 70.795
139.767 35.650 16.788
132.967 32.783 4.217
5.913 43.117 223.872
146.833 -19.250 188.365
137.217 36.767 281.838
7.567 58.000 100.000
13.750 45.650 59.566
151.850 7.450 354.813
-78.730 1.817 530.884
22.101 60.428 5.309
138.883 35.017 334.965
-5.158 57.895 66.834
-166.537 53.880 354.813
133.950 34.483 14.962
135.900 33.567 28.184
132.550 33.233 149.624
21.571 63.081 0.668
-146.362 61.125 94.406
-0.330 39.460 199.526
-71.633 -33.033 530.884
-123.110 49.287 211.349
12.217 57.100 37.584
31.100 70.333 100.000
12.426 45.419 19.953
-123.370 48.422 188.365
12.579 56.142 11.220
18.284 57.639 47.315
135.150 34.217 141.254
166.617 19.283 39.811
141.683 45.400 211.349
14.500 -22.950 595.662
-77.022 38.873 2.661
174.783 -41.283 630.957
-2.448 50.608 354.813
-0.614 54.490 31.623
-3.086 58.441 167.880
-123.965 46.708 39.811
-73.782 40.793 2.985
-77.953 34.227 237.137
18.419 54.797 42.170
-62.700 45.683 39.811
-70.672 41.523 9.441
-3.568 54.651 28.184
128.102 -15.453 595.662
118.067 24.450 25.119
-139.733 59.548 70.795
138.128 9.508 89.125
-66.117 43.833 421.697
139.633 35.467 44.668
13.817 55.417 105.925
39.190 -6.155 668.344
111.833 21.583 125.893
