144.283 44.017 473.151
-2.075 57.143 562.341
131.417 31.583 177.828
-89.833 13.583 668.344
-99.912 16.840 562.341
-176.632 51.863 375.837
-122.298 37.772 707.946
-126.931 50.587 421.697
-5.433 36.117 316.228
-149.890 61.238 630.957
-76.482 38.983 177.828
-70.400 -23.650 595.662
-53.983 47.300 668.344
-13.530 28.972 595.662
-123.767 46.208 530.884
-74.418 39.355 530.884
-2.715 51.511 177.828
141.500 38.300 749.894
-79.573 8.962 562.341
-76.578 39.267 74.989
-90.285 -0.437 473.151
-125.136 48.836 530.884
2.163 41.342 251.189
-68.205 44.392 595.662
12.903 55.756 50.119
-1.515 43.527 562.341
109.083 21.483 281.838
-128.143 52.163 281.838
-64.700 32.400 501.187
-3.050 43.357 562.341
-6.340 36.800 530.884
141.917 -10.600 501.187
-71.052 42.355 473.151
1.578 50.727 473.151
-4.500 48.383 530.884
-73.182 41.173 47.315
153.167 -27.367 707.946
122.217 -18.000 595.662
-77.100 3.900 630.957
-58.500 -34.667 4.467
152.380 -24.767 668.344
145.915 -41.050 841.395
-109.908 22.880 668.344
-6.283 36.533 562.341
1.868 50.969 11.220
-77.150 -12.050 530.884
-76.068 38.573 501.187
-125.247 50.042 562.341
-47.925 -25.017 84.140
147.058 -19.277 501.187
18.433 -33.900 630.957
-74.960 38.968 668.344
113.652 -24.898 595.662
-75.533 10.383 501.187
-9.417 38.692 630.957
15.094 37.498 237.137
103.187 5.265 473.151
-5.317 35.900 446.684
91.050 22.217 47.315
-124.322 43.345 595.662
-79.925 32.782 562.341
-64.920 18.335 446.684
-63.117 46.233 266.073
-1.635 49.651 595.662
-76.113 36.967 251.189
142.200 27.100 237.137
140.867 35.750 316.228
-157.472 1.982 562.341
-94.200 58.783 4.217
96.883 -12.117 446.684
-1.890 47.277 595.662
-145.753 60.558 421.697
-97.217 27.580 2.818
91.833 21.450 44.668
-124.183 41.745 562.341
-79.915 9.355 316.228
1.302 52.934 266.073
8.717 53.867 8.414
130.850 -12.467 668.344
20.385 60.032 89.125
6.933 53.326 6.310
4.746 52.965 28.184
-4.185 50.368 668.344
1.085 49.929 668.344
-2.088 47.306 421.697
108.617 19.100 446.684
1.318 51.117 237.137
-75.740 36.183 446.684
2.367 51.048 133.352
31.050 -29.867 668.344
27.917 -33.017 595.662
-109.448 -27.150 266.073
-66.985 44.903 630.957
162.387 11.430 707.946
-116.633 31.850 595.662
8.433 55.467 12.589
-79.647 0.992 630.957
121.900 -33.867 473.151
-64.267 -65.250 0.100
1.348 51.957 100.000
-81.467 30.672 630.957
-4.983 52.014 630.957
18.211 60.409 16.788
151.233 -33.850 562.341
-80.902 32.033 668.344
-95.308 28.948 8.414
115.717 -32.050 421.697
-166.288 23.868 446.684
139.933 40.650 316.228
128.850 32.700 446.684
-123.451 48.769 501.187
179.195 -8.525 473.151
-16.907 32.640 530.884
21.231 64.916 4.217
-94.793 29.310 2.661
73.152 -0.687 630.957
11.933 54.567 33.497
102.107 6.227 473.151
-5.350 36.117 446.684
-3.018 53.450 298.538
11.791 57.685 66.834
-89.957 29.263 1.413
144.650 13.433 473.151
-110.900 27.933 354.813
141.533 40.533 562.341
110.283 20.017 8.913
140.717 41.783 749.894
-63.583 44.667 630.957
132.067 34.900 251.189
27.179 60.563 33.497
145.567 43.283 501.187
22.977 59.823 66.834
1.284 51.947 668.344
9.101 63.425 89.125
24.956 60.154 56.234
-2.920 54.032 70.795
115.738 -31.825 398.107
-155.067 19.733 595.662
-3.134 51.215 530.884
89.467 21.783 266.073
147.330 -42.887 473.151
4.120 51.977 26.607
-4.631 53.308 562.341
114.217 22.300 167.880
159.957 -9.425 398.107
25.973 70.980 298.538
-157.867 21.307 473.151
12.467 56.100 133.352
131.683 32.417 149.624
-124.217 40.767 630.957
-4.111 51.211 446.684
-43.165 -22.897 473.151
-0.186 53.631 100.000
124.167 24.333 334.965
-169.530 16.738 530.884
103.792 1.462 668.344
-78.833 -33.622 668.344
-134.412 58.298 167.880
130.567 31.583 237.137
-156.467 20.900 595.662
23.096 65.697 4.217
121.282 28.088 7.079
-171.718 -2.810 595.662
120.288 22.615 421.697
154.777 1.098 473.151
21.215 62.344 3.162
139.750 35.517 530.884
121.745 25.157 84.140
101.358 3.050 668.344
102.153 2.215 630.957
24.515 65.673 2.371
70.220 -49.345 1000.000
-131.625 55.333 501.187
-81.808 24.553 501.187
-5.050 58.457 63.096
12.894 55.522 211.349
23.033 -34.050 630.957
99.817 11.795 398.107
98.425 7.832 707.946
135.183 34.683 42.170
133.567 33.500 16.788
-152.512 57.732 501.187
134.583 34.017 298.538
116.067 5.983 446.684
103.430 3.975 398.107
130.200 32.600 473.151
103.443 1.325 707.946
15.589 56.105 177.828
11.127 58.997 66.834
135.767 33.483 421.697
144.367 42.983 668.344
167.733 8.733 630.957
-8.400 43.367 562.341
-117.257 32.867 595.662
-80.917 -2.200 595.662
-110.345 24.162 630.957
-1.221 46.158 74.989
-87.817 13.333 668.344
17.865 58.742 79.433
99.765 6.432 668.344
177.433 -17.600 595.662
-4.781 48.359 595.662
0.106 49.482 354.813
-1.765 47.205 14.962
123.750 13.150 630.957
-3.182 55.990 562.341
-1.140 60.155 473.151
-1.794 46.497 316.228
-75.120 38.782 118.850
119.417 34.750 167.880
-64.753 17.697 375.837
10.299 43.546 375.837
-3.825 53.332 316.228
-80.717 -6.933 562.341
159.067 -31.517 530.884
-118.272 33.720 630.957
-64.883 47.083 266.073
1.751 52.473 12.589
15.150 -26.650 530.884
100.613 4.240 595.662
121.617 32.133 17.783
5.113 61.934 375.837
-67.047 17.972 398.107
137.617 34.683 1.995
135.383 35.467 281.838
171.373 7.107 562.341
130.300 31.267 94.406
-4.417 36.717 446.684
134.463 7.330 501.187
73.527 4.190 668.344
-7.333 55.367 446.684
120.967 14.583 421.697
21.463 61.594 10.593
174.500 -35.833 473.151
16.837 58.554 100.000
173.200 52.833 421.697
-72.117 -17.000 562.341
132.717 33.867 473.151
-81.432 30.395 595.662
-106.422 23.198 562.341
139.817 34.917 446.684
15.563 38.196 281.838
-177.367 28.217 334.965
-5.014 51.702 595.662
-4.906 55.750 44.668
50.600 26.233 562.341
130.450 32.617 473.151
139.482 34.067 266.073
141.983 39.650 707.946
-157.800 21.433 530.884
7.421 43.729 281.838
-71.960 41.048 25.119
-121.888 36.605 630.957
22.133 -34.183 707.946
134.167 33.267 16.788
129.867 32.733 398.107
136.883 35.083 44.668
127.667 26.200 398.107
129.842 29.842 316.228
-1.634 47.194 421.697
-70.097 41.285 354.813
176.917 -39.483 668.344
14.269 40.841 375.837
166.905 -0.528 707.946
-159.350 21.967 501.187
129.495 28.382 354.813
-124.617 48.368 501.187
-72.087 41.355 10.593
-74.015 40.700 37.584
0.057 50.782 530.884
-5.542 50.102 668.344
-71.327 41.505 446.684
-122.910 49.200 199.526
130.992 30.735 398.107
-1.440 55.007 281.838
-60.250 46.217 501.187
166.437 -22.292 562.341
-175.167 -21.133 562.341
-140.082 -8.930 595.662
11.950 78.933 177.828
141.717 39.067 707.946
141.750 39.017 562.341
139.383 34.783 562.341
17.097 57.366 118.850
138.217 34.617 421.697
140.900 36.933 630.957
135.433 34.650 10.593
16.478 57.275 133.352
10.734 59.909 26.607
25.418 65.040 4.467
130.217 32.983 398.107
136.217 34.067 298.538
-170.683 -14.283 530.884
-81.167 -5.083 562.341
-149.567 -17.525 354.813
-123.451 48.654 562.341
100.347 5.422 668.344
-158.053 -8.977 316.228
-87.213 30.403 3.981
-75.142 39.933 281.838
22.690 63.709 11.220
158.243 6.987 530.884
-123.253 49.337 595.662
-25.672 37.735 562.341
-123.440 48.125 421.697
-59.133 47.567 562.341
-1.062 45.569 562.341
25.630 -33.960 630.957
118.575 -20.318 595.662
150.912 -34.473 595.662
57.495 -20.155 354.813
16.867 -29.250 595.662
-3.446 47.644 562.341
3.107 42.520 266.073
-127.489 50.722 501.187
-97.215 26.060 3.548
-70.247 43.657 562.341
141.600 -38.333 473.151
-5.120 54.843 177.828
-120.760 35.177 595.662
-1.112 50.803 668.344
-130.324 54.317 316.228
-71.401 41.807 56.234
-87.950 15.833 281.838
-15.417 28.133 595.662
-72.967 -41.483 125.893
-67.617 -54.933 5.309
-132.072 53.252 501.187
24.407 64.666 5.623
-159.775 -21.207 89.125
20.895 63.986 4.467
21.426 61.133 14.962
-75.573 39.558 668.344
-21.940 64.151 421.697
-134.953 -23.125 446.684
12.113 57.250 44.668
-97.047 28.022 21.135
63.418 -19.668 421.697
11.230 64.859 29.854
-3.966 48.718 316.228
150.790 -23.162 630.957
-17.750 28.683 562.341
-93.870 29.730 1.496
133.333 36.200 298.538
-2.246 47.140 316.228
-1.682 43.395 562.341
-2.028 48.641 530.884
-2.202 47.267 334.965
-66.063 45.251 630.957
145.742 15.227 17.783
133.250 35.550 223.872
17.950 -33.017 630.957
-95.203 16.160 630.957
-117.173 32.713 630.957
-80.108 -26.292 595.662
-122.465 37.807 668.344
-90.833 13.917 630.957
-66.117 18.460 421.697
-160.502 55.337 501.187
-74.009 40.467 31.623
-90.313 -0.755 473.151
-118.500 34.008 630.957
-122.339 47.603 630.957
104.115 1.932 446.684
-151.720 59.441 281.838
-149.427 60.120 473.151
-76.330 36.947 70.795
115.350 22.750 630.957
0.743 51.442 237.137
119.550 35.383 298.538
138.517 35.017 398.107
135.383 33.683 398.107
18.433 -34.183 630.957
14.358 55.557 177.828
-135.342 57.052 501.187
19.012 63.191 1.679
-135.327 59.450 251.189
12.829 55.417 89.125
11.218 58.354 112.202
-76.452 38.317 334.965
-124.043 44.625 595.662
17.531 62.363 5.309
147.933 -42.550 595.662
-78.918 33.655 668.344
-82.627 27.760 15.849
-52.717 47.567 668.344
11.832 58.093 79.433
-123.181 49.125 595.662
-2.117 49.183 595.662
18.082 59.325 74.989
-6.389 58.207 473.151
134.900 34.350 375.837
178.427 -18.132 562.341
39.600 -69.000 530.884
134.050 34.350 199.526
-81.282 -4.582 530.884
103.853 1.262 668.344
135.183 34.333 375.837
174.033 -39.050 595.662
-5.600 36.000 473.151
176.183 -37.650 595.662
117.883 4.233 794.328
-16.240 28.480 595.662
133.640 -32.150 562.341
104.140 2.807 473.151
136.850 34.467 375.837
-6.064 56.623 199.526
-125.913 49.154 530.884
139.767 35.650 149.624
132.967 32.783 13.335
5.913 43.117 266.073
146.833 -19.250 562.341
137.217 36.767 266.073
7.567 58.000 281.838
13.750 45.650 421.697
151.850 7.450 446.684
-78.730 1.817 595.662
22.101 60.428 56.234
138.883 35.017 421.697
-5.158 57.895 334.965
-166.537 53.880 398.107
133.950 34.483 133.352
135.900 33.567 281.838
132.550 33.233 398.107
21.571 63.081 3.758
-146.362 61.125 473.151
-0.330 39.460 199.526
-71.633 -33.033 668.344
-123.110 49.287 630.957
12.217 57.100 158.489
31.100 70.333 421.697
12.426 45.419 177.828
-123.370 48.422 398.107
12.579 56.142 50.119
18.284 57.639 74.989
135.150 34.217 354.813
166.617 19.283 281.838
141.683 45.400 398.107
14.500 -22.950 562.341
-77.022 38.873 5.309
174.783 -41.283 707.946
-2.448 50.608 630.957
-0.614 54.490 177.828
-3.086 58.441 530.884
-123.965 46.708 223.872
-73.782 40.793 6.310
-77.953 34.227 530.884
18.419 54.797 158.489
-62.700 45.683 199.526
-70.672 41.523 56.234
-3.568 54.651 125.893
128.102 -15.453 707.946
118.067 24.450 133.352
-139.733 59.548 421.697
138.128 9.508 398.107
-66.117 43.833 707.946
139.633 35.467 334.965
13.817 55.417 199.526
39.190 -6.155 707.946
111.833 21.583 530.884
