144.283 44.017 375.837
-2.075 57.143 398.107
131.417 31.583 59.566
-89.833 13.583 630.957
-99.912 16.840 530.884
-176.632 51.863 334.965
-122.298 37.772 595.662
-126.931 50.587 158.489
-5.433 36.117 53.088
-149.890 61.238 298.538
-76.482 38.983 59.566
-70.400 -23.650 595.662
-53.983 47.300 595.662
-13.530 28.972 595.662
-123.767 46.208 316.228
-74.418 39.355 316.228
-2.715 51.511 100.000
141.500 38.300 595.662
-79.573 8.962 530.884
-76.578 39.267 21.135
-90.285 -0.437 446.684
-125.136 48.836 266.073
2.163 41.342 237.137
-68.205 44.392 446.684
12.903 55.756 23.714
-1.515 43.527 501.187
109.083 21.483 125.893
-128.143 52.163 84.140
-64.700 32.400 398.107
-3.050 43.357 562.341
-6.340 36.800 354.813
141.917 -10.600 446.684
-71.052 42.355 266.073
1.578 50.727 281.838
-4.500 48.383 334.965
-73.182 41.173 16.788
153.167 -27.367 707.946
122.217 -18.000 421.697
-77.100 3.900 562.341
-58.500 -34.667 3.548
152.380 -24.767 630.957
145.915 -41.050 794.328
-109.908 22.880 668.344
-6.283 36.533 562.341
1.868 50.969 6.310
-77.150 -12.050 530.884
-76.068 38.573 398.107
-125.247 50.042 266.073
-47.925 -25.017 35.481
147.058 -19.277 281.838
18.433 -33.900 630.957
-74.960 38.968 421.697
113.652 -24.898 473.151
-75.533 10.383 421.697
-9.417 38.692 562.341
15.094 37.498 105.925
103.187 5.265 398.107
-5.317 35.900 446.684
91.050 22.217 23.714
-124.322 43.345 473.151
-79.925 32.782 421.697
-64.920 18.335 473.151
-63.117 46.233 141.254
-1.635 49.651 562.341
-76.113 36.967 100.000
142.200 27.100 237.137
140.867 35.750 133.352
-157.472 1.982 562.341
-94.200 58.783 1.585
96.883 -12.117 446.684
-1.890 47.277 501.187
-145.753 60.558 158.489
-97.217 27.580 2.113
91.833 21.450 19.953
-124.183 41.745 398.107
-79.915 9.355 446.684
1.302 52.934 118.850
8.717 53.867 5.957
130.850 -12.467 630.957
20.385 60.032 42.170
6.933 53.326 4.467
4.746 52.965 16.788
-4.185 50.368 562.341
1.085 49.929 595.662
-2.088 47.306 188.365
108.617 19.100 421.697
1.318 51.117 100.000
-75.740 36.183 316.228
2.367 51.048 56.234
31.050 -29.867 595.662
27.917 -33.017 595.662
-109.448 -27.150 84.140
-66.985 44.903 473.151
162.387 11.430 668.344
-116.633 31.850 630.957
8.433 55.467 8.414
-79.647 0.992 562.341
121.900 -33.867 398.107
-64.267 -65.250 0.100
1.348 51.957 39.811
-81.467 30.672 530.884
-4.983 52.014 473.151
18.211 60.409 6.310
151.233 -33.850 595.662
-80.902 32.033 562.341
-95.308 28.948 4.467
115.717 -32.050 334.965
-166.288 23.868 421.697
139.933 40.650 298.538
128.850 32.700 446.684
-123.451 48.769 375.837
179.195 -8.525 501.187
-16.907 32.640 530.884
21.231 64.916 1.413
-94.793 29.310 2.113
73.152 -0.687 562.341
11.933 54.567 16.788
102.107 6.227 375.837
-5.350 36.117 473.151
-3.018 53.450 158.489
11.791 57.685 26.607
-89.957 29.263 1.259
144.650 13.433 375.837
-110.900 27.933 354.813
141.533 40.533 530.884
110.283 20.017 5.309
140.717 41.783 749.894
-63.583 44.667 421.697
132.067 34.900 66.834
27.179 60.563 16.788
145.567 43.283 354.813
22.977 59.823 31.623
1.284 51.947 354.813
9.101 63.425 31.623
24.956 60.154 28.184
-2.920 54.032 35.481
115.738 -31.825 316.228
-155.067 19.733 595.662
-3.134 51.215 334.965
89.467 21.783 112.202
147.330 -42.887 354.813
4.120 51.977 14.125
-4.631 53.308 316.228
114.217 22.300 59.566
159.957 -9.425 398.107
25.973 70.980 133.352
-157.867 21.307 473.151
12.467 56.100 70.795
131.683 32.417 39.811
-124.217 40.767 530.884
-4.111 51.211 266.073
-43.165 -22.897 281.838
-0.186 53.631 44.668
124.167 24.333 188.365
-169.530 16.738 398.107
103.792 1.462 630.957
-78.833 -33.622 707.946
-134.412 58.298 59.566
130.567 31.583 89.125
-156.467 20.900 595.662
23.096 65.697 1.585
121.282 28.088 4.467
-171.718 -2.810 595.662
120.288 22.615 375.837
154.777 1.098 473.151
21.215 62.344 1.585
139.750 35.517 421.697
121.745 25.157 23.714
101.358 3.050 562.341
102.153 2.215 668.344
24.515 65.673 1.259
70.220 -49.345 1000.000
-131.625 55.333 211.349
-81.808 24.553 530.884
-5.050 58.457 23.714
12.894 55.522 133.352
23.033 -34.050 298.538
99.817 11.795 375.837
98.425 7.832 707.946
135.183 34.683 15.849
133.567 33.500 7.943
-152.512 57.732 251.189
134.583 34.017 112.202
116.067 5.983 446.684
103.430 3.975 446.684
130.200 32.600 421.697
103.443 1.325 707.946
15.589 56.105 141.254
11.127 58.997 23.714
135.767 33.483 354.813
144.367 42.983 421.697
167.733 8.733 668.344
-8.400 43.367 530.884
-117.257 32.867 595.662
-80.917 -2.200 595.662
-110.345 24.162 630.957
-1.221 46.158 31.623
-87.817 13.333 630.957
17.865 58.742 53.088
99.765 6.432 630.957
177.433 -17.600 562.341
-4.781 48.359 530.884
0.106 49.482 177.828
-1.765 47.205 7.499
123.750 13.150 562.341
-3.182 55.990 334.965
-1.140 60.155 375.837
-1.794 46.497 125.893
-75.120 38.782 37.584
119.417 34.750 70.795
-64.753 17.697 223.872
10.299 43.546 354.813
-3.825 53.332 158.489
-80.717 -6.933 446.684
159.067 -31.517 501.187
-118.272 33.720 595.662
-64.883 47.083 167.880
1.751 52.473 7.499
15.150 -26.650 530.884
100.613 4.240 562.341
121.617 32.133 10.000
5.113 61.934 188.365
-67.047 17.972 375.837
137.617 34.683 1.679
135.383 35.467 281.838
171.373 7.107 595.662
130.300 31.267 31.623
-4.417 36.717 398.107
134.463 7.330 501.187
73.527 4.190 749.894
-7.333 55.367 211.349
120.967 14.583 398.107
21.463 61.594 3.758
174.500 -35.833 375.837
16.837 58.554 74.989
173.200 52.833 421.697
-72.117 -17.000 595.662
132.717 33.867 298.538
-81.432 30.395 501.187
-106.422 23.198 562.341
139.817 34.917 334.965
15.563 38.196 281.838
-177.367 28.217 266.073
-5.014 51.702 375.837
-4.906 55.750 19.953
50.600 26.233 530.884
130.450 32.617 421.697
139.482 34.067 177.828
141.983 39.650 501.187
-157.800 21.433 530.884
7.421 43.729 266.073
-71.960 41.048 10.593
-121.888 36.605 595.662
22.133 -34.183 630.957
134.167 33.267 7.499
129.867 32.733 375.837
136.883 35.083 14.962
127.667 26.200 334.965
129.842 29.842 266.073
-1.634 47.194 251.189
-70.097 41.285 158.489
176.917 -39.483 707.946
14.269 40.841 375.837
166.905 -0.528 562.341
-159.350 21.967 501.187
129.495 28.382 316.228
-124.617 48.368 354.813
-72.087 41.355 5.957
-74.015 40.700 14.962
0.057 50.782 251.189
-5.542 50.102 562.341
-71.327 41.505 251.189
-122.910 49.200 63.096
130.992 30.735 316.228
-1.440 55.007 112.202
-60.250 46.217 398.107
166.437 -22.292 595.662
-175.167 -21.133 501.187
-140.082 -8.930 595.662
11.950 78.933 56.234
141.717 39.067 707.946
141.750 39.017 562.341
139.383 34.783 446.684
17.097 57.366 89.125
138.217 34.617 316.228
140.900 36.933 473.151
135.433 34.650 5.623
16.478 57.275 100.000
10.734 59.909 11.885
25.418 65.040 1.778
130.217 32.983 281.838
136.217 34.067 105.925
-170.683 -14.283 562.341
-81.167 -5.083 473.151
-149.567 -17.525 237.137
-123.451 48.654 473.151
100.347 5.422 707.946
-158.053 -8.977 237.137
-87.213 30.403 2.818
-75.142 39.933 79.433
22.690 63.709 3.350
158.243 6.987 530.884
-123.253 49.337 421.697
-25.672 37.735 562.341
-123.440 48.125 298.538
-59.133 47.567 473.151
-1.062 45.569 398.107
25.630 -33.960 595.662
118.575 -20.318 446.684
150.912 -34.473 595.662
57.495 -20.155 354.813
16.867 -29.250 630.957
-3.446 47.644 421.697
3.107 42.520 266.073
-127.489 50.722 167.880
-97.215 26.060 2.371
-70.247 43.657 421.697
141.600 -38.333 446.684
-5.120 54.843 66.834
-120.760 35.177 595.662
-1.112 50.803 446.684
-130.324 54.317 118.850
-71.401 41.807 19.953
-87.950 15.833 316.228
-15.417 28.133 595.662
-72.967 -41.483 79.433
-67.617 -54.933 7.079
-132.072 53.252 199.526
24.407 64.666 1.995
-159.775 -21.207 17.783
20.895 63.986 1.679
21.426 61.133 4.732
-75.573 39.558 530.884
-21.940 64.151 199.526
-134.953 -23.125 473.151
12.113 57.250 18.836
-97.047 28.022 7.079
63.418 -19.668 316.228
11.230 64.859 11.885
-3.966 48.718 149.624
150.790 -23.162 595.662
-17.750 28.683 595.662
-93.870 29.730 1.334
133.333 36.200 281.838
-2.246 47.140 125.893
-1.682 43.395 530.884
-2.028 48.641 398.107
-2.202 47.267 149.624
-66.063 45.251 501.187
145.742 15.227 7.079
133.250 35.550 125.893
17.950 -33.017 630.957
-95.203 16.160 630.957
-117.173 32.713 630.957
-80.108 -26.292 530.884
-122.465 37.807 421.697
-90.833 13.917 595.662
-66.117 18.460 446.684
-160.502 55.337 316.228
-74.009 40.467 12.589
-90.313 -0.755 501.187
-118.500 34.008 630.957
-122.339 47.603 501.187
104.115 1.932 398.107
-151.720 59.441 118.850
-149.427 60.120 211.349
-76.330 36.947 25.119
115.350 22.750 375.837
0.743 51.442 94.406
119.550 35.383 133.352
138.517 35.017 354.813
135.383 33.683 354.813
18.433 -34.183 668.344
14.358 55.557 158.489
-135.342 57.052 188.365
19.012 63.191 1.189
-135.327 59.450 89.125
12.829 55.417 42.170
11.218 58.354 42.170
-76.452 38.317 281.838
-124.043 44.625 298.538
17.531 62.363 2.113
147.933 -42.550 473.151
-78.918 33.655 562.341
-82.627 27.760 7.079
-52.717 47.567 562.341
11.832 58.093 31.623
-123.181 49.125 316.228
-2.117 49.183 473.151
18.082 59.325 37.584
-6.389 58.207 298.538
134.900 34.350 251.189
178.427 -18.132 630.957
39.600 -69.000 421.697
134.050 34.350 50.119
-81.282 -4.582 473.151
103.853 1.262 630.957
135.183 34.333 266.073
174.033 -39.050 446.684
-5.600 36.000 501.187
176.183 -37.650 630.957
117.883 4.233 794.328
-16.240 28.480 595.662
133.640 -32.150 281.838
104.140 2.807 446.684
136.850 34.467 177.828
-6.064 56.623 79.433
-125.913 49.154 188.365
139.767 35.650 39.811
132.967 32.783 6.683
5.913 43.117 281.838
146.833 -19.250 421.697
137.217 36.767 298.538
7.567 58.000 199.526
13.750 45.650 149.624
151.850 7.450 421.697
-78.730 1.817 630.957
22.101 60.428 19.953
138.883 35.017 375.837
-5.158 57.895 149.624
-166.537 53.880 421.697
133.950 34.483 44.668
135.900 33.567 94.406
132.550 33.233 281.838
21.571 63.081 1.585
-146.362 61.125 211.349
-0.330 39.460 211.349
-71.633 -33.033 595.662
-123.110 49.287 446.684
12.217 57.100 89.125
31.100 70.333 237.137
12.426 45.419 50.119
-123.370 48.422 316.228
12.579 56.142 23.714
18.284 57.639 63.096
135.150 34.217 281.838
166.617 19.283 149.624
141.683 45.400 188.365
14.500 -22.950 562.341
-77.022 38.873 3.548
174.783 -41.283 668.344
-2.448 50.608 530.884
-0.614 54.490 70.795
-3.086 58.441 334.965
-123.965 46.708 89.125
-73.782 40.793 3.981
-77.953 34.227 398.107
18.419 54.797 94.406
-62.700 45.683 89.125
-70.672 41.523 18.836
-3.568 54.651 56.234
128.102 -15.453 668.344
118.067 24.450 56.234
-139.733 59.548 158.489
138.128 9.508 266.073
-66.117 43.833 595.662
139.633 35.467 125.893
13.817 55.417 158.489
39.190 -6.155 749.894
111.833 21.583 298.538
