144.283 44.017 53.088
-2.075 57.143 84.140
131.417 31.583 10.593
-89.833 13.583 421.697
-99.912 16.840 223.872
-176.632 51.863 149.624
-122.298 37.772 89.125
-126.931 50.587 12.589
-5.433 36.117 5.957
-149.890 61.238 42.170
-76.482 38.983 9.441
-70.400 -23.650 398.107
-53.983 47.300 125.893
-13.530 28.972 473.151
-123.767 46.208 31.623
-74.418 39.355 47.315
-2.715 51.511 31.623
141.500 38.300 211.349
-79.573 8.962 223.872
-76.578 39.267 5.309
-90.285 -0.437 188.365
-125.136 48.836 26.607
2.163 41.342 199.526
-68.205 44.392 105.925
12.903 55.756 6.683
-1.515 43.527 125.893
109.083 21.483 26.607
-128.143 52.163 6.310
-64.700 32.400 251.189
-3.050 43.357 298.538
-6.340 36.800 56.234
141.917 -10.600 105.925
-71.052 42.355 42.170
1.578 50.727 74.989
-4.500 48.383 89.125
-73.182 41.173 5.309
153.167 -27.367 562.341
122.217 -18.000 158.489
-77.100 3.900 177.828
-58.500 -34.667 2.371
152.380 -24.767 501.187
145.915 -41.050 398.107
-109.908 22.880 530.884
-6.283 36.533 199.526
1.868 50.969 2.985
-77.150 -12.050 334.965
-76.068 38.573 84.140
-125.247 50.042 23.714
-47.925 -25.017 10.000
147.058 -19.277 42.170
18.433 -33.900 398.107
-74.960 38.968 50.119
113.652 -24.898 158.489
-75.533 10.383 446.684
-9.417 38.692 133.352
15.094 37.498 7.079
103.187 5.265 125.893
-5.317 35.900 354.813
91.050 22.217 7.499
-124.322 43.345 70.795
-79.925 32.782 63.096
-64.920 18.335 125.893
-63.117 46.233 25.119
-1.635 49.651 188.365
-76.113 36.967 18.836
142.200 27.100 100.000
140.867 35.750 15.849
-157.472 1.982 281.838
-94.200 58.783 0.299
96.883 -12.117 334.965
-1.890 47.277 112.202
-145.753 60.558 17.783
-97.217 27.580 1.413
91.833 21.450 5.309
-124.183 41.745 39.811
-79.915 9.355 421.697
1.302 52.934 29.854
8.717 53.867 3.162
130.850 -12.467 281.838
20.385 60.032 3.548
6.933 53.326 2.661
4.746 52.965 6.310
-4.185 50.368 141.254
1.085 49.929 316.228
-2.088 47.306 37.584
108.617 19.100 266.073
1.318 51.117 23.714
-75.740 36.183 50.119
2.367 51.048 13.335
31.050 -29.867 199.526
27.917 -33.017 316.228
-109.448 -27.150 13.335
-66.985 44.903 125.893
162.387 11.430 501.187
-116.633 31.850 530.884
8.433 55.467 3.981
-79.647 0.992 188.365
121.900 -33.867 59.566
-64.267 -65.250 5.309
1.348 51.957 10.000
-81.467 30.672 149.624
-4.983 52.014 112.202
18.211 60.409 1.189
151.233 -33.850 398.107
-80.902 32.033 223.872
-95.308 28.948 2.239
115.717 -32.050 89.125
-166.288 23.868 281.838
139.933 40.650 223.872
128.850 32.700 298.538
-123.451 48.769 44.668
179.195 -8.525 354.813
-16.907 32.640 446.684
21.231 64.916 0.282
-94.793 29.310 1.496
73.152 -0.687 501.187
11.933 54.567 5.957
102.107 6.227 79.433
-5.350 36.117 446.684
-3.018 53.450 35.481
11.791 57.685 5.957
-89.957 29.263 1.122
144.650 13.433 177.828
-110.900 27.933 211.349
141.533 40.533 167.880
110.283 20.017 2.512
140.717 41.783 421.697
-63.583 44.667 79.433
132.067 34.900 7.499
27.179 60.563 4.732
145.567 43.283 89.125
22.977 59.823 5.957
1.284 51.947 74.989
9.101 63.425 5.309
24.956 60.154 6.310
-2.920 54.032 9.441
115.738 -31.825 66.834
-155.067 19.733 298.538
-3.134 51.215 141.254
89.467 21.783 19.953
147.330 -42.887 59.566
4.120 51.977 5.623
-4.631 53.308 70.795
114.217 22.300 11.220
159.957 -9.425 266.073
25.973 70.980 23.714
-157.867 21.307 375.837
12.467 56.100 18.836
131.683 32.417 8.414
-124.217 40.767 84.140
-4.111 51.211 79.433
-43.165 -22.897 42.170
-0.186 53.631 11.885
124.167 24.333 29.854
-169.530 16.738 105.925
103.792 1.462 298.538
-78.833 -33.622 530.884
-134.412 58.298 7.499
130.567 31.583 16.788
-156.467 20.900 421.697
23.096 65.697 0.299
121.282 28.088 2.371
-171.718 -2.810 375.837
120.288 22.615 199.526
154.777 1.098 334.965
21.215 62.344 0.596
139.750 35.517 167.880
121.745 25.157 5.957
101.358 3.050 199.526
102.153 2.215 375.837
24.515 65.673 0.473
70.220 -49.345 794.328
-131.625 55.333 25.119
-81.808 24.553 281.838
-5.050 58.457 5.623
12.894 55.522 37.584
23.033 -34.050 33.497
99.817 11.795 188.365
98.425 7.832 501.187
135.183 34.683 4.467
133.567 33.500 2.985
-152.512 57.732 31.623
134.583 34.017 16.788
116.067 5.983 149.624
103.430 3.975 149.624
130.200 32.600 211.349
103.443 1.325 473.151
15.589 56.105 53.088
11.127 58.997 4.467
135.767 33.483 105.925
144.367 42.983 33.497
167.733 8.733 530.884
-8.400 43.367 188.365
-117.257 32.867 421.697
-80.917 -2.200 316.228
-110.345 24.162 473.151
-1.221 46.158 7.499
-87.817 13.333 501.187
17.865 58.742 11.220
99.765 6.432 421.697
177.433 -17.600 298.538
-4.781 48.359 188.365
0.106 49.482 35.481
-1.765 47.205 3.162
123.750 13.150 375.837
-3.182 55.990 59.566
-1.140 60.155 100.000
-1.794 46.497 23.714
-75.120 38.782 8.414
119.417 34.750 18.836
-64.753 17.697 11.885
10.299 43.546 251.189
-3.825 53.332 35.481
-80.717 -6.933 94.406
159.067 -31.517 199.526
-118.272 33.720 375.837
-64.883 47.083 50.119
1.751 52.473 3.548
15.150 -26.650 501.187
100.613 4.240 334.965
121.617 32.133 4.217
5.113 61.934 28.184
-67.047 17.972 188.365
137.617 34.683 1.334
135.383 35.467 149.624
171.373 7.107 446.684
130.300 31.267 7.499
-4.417 36.717 375.837
134.463 7.330 334.965
73.527 4.190 501.187
-7.333 55.367 37.584
120.967 14.583 223.872
21.463 61.594 0.708
174.500 -35.833 89.125
16.837 58.554 22.387
173.200 52.833 298.538
-72.117 -17.000 421.697
132.717 33.867 56.234
-81.432 30.395 281.838
-106.422 23.198 354.813
139.817 34.917 66.834
15.563 38.196 237.137
-177.367 28.217 50.119
-5.014 51.702 100.000
-4.906 55.750 5.012
50.600 26.233 66.834
130.450 32.617 177.828
139.482 34.067 35.481
141.983 39.650 298.538
-157.800 21.433 375.837
7.421 43.729 211.349
-71.960 41.048 3.758
-121.888 36.605 298.538
22.133 -34.183 211.349
134.167 33.267 2.985
129.867 32.733 237.137
136.883 35.083 4.467
127.667 26.200 149.624
129.842 29.842 74.989
-1.634 47.194 47.315
-70.097 41.285 19.953
176.917 -39.483 595.662
14.269 40.841 316.228
166.905 -0.528 298.538
-159.350 21.967 251.189
129.495 28.382 141.254
-124.617 48.368 47.315
-72.087 41.355 2.818
-74.015 40.700 4.732
0.057 50.782 50.119
-5.542 50.102 167.880
-71.327 41.505 33.497
-122.910 49.200 6.683
130.992 30.735 158.489
-1.440 55.007 22.387
-60.250 46.217 112.202
166.437 -22.292 421.697
-175.167 -21.133 398.107
-140.082 -8.930 421.697
11.950 78.933 2.239
141.717 39.067 316.228
141.750 39.017 266.073
139.383 34.783 223.872
17.097 57.366 29.854
138.217 34.617 63.096
140.900 36.933 74.989
135.433 34.650 2.661
16.478 57.275 31.623
10.734 59.909 3.162
25.418 65.040 0.282
130.217 32.983 66.834
136.217 34.067 13.335
-170.683 -14.283 421.697
-81.167 -5.083 149.624
-149.567 -17.525 44.668
-123.451 48.654 66.834
100.347 5.422 375.837
-158.053 -8.977 70.795
-87.213 30.403 1.679
-75.142 39.933 13.335
22.690 63.709 0.251
158.243 6.987 375.837
-123.253 49.337 50.119
-25.672 37.735 354.813
-123.440 48.125 31.623
-59.133 47.567 177.828
-1.062 45.569 79.433
25.630 -33.960 251.189
118.575 -20.318 105.925
150.912 -34.473 473.151
57.495 -20.155 237.137
16.867 -29.250 501.187
-3.446 47.644 100.000
3.107 42.520 237.137
-127.489 50.722 12.589
-97.215 26.060 1.496
-70.247 43.657 105.925
141.600 -38.333 251.189
-5.120 54.843 11.885
-120.760 35.177 298.538
-1.112 50.803 70.795
-130.324 54.317 8.913
-71.401 41.807 5.309
-87.950 15.833 149.624
-15.417 28.133 354.813
-72.967 -41.483 37.584
-67.617 -54.933 12.589
-132.072 53.252 22.387
24.407 64.666 0.299
-159.775 -21.207 3.981
20.895 63.986 0.355
21.426 61.133 0.708
-75.573 39.558 149.624
-21.940 64.151 16.788
-134.953 -23.125 334.965
12.113 57.250 4.732
-97.047 28.022 2.512
63.418 -19.668 39.811
11.230 64.859 3.162
-3.966 48.718 33.497
150.790 -23.162 375.837
-17.750 28.683 446.684
-93.870 29.730 1.122
133.333 36.200 188.365
-2.246 47.140 23.714
-1.682 43.395 199.526
-2.028 48.641 167.880
-2.202 47.267 33.497
-66.063 45.251 141.254
145.742 15.227 2.512
133.250 35.550 11.220
17.950 -33.017 530.884
-95.203 16.160 316.228
-117.173 32.713 421.697
-80.108 -26.292 398.107
-122.465 37.807 84.140
-90.833 13.917 446.684
-66.117 18.460 211.349
-160.502 55.337 44.668
-74.009 40.467 4.467
-90.313 -0.755 398.107
-118.500 34.008 237.137
-122.339 47.603 63.096
104.115 1.932 105.925
-151.720 59.441 18.836
-149.427 60.120 29.854
-76.330 36.947 6.683
115.350 22.750 63.096
0.743 51.442 21.135
119.550 35.383 31.623
138.517 35.017 100.000
135.383 33.683 125.893
18.433 -34.183 501.187
14.358 55.557 79.433
-135.342 57.052 19.953
19.012 63.191 0.750
-135.327 59.450 10.593
12.829 55.417 11.220
11.218 58.354 6.683
-76.452 38.317 89.125
-124.043 44.625 29.854
17.531 62.363 0.473
147.933 -42.550 251.189
-78.918 33.655 149.624
-82.627 27.760 2.818
-52.717 47.567 281.838
11.832 58.093 6.683
-123.181 49.125 31.623
-2.117 49.183 223.872
18.082 59.325 5.012
-6.389 58.207 59.566
134.900 34.350 39.811
178.427 -18.132 375.837
39.600 -69.000 211.349
134.050 34.350 8.913
-81.282 -4.582 133.352
103.853 1.262 251.189
135.183 34.333 50.119
174.033 -39.050 100.000
-5.600 36.000 298.538
176.183 -37.650 421.697
117.883 4.233 630.957
-16.240 28.480 473.151
133.640 -32.150 50.119
104.140 2.807 188.365
136.850 34.467 22.387
-6.064 56.623 15.849
-125.913 49.154 16.788
139.767 35.650 8.414
132.967 32.783 2.818
5.913 43.117 89.125
146.833 -19.250 84.140
137.217 36.767 211.349
7.567 58.000 50.119
13.750 45.650 23.714
151.850 7.450 237.137
-78.730 1.817 281.838
22.101 60.428 2.818
138.883 35.017 188.365
-5.158 57.895 26.607
-166.537 53.880 251.189
133.950 34.483 8.414
135.900 33.567 11.885
132.550 33.233 56.234
21.571 63.081 0.447
-146.362 61.125 25.119
-0.330 39.460 149.624
-71.633 -33.033 398.107
-123.110 49.287 56.234
12.217 57.100 17.783
31.100 70.333 53.088
12.426 45.419 8.913
-123.370 48.422 47.315
12.579 56.142 7.079
18.284 57.639 33.497
135.150 34.217 53.088
166.617 19.283 11.885
141.683 45.400 118.850
14.500 -22.950 501.187
-77.022 38.873 2.113
174.783 -41.283 501.187
-2.448 50.608 149.624
-0.614 54.490 15.849
-3.086 58.441 66.834
-123.965 46.708 13.335
-73.782 40.793 2.371
-77.953 34.227 66.834
18.419 54.797 22.387
-62.700 45.683 18.836
-70.672 41.523 5.309
-3.568 54.651 12.589
128.102 -15.453 354.813
118.067 24.450 13.335
-139.733 59.548 16.788
138.128 9.508 25.119
-66.117 43.833 223.872
139.633 35.467 16.788
13.817 55.417 66.834
39.190 -6.155 530.884
111.833 21.583 53.088
