144.283 44.017 35.481
-2.075 57.143 56.234
131.417 31.583 7.079
-89.833 13.583 375.837
-99.912 16.840 167.880
-176.632 51.863 125.893
-122.298 37.772 59.566
-126.931 50.587 10.593
-5.433 36.117 4.467
-149.890 61.238 35.481
-76.482 38.983 7.079
-70.400 -23.650 334.965
-53.983 47.300 79.433
-13.530 28.972 398.107
-123.767 46.208 25.119
-74.418 39.355 33.497
-2.715 51.511 25.119
141.500 38.300 118.850
-79.573 8.962 158.489
-76.578 39.267 4.467
-90.285 -0.437 141.254
-125.136 48.836 21.135
2.163 41.342 211.349
-68.205 44.392 66.834
12.903 55.756 5.309
-1.515 43.527 94.406
109.083 21.483 19.953
-128.143 52.163 4.732
-64.700 32.400 211.349
-3.050 43.357 237.137
-6.340 36.800 35.481
141.917 -10.600 74.989
-71.052 42.355 28.184
1.578 50.727 50.119
-4.500 48.383 66.834
-73.182 41.173 4.217
153.167 -27.367 530.884
122.217 -18.000 125.893
-77.100 3.900 133.352
-58.500 -34.667 2.113
152.380 -24.767 446.684
145.915 -41.050 298.538
-109.908 22.880 501.187
-6.283 36.533 133.352
1.868 50.969 2.661
-77.150 -12.050 298.538
-76.068 38.573 56.234
-125.247 50.042 18.836
-47.925 -25.017 7.499
147.058 -19.277 29.854
18.433 -33.900 334.965
-74.960 38.968 33.497
113.652 -24.898 112.202
-75.533 10.383 375.837
-9.417 38.692 89.125
15.094 37.498 5.309
103.187 5.265 94.406
-5.317 35.900 298.538
91.050 22.217 5.957
-124.322 43.345 56.234
-79.925 32.782 39.811
-64.920 18.335 79.433
-63.117 46.233 16.788
-1.635 49.651 141.254
-76.113 36.967 14.125
142.200 27.100 70.795
140.867 35.750 9.441
-157.472 1.982 251.189
-94.200 58.783 0.200
96.883 -12.117 316.228
-1.890 47.277 79.433
-145.753 60.558 14.125
-97.217 27.580 1.334
91.833 21.450 4.467
-124.183 41.745 31.623
-79.915 9.355 334.965
1.302 52.934 19.953
8.717 53.867 2.818
130.850 -12.467 223.872
20.385 60.032 1.334
6.933 53.326 2.371
4.746 52.965 5.012
-4.185 50.368 100.000
1.085 49.929 251.189
-2.088 47.306 26.607
108.617 19.100 211.349
1.318 51.117 16.788
-75.740 36.183 35.481
2.367 51.048 9.441
31.050 -29.867 125.893
27.917 -33.017 237.137
-109.448 -27.150 9.441
-66.985 44.903 84.140
162.387 11.430 473.151
-116.633 31.850 501.187
8.433 55.467 3.350
-79.647 0.992 133.352
121.900 -33.867 39.811
-64.267 -65.250 2.512
1.348 51.957 7.943
-81.467 30.672 105.925
-4.983 52.014 84.140
18.211 60.409 0.750
151.233 -33.850 316.228
-80.902 32.033 158.489
-95.308 28.948 1.995
115.717 -32.050 63.096
-166.288 23.868 266.073
139.933 40.650 188.365
128.850 32.700 266.073
-123.451 48.769 35.481
179.195 -8.525 316.228
-16.907 32.640 421.697
21.231 64.916 0.200
-94.793 29.310 1.413
73.152 -0.687 446.684
11.933 54.567 4.732
102.107 6.227 53.088
-5.350 36.117 421.697
-3.018 53.450 25.119
11.791 57.685 3.981
-89.957 29.263 1.059
144.650 13.433 199.526
-110.900 27.933 199.526
141.533 40.533 237.137
110.283 20.017 2.371
140.717 41.783 316.228
-63.583 44.667 47.315
132.067 34.900 5.309
27.179 60.563 3.350
145.567 43.283 59.566
22.977 59.823 3.758
1.284 51.947 50.119
9.101 63.425 3.162
24.956 60.154 3.981
-2.920 54.032 7.079
115.738 -31.825 44.668
-155.067 19.733 266.073
-3.134 51.215 112.202
89.467 21.783 14.962
147.330 -42.887 35.481
4.120 51.977 4.467
-4.631 53.308 50.119
114.217 22.300 8.414
159.957 -9.425 251.189
25.973 70.980 13.335
-157.867 21.307 354.813
12.467 56.100 12.589
131.683 32.417 5.623
-124.217 40.767 63.096
-4.111 51.211 63.096
-43.165 -22.897 26.607
-0.186 53.631 8.913
124.167 24.333 18.836
-169.530 16.738 66.834
103.792 1.462 211.349
-78.833 -33.622 530.884
-134.412 58.298 5.957
130.567 31.583 10.593
-156.467 20.900 421.697
23.096 65.697 0.200
121.282 28.088 2.113
-171.718 -2.810 316.228
120.288 22.615 149.624
154.777 1.098 316.228
21.215 62.344 0.473
139.750 35.517 105.925
121.745 25.157 4.467
101.358 3.050 149.624
102.153 2.215 316.228
24.515 65.673 0.376
70.220 -49.345 749.894
-131.625 55.333 19.953
-81.808 24.553 251.189
-5.050 58.457 4.467
12.894 55.522 26.607
23.033 -34.050 23.714
99.817 11.795 141.254
98.425 7.832 446.684
135.183 34.683 3.548
133.567 33.500 2.512
-152.512 57.732 22.387
134.583 34.017 10.593
116.067 5.983 94.406
103.430 3.975 105.925
130.200 32.600 141.254
103.443 1.325 421.697
15.589 56.105 37.584
11.127 58.997 2.985
135.767 33.483 56.234
144.367 42.983 21.135
167.733 8.733 501.187
-8.400 43.367 141.254
-117.257 32.867 375.837
-80.917 -2.200 251.189
-110.345 24.162 446.684
-1.221 46.158 5.957
-87.817 13.333 473.151
17.865 58.742 5.957
99.765 6.432 354.813
177.433 -17.600 251.189
-4.781 48.359 149.624
0.106 49.482 25.119
-1.765 47.205 2.661
123.750 13.150 334.965
-3.182 55.990 42.170
-1.140 60.155 59.566
-1.794 46.497 16.788
-75.120 38.782 6.683
119.417 34.750 12.589
-64.753 17.697 7.499
10.299 43.546 223.872
-3.825 53.332 26.607
-80.717 -6.933 56.234
159.067 -31.517 141.254
-118.272 33.720 316.228
-64.883 47.083 37.584
1.751 52.473 2.985
15.150 -26.650 501.187
100.613 4.240 251.189
121.617 32.133 3.548
5.113 61.934 15.849
-67.047 17.972 167.880
137.617 34.683 1.259
135.383 35.467 133.352
171.373 7.107 421.697
130.300 31.267 5.012
-4.417 36.717 334.965
134.463 7.330 334.965
73.527 4.190 473.151
-7.333 55.367 25.119
120.967 14.583 188.365
21.463 61.594 0.473
174.500 -35.833 56.234
16.837 58.554 13.335
173.200 52.833 298.538
-72.117 -17.000 375.837
132.717 33.867 31.623
-81.432 30.395 223.872
-106.422 23.198 316.228
139.817 34.917 33.497
15.563 38.196 223.872
-177.367 28.217 33.497
-5.014 51.702 74.989
-4.906 55.750 4.217
50.600 26.233 35.481
130.450 32.617 112.202
139.482 34.067 19.953
141.983 39.650 266.073
-157.800 21.433 375.837
7.421 43.729 211.349
-71.960 41.048 3.350
-121.888 36.605 237.137
22.133 -34.183 141.254
134.167 33.267 2.512
129.867 32.733 177.828
136.883 35.083 3.548
127.667 26.200 105.925
129.842 29.842 44.668
-1.634 47.194 33.497
-70.097 41.285 13.335
176.917 -39.483 562.341
14.269 40.841 316.228
166.905 -0.528 223.872
-159.350 21.967 223.872
129.495 28.382 100.000
-124.617 48.368 39.811
-72.087 41.355 2.512
-74.015 40.700 3.981
0.057 50.782 33.497
-5.542 50.102 125.893
-71.327 41.505 21.135
-122.910 49.200 5.623
130.992 30.735 118.850
-1.440 55.007 14.962
-60.250 46.217 74.989
166.437 -22.292 446.684
-175.167 -21.133 375.837
-140.082 -8.930 398.107
11.950 78.933 1.679
141.717 39.067 199.526
141.750 39.017 177.828
139.383 34.783 167.880
17.097 57.366 17.783
138.217 34.617 31.623
140.900 36.933 35.481
135.433 34.650 2.239
16.478 57.275 19.953
10.734 59.909 2.239
25.418 65.040 0.188
130.217 32.983 39.811
136.217 34.067 8.414
-170.683 -14.283 421.697
-81.167 -5.083 100.000
-149.567 -17.525 25.119
-123.451 48.654 56.234
100.347 5.422 266.073
-158.053 -8.977 47.315
-87.213 30.403 1.585
-75.142 39.933 10.000
22.690 63.709 0.133
158.243 6.987 354.813
-123.253 49.337 39.811
-25.672 37.735 334.965
-123.440 48.125 26.607
-59.133 47.567 125.893
-1.062 45.569 59.566
25.630 -33.960 177.828
118.575 -20.318 84.140
150.912 -34.473 421.697
57.495 -20.155 237.137
16.867 -29.250 446.684
-3.446 47.644 70.795
3.107 42.520 223.872
-127.489 50.722 10.000
-97.215 26.060 1.413
-70.247 43.657 66.834
141.600 -38.333 188.365
-5.120 54.843 8.913
-120.760 35.177 237.137
-1.112 50.803 47.315
-130.324 54.317 7.079
-71.401 41.807 4.467
-87.950 15.833 237.137
-15.417 28.133 281.838
-72.967 -41.483 28.184
-67.617 -54.933 8.913
-132.072 53.252 17.783
24.407 64.666 0.188
-159.775 -21.207 3.162
20.895 63.986 0.237
21.426 61.133 0.447
-75.573 39.558 94.406
-21.940 64.151 11.220
-134.953 -23.125 316.228
12.113 57.250 3.548
-97.047 28.022 2.239
63.418 -19.668 23.714
11.230 64.859 2.113
-3.966 48.718 25.119
150.790 -23.162 316.228
-17.750 28.683 398.107
-93.870 29.730 1.122
133.333 36.200 177.828
-2.246 47.140 17.783
-1.682 43.395 149.624
-2.028 48.641 141.254
-2.202 47.267 23.714
-66.063 45.251 94.406
145.742 15.227 2.239
133.250 35.550 7.079
17.950 -33.017 501.187
-95.203 16.160 251.189
-117.173 32.713 354.813
-80.108 -26.292 375.837
-122.465 37.807 59.566
-90.833 13.917 398.107
-66.117 18.460 167.880
-160.502 55.337 33.497
-74.009 40.467 3.548
-90.313 -0.755 375.837
-118.500 34.008 177.828
-122.339 47.603 53.088
104.115 1.932 74.989
-151.720 59.441 14.962
-149.427 60.120 22.387
-76.330 36.947 5.623
115.350 22.750 39.811
0.743 51.442 14.962
119.550 35.383 21.135
138.517 35.017 50.119
135.383 33.683 74.989
18.433 -34.183 446.684
14.358 55.557 63.096
-135.342 57.052 15.849
19.012 63.191 0.668
-135.327 59.450 8.414
12.829 55.417 8.414
11.218 58.354 4.217
-76.452 38.317 59.566
-124.043 44.625 23.714
17.531 62.363 0.335
147.933 -42.550 199.526
-78.918 33.655 100.000
-82.627 27.760 2.512
-52.717 47.567 188.365
11.832 58.093 4.467
-123.181 49.125 25.119
-2.117 49.183 188.365
18.082 59.325 2.661
-6.389 58.207 42.170
134.900 34.350 22.387
178.427 -18.132 316.228
39.600 -69.000 158.489
134.050 34.350 5.957
-81.282 -4.582 84.140
103.853 1.262 167.880
135.183 34.333 28.184
174.033 -39.050 66.834
-5.600 36.000 188.365
176.183 -37.650 375.837
117.883 4.233 595.662
-16.240 28.480 473.151
133.640 -32.150 37.584
104.140 2.807 141.254
136.850 34.467 13.335
-6.064 56.623 11.220
-125.913 49.154 13.335
139.767 35.650 5.623
132.967 32.783 2.371
5.913 43.117 47.315
146.833 -19.250 63.096
137.217 36.767 188.365
7.567 58.000 28.184
13.750 45.650 15.849
151.850 7.450 199.526
-78.730 1.817 211.349
22.101 60.428 1.496
138.883 35.017 118.850
-5.158 57.895 18.836
-166.537 53.880 223.872
133.950 34.483 5.957
135.900 33.567 7.499
132.550 33.233 31.623
21.571 63.081 0.335
-146.362 61.125 19.953
-0.330 39.460 125.893
-71.633 -33.033 316.228
-123.110 49.287 47.315
12.217 57.100 11.220
31.100 70.333 26.607
12.426 45.419 6.310
-123.370 48.422 37.584
12.579 56.142 5.012
18.284 57.639 25.119
135.150 34.217 29.854
166.617 19.283 7.943
141.683 45.400 84.140
14.500 -22.950 501.187
-77.022 38.873 1.884
174.783 -41.283 446.684
-2.448 50.608 94.406
-0.614 54.490 11.220
-3.086 58.441 47.315
-123.965 46.708 11.885
-73.782 40.793 2.113
-77.953 34.227 44.668
18.419 54.797 14.125
-62.700 45.683 14.125
-70.672 41.523 4.217
-3.568 54.651 10.000
128.102 -15.453 281.838
118.067 24.450 10.000
-139.733 59.548 13.335
138.128 9.508 14.962
-66.117 43.833 149.624
139.633 35.467 10.000
13.817 55.417 47.315
39.190 -6.155 446.684
111.833 21.583 37.584
