144.283 44.017 17.783
-2.075 57.143 33.497
131.417 31.583 4.732
-89.833 13.583 237.137
-99.912 16.840 70.795
-176.632 51.863 70.795
-122.298 37.772 25.119
-126.931 50.587 5.012
-5.433 36.117 3.162
-149.890 61.238 17.783
-76.482 38.983 5.012
-70.400 -23.650 223.872
-53.983 47.300 42.170
-13.530 28.972 281.838
-123.767 46.208 14.125
-74.418 39.355 19.953
-2.715 51.511 16.788
141.500 38.300 50.119
-79.573 8.962 100.000
-76.578 39.267 3.548
-90.285 -0.437 70.795
-125.136 48.836 11.220
2.163 41.342 167.880
-68.205 44.392 33.497
12.903 55.756 3.981
-1.515 43.527 53.088
109.083 21.483 12.589
-128.143 52.163 2.371
-64.700 32.400 141.254
-3.050 43.357 149.624
-6.340 36.800 19.953
141.917 -10.600 44.668
-71.052 42.355 16.788
1.578 50.727 31.623
-4.500 48.383 42.170
-73.182 41.173 3.350
153.167 -27.367 421.697
122.217 -18.000 84.140
-77.100 3.900 70.795
-58.500 -34.667 1.995
152.380 -24.767 334.965
145.915 -41.050 167.880
-109.908 22.880 398.107
-6.283 36.533 74.989
1.868 50.969 2.239
-77.150 -12.050 211.349
-76.068 38.573 29.854
-125.247 50.042 9.441
-47.925 -25.017 5.623
147.058 -19.277 17.783
18.433 -33.900 199.526
-74.960 38.968 19.953
113.652 -24.898 53.088
-75.533 10.383 316.228
-9.417 38.692 47.315
15.094 37.498 3.548
103.187 5.265 53.088
-5.317 35.900 149.624
91.050 22.217 4.467
-124.322 43.345 28.184
-79.925 32.782 22.387
-64.920 18.335 26.607
-63.117 46.233 11.220
-1.635 49.651 84.140
-76.113 36.967 9.441
142.200 27.100 39.811
140.867 35.750 5.623
-157.472 1.982 158.489
-94.200 58.783 0.168
96.883 -12.117 266.073
-1.890 47.277 47.315
-145.753 60.558 7.499
-97.217 27.580 1.259
91.833 21.450 3.350
-124.183 41.745 16.788
-79.915 9.355 298.538
1.302 52.934 13.335
8.717 53.867 2.371
130.850 -12.467 149.624
20.385 60.032 0.473
6.933 53.326 2.113
4.746 52.965 3.981
-4.185 50.368 63.096
1.085 49.929 177.828
-2.088 47.306 16.788
108.617 19.100 141.254
1.318 51.117 11.220
-75.740 36.183 21.135
2.367 51.048 6.683
31.050 -29.867 59.566
27.917 -33.017 133.352
-109.448 -27.150 6.310
-66.985 44.903 50.119
162.387 11.430 421.697
-116.633 31.850 398.107
8.433 55.467 2.818
-79.647 0.992 70.795
121.900 -33.867 19.953
-64.267 -65.250 4.732
1.348 51.957 5.623
-81.467 30.672 56.234
-4.983 52.014 50.119
18.211 60.409 0.531
151.233 -33.850 211.349
-80.902 32.033 84.140
-95.308 28.948 1.778
115.717 -32.050 33.497
-166.288 23.868 188.365
139.933 40.650 141.254
128.850 32.700 199.526
-123.451 48.769 17.783
179.195 -8.525 251.189
-16.907 32.640 334.965
21.231 64.916 0.150
-94.793 29.310 1.334
73.152 -0.687 421.697
11.933 54.567 3.548
102.107 6.227 28.184
-5.350 36.117 375.837
-3.018 53.450 14.962
11.791 57.685 2.818
-89.957 29.263 1.059
144.650 13.433 149.624
-110.900 27.933 125.893
141.533 40.533 158.489
110.283 20.017 1.995
140.717 41.783 167.880
-63.583 44.667 26.607
132.067 34.900 3.758
27.179 60.563 2.239
145.567 43.283 31.623
22.977 59.823 2.239
1.284 51.947 31.623
9.101 63.425 2.113
24.956 60.154 2.661
-2.920 54.032 4.732
115.738 -31.825 23.714
-155.067 19.733 177.828
-3.134 51.215 79.433
89.467 21.783 10.000
147.330 -42.887 18.836
4.120 51.977 3.350
-4.631 53.308 29.854
114.217 22.300 5.957
159.957 -9.425 223.872
25.973 70.980 7.499
-157.867 21.307 298.538
12.467 56.100 8.913
131.683 32.417 3.981
-124.217 40.767 28.184
-4.111 51.211 42.170
-43.165 -22.897 15.849
-0.186 53.631 6.310
124.167 24.333 11.885
-169.530 16.738 31.623
103.792 1.462 112.202
-78.833 -33.622 473.151
-134.412 58.298 3.350
130.567 31.583 7.079
-156.467 20.900 334.965
23.096 65.697 0.133
121.282 28.088 1.884
-171.718 -2.810 223.872
120.288 22.615 89.125
154.777 1.098 223.872
21.215 62.344 0.398
139.750 35.517 53.088
121.745 25.157 3.350
101.358 3.050 94.406
102.153 2.215 199.526
24.515 65.673 0.299
70.220 -49.345 630.957
-131.625 55.333 10.000
-81.808 24.553 149.624
-5.050 58.457 3.162
12.894 55.522 17.783
23.033 -34.050 13.335
99.817 11.795 79.433
98.425 7.832 334.965
135.183 34.683 2.661
133.567 33.500 2.113
-152.512 57.732 13.335
134.583 34.017 6.683
116.067 5.983 47.315
103.430 3.975 66.834
130.200 32.600 84.140
103.443 1.325 266.073
15.589 56.105 22.387
11.127 58.997 1.995
135.767 33.483 26.607
144.367 42.983 11.220
167.733 8.733 421.697
-8.400 43.367 84.140
-117.257 32.867 237.137
-80.917 -2.200 149.624
-110.345 24.162 334.965
-1.221 46.158 4.217
-87.817 13.333 354.813
17.865 58.742 3.548
99.765 6.432 223.872
177.433 -17.600 149.624
-4.781 48.359 100.000
0.106 49.482 15.849
-1.765 47.205 2.239
123.750 13.150 237.137
-3.182 55.990 25.119
-1.140 60.155 33.497
-1.794 46.497 10.593
-75.120 38.782 5.012
119.417 34.750 8.913
-64.753 17.697 4.217
10.299 43.546 133.352
-3.825 53.332 14.962
-80.717 -6.933 26.607
159.067 -31.517 79.433
-118.272 33.720 167.880
-64.883 47.083 25.119
1.751 52.473 2.512
15.150 -26.650 446.684
100.613 4.240 149.624
121.617 32.133 2.985
5.113 61.934 8.414
-67.047 17.972 89.125
137.617 34.683 1.189
135.383 35.467 94.406
171.373 7.107 316.228
130.300 31.267 3.758
-4.417 36.717 223.872
134.463 7.330 281.838
73.527 4.190 421.697
-7.333 55.367 14.962
120.967 14.583 112.202
21.463 61.594 0.355
174.500 -35.833 31.623
16.837 58.554 7.079
173.200 52.833 251.189
-72.117 -17.000 298.538
132.717 33.867 18.836
-81.432 30.395 133.352
-106.422 23.198 188.365
139.817 34.917 17.783
15.563 38.196 211.349
-177.367 28.217 17.783
-5.014 51.702 47.315
-4.906 55.750 2.985
50.600 26.233 17.783
130.450 32.617 66.834
139.482 34.067 11.885
141.983 39.650 188.365
-157.800 21.433 316.228
7.421 43.729 149.624
-71.960 41.048 2.661
-121.888 36.605 118.850
22.133 -34.183 79.433
134.167 33.267 1.995
129.867 32.733 118.850
136.883 35.083 2.661
127.667 26.200 59.566
129.842 29.842 26.607
-1.634 47.194 18.836
-70.097 41.285 8.414
176.917 -39.483 530.884
14.269 40.841 266.073
166.905 -0.528 105.925
-159.350 21.967 133.352
129.495 28.382 59.566
-124.617 48.368 19.953
-72.087 41.355 2.113
-74.015 40.700 3.162
0.057 50.782 19.953
-5.542 50.102 74.989
-71.327 41.505 12.589
-122.910 49.200 3.548
130.992 30.735 66.834
-1.440 55.007 9.441
-60.250 46.217 44.668
166.437 -22.292 375.837
-175.167 -21.133 281.838
-140.082 -8.930 281.838
11.950 78.933 0.631
141.717 39.067 89.125
141.750 39.017 79.433
139.383 34.783 94.406
17.097 57.366 10.593
138.217 34.617 15.849
140.900 36.933 16.788
135.433 34.650 1.884
16.478 57.275 11.220
10.734 59.909 1.679
25.418 65.040 0.119
130.217 32.983 23.714
136.217 34.067 5.623
-170.683 -14.283 375.837
-81.167 -5.083 50.119
-149.567 -17.525 10.593
-123.451 48.654 28.184
100.347 5.422 141.254
-158.053 -8.977 18.836
-87.213 30.403 1.496
-75.142 39.933 6.683
22.690 63.709 0.100
158.243 6.987 266.073
-123.253 49.337 19.953
-25.672 37.735 237.137
-123.440 48.125 13.335
-59.133 47.567 74.989
-1.062 45.569 33.497
25.630 -33.960 94.406
118.575 -20.318 50.119
150.912 -34.473 334.965
57.495 -20.155 199.526
16.867 -29.250 334.965
-3.446 47.644 42.170
3.107 42.520 177.828
-127.489 50.722 4.732
-97.215 26.060 1.334
-70.247 43.657 37.584
141.600 -38.333 100.000
-5.120 54.843 5.957
-120.760 35.177 118.850
-1.112 50.803 25.119
-130.324 54.317 2.818
-71.401 41.807 3.350
-87.950 15.833 199.526
-15.417 28.133 158.489
-72.967 -41.483 22.387
-67.617 -54.933 9.441
-132.072 53.252 9.441
24.407 64.666 0.126
-159.775 -21.207 2.512
20.895 63.986 0.168
21.426 61.133 0.299
-75.573 39.558 53.088
-21.940 64.151 4.732
-134.953 -23.125 281.838
12.113 57.250 2.512
-97.047 28.022 1.884
63.418 -19.668 11.885
11.230 64.859 1.585
-3.966 48.718 16.788
150.790 -23.162 211.349
-17.750 28.683 298.538
-93.870 29.730 1.059
133.333 36.200 141.254
-2.246 47.140 11.220
-1.682 43.395 89.125
-2.028 48.641 105.925
-2.202 47.267 14.962
-66.063 45.251 56.234
145.742 15.227 1.884
133.250 35.550 4.467
17.950 -33.017 398.107
-95.203 16.160 125.893
-117.173 32.713 211.349
-80.108 -26.292 298.538
-122.465 37.807 25.119
-90.833 13.917 281.838
-66.117 18.460 56.234
-160.502 55.337 18.836
-74.009 40.467 2.985
-90.313 -0.755 298.538
-118.500 34.008 79.433
-122.339 47.603 26.607
104.115 1.932 39.811
-151.720 59.441 8.913
-149.427 60.120 11.885
-76.330 36.947 4.217
115.350 22.750 22.387
0.743 51.442 10.593
119.550 35.383 14.125
138.517 35.017 25.119
135.383 33.683 37.584
18.433 -34.183 298.538
14.358 55.557 42.170
-135.342 57.052 8.913
19.012 63.191 0.631
-135.327 59.450 4.467
12.829 55.417 5.623
11.218 58.354 2.371
-76.452 38.317 31.623
-124.043 44.625 12.589
17.531 62.363 0.251
147.933 -42.550 118.850
-78.918 33.655 56.234
-82.627 27.760 2.113
-52.717 47.567 105.925
11.832 58.093 2.985
-123.181 49.125 12.589
-2.117 49.183 141.254
18.082 59.325 1.334
-6.389 58.207 23.714
134.900 34.350 12.589
178.427 -18.132 237.137
39.600 -69.000 112.202
134.050 34.350 3.981
-81.282 -4.582 42.170
103.853 1.262 79.433
135.183 34.333 15.849
174.033 -39.050 37.584
-5.600 36.000 84.140
176.183 -37.650 281.838
117.883 4.233 473.151
-16.240 28.480 398.107
133.640 -32.150 22.387
104.140 2.807 84.140
136.850 34.467 7.943
-6.064 56.623 6.683
-125.913 49.154 7.079
139.767 35.650 3.981
132.967 32.783 1.995
5.913 43.117 21.135
146.833 -19.250 37.584
137.217 36.767 141.254
7.567 58.000 15.849
13.750 45.650 8.913
151.850 7.450 141.254
-78.730 1.817 105.925
22.101 60.428 0.841
138.883 35.017 59.566
-5.158 57.895 11.220
-166.537 53.880 133.352
133.950 34.483 4.217
135.900 33.567 5.012
132.550 33.233 17.783
21.571 63.081 0.251
-146.362 61.125 10.593
-0.330 39.460 74.989
-71.633 -33.033 223.872
-123.110 49.287 23.714
12.217 57.100 6.683
31.100 70.333 14.125
12.426 45.419 4.217
-123.370 48.422 18.836
12.579 56.142 3.758
18.284 57.639 17.783
135.150 34.217 16.788
166.617 19.283 5.012
141.683 45.400 47.315
14.500 -22.950 446.684
-77.022 38.873 1.679
174.783 -41.283 334.965
-2.448 50.608 53.088
-0.614 54.490 7.499
-3.086 58.441 26.607
-123.965 46.708 7.079
-73.782 40.793 1.884
-77.953 34.227 22.387
18.419 54.797 9.441
-62.700 45.683 9.441
-70.672 41.523 3.350
-3.568 54.651 6.310
128.102 -15.453 158.489
118.067 24.450 6.683
-139.733 59.548 7.079
138.128 9.508 8.414
-66.117 43.833 89.125
139.633 35.467 6.310
13.817 55.417 33.497
39.190 -6.155 316.228
111.833 21.583 22.387
