144.283 44.017 66.834
-2.075 57.143 94.406
131.417 31.583 10.000
-89.833 13.583 473.151
-99.912 16.840 281.838
-176.632 51.863 199.526
-122.298 37.772 133.352
-126.931 50.587 21.135
-5.433 36.117 6.683
-149.890 61.238 59.566
-76.482 38.983 10.593
-70.400 -23.650 421.697
-53.983 47.300 141.254
-13.530 28.972 501.187
-123.767 46.208 44.668
-74.418 39.355 53.088
-2.715 51.511 35.481
141.500 38.300 251.189
-79.573 8.962 237.137
-76.578 39.267 5.957
-90.285 -0.437 223.872
-125.136 48.836 37.584
2.163 41.342 223.872
-68.205 44.392 112.202
12.903 55.756 7.079
-1.515 43.527 149.624
109.083 21.483 29.854
-128.143 52.163 9.441
-64.700 32.400 281.838
-3.050 43.357 334.965
-6.340 36.800 59.566
141.917 -10.600 125.893
-71.052 42.355 47.315
1.578 50.727 74.989
-4.500 48.383 100.000
-73.182 41.173 5.309
153.167 -27.367 595.662
122.217 -18.000 177.828
-77.100 3.900 211.349
-58.500 -34.667 2.371
152.380 -24.767 530.884
145.915 -41.050 473.151
-109.908 22.880 562.341
-6.283 36.533 223.872
1.868 50.969 3.162
-77.150 -12.050 375.837
-76.068 38.573 100.000
-125.247 50.042 35.481
-47.925 -25.017 10.593
147.058 -19.277 50.119
18.433 -33.900 446.684
-74.960 38.968 56.234
113.652 -24.898 199.526
-75.533 10.383 473.151
-9.417 38.692 158.489
15.094 37.498 7.943
103.187 5.265 149.624
-5.317 35.900 375.837
91.050 22.217 7.943
-124.322 43.345 100.000
-79.925 32.782 74.989
-64.920 18.335 177.828
-63.117 46.233 26.607
-1.635 49.651 211.349
-76.113 36.967 21.135
142.200 27.100 105.925
140.867 35.750 14.962
-157.472 1.982 334.965
-94.200 58.783 0.299
96.883 -12.117 354.813
-1.890 47.277 133.352
-145.753 60.558 26.607
-97.217 27.580 1.496
91.833 21.450 5.957
-124.183 41.745 59.566
-79.915 9.355 398.107
1.302 52.934 29.854
8.717 53.867 3.162
130.850 -12.467 334.965
20.385 60.032 3.350
6.933 53.326 2.818
4.746 52.965 6.310
-4.185 50.368 158.489
1.085 49.929 316.228
-2.088 47.306 42.170
108.617 19.100 281.838
1.318 51.117 23.714
-75.740 36.183 59.566
2.367 51.048 13.335
31.050 -29.867 251.189
27.917 -33.017 354.813
-109.448 -27.150 14.125
-66.985 44.903 133.352
162.387 11.430 530.884
-116.633 31.850 562.341
8.433 55.467 3.981
-79.647 0.992 237.137
121.900 -33.867 79.433
-64.267 -65.250 1.259
1.348 51.957 10.593
-81.467 30.672 188.365
-4.983 52.014 133.352
18.211 60.409 1.122
151.233 -33.850 398.107
-80.902 32.033 251.189
-95.308 28.948 2.371
115.717 -32.050 118.850
-166.288 23.868 316.228
139.933 40.650 237.137
128.850 32.700 316.228
-123.451 48.769 66.834
179.195 -8.525 375.837
-16.907 32.640 446.684
21.231 64.916 0.299
-94.793 29.310 1.496
73.152 -0.687 501.187
11.933 54.567 5.957
102.107 6.227 94.406
-5.350 36.117 473.151
-3.018 53.450 39.811
11.791 57.685 5.957
-89.957 29.263 1.122
144.650 13.433 251.189
-110.900 27.933 251.189
141.533 40.533 334.965
110.283 20.017 2.661
140.717 41.783 473.151
-63.583 44.667 84.140
132.067 34.900 7.943
27.179 60.563 4.732
145.567 43.283 100.000
22.977 59.823 5.957
1.284 51.947 74.989
9.101 63.425 5.012
24.956 60.154 5.957
-2.920 54.032 10.000
115.738 -31.825 79.433
-155.067 19.733 354.813
-3.134 51.215 149.624
89.467 21.783 23.714
147.330 -42.887 63.096
4.120 51.977 5.623
-4.631 53.308 79.433
114.217 22.300 11.885
159.957 -9.425 298.538
25.973 70.980 22.387
-157.867 21.307 421.697
12.467 56.100 18.836
131.683 32.417 7.943
-124.217 40.767 133.352
-4.111 51.211 89.125
-43.165 -22.897 44.668
-0.186 53.631 12.589
124.167 24.333 31.623
-169.530 16.738 141.254
103.792 1.462 334.965
-78.833 -33.622 562.341
-134.412 58.298 10.000
130.567 31.583 15.849
-156.467 20.900 446.684
23.096 65.697 0.316
121.282 28.088 2.512
-171.718 -2.810 398.107
120.288 22.615 223.872
154.777 1.098 354.813
21.215 62.344 0.596
139.750 35.517 167.880
121.745 25.157 5.957
101.358 3.050 223.872
102.153 2.215 421.697
24.515 65.673 0.501
70.220 -49.345 794.328
-131.625 55.333 37.584
-81.808 24.553 334.965
-5.050 58.457 6.310
12.894 55.522 39.811
23.033 -34.050 39.811
99.817 11.795 211.349
98.425 7.832 530.884
135.183 34.683 4.467
133.567 33.500 3.162
-152.512 57.732 39.811
134.583 34.017 16.788
116.067 5.983 177.828
103.430 3.975 167.880
130.200 32.600 223.872
103.443 1.325 530.884
15.589 56.105 53.088
11.127 58.997 4.467
135.767 33.483 105.925
144.367 42.983 42.170
167.733 8.733 530.884
-8.400 43.367 211.349
-117.257 32.867 473.151
-80.917 -2.200 375.837
-110.345 24.162 501.187
-1.221 46.158 8.414
-87.817 13.333 530.884
17.865 58.742 11.220
99.765 6.432 446.684
177.433 -17.600 334.965
-4.781 48.359 211.349
0.106 49.482 39.811
-1.765 47.205 3.350
123.750 13.150 421.697
-3.182 55.990 70.795
-1.140 60.155 100.000
-1.794 46.497 26.607
-75.120 38.782 9.441
119.417 34.750 18.836
-64.753 17.697 17.783
10.299 43.546 281.838
-3.825 53.332 39.811
-80.717 -6.933 112.202
159.067 -31.517 237.137
-118.272 33.720 421.697
-64.883 47.083 53.088
1.751 52.473 3.548
15.150 -26.650 530.884
100.613 4.240 375.837
121.617 32.133 4.467
5.113 61.934 28.184
-67.047 17.972 237.137
137.617 34.683 1.334
135.383 35.467 149.624
171.373 7.107 473.151
130.300 31.267 7.079
-4.417 36.717 398.107
134.463 7.330 375.837
73.527 4.190 530.884
-7.333 55.367 42.170
120.967 14.583 251.189
21.463 61.594 0.708
174.500 -35.833 94.406
16.837 58.554 22.387
173.200 52.833 334.965
-72.117 -17.000 446.684
132.717 33.867 53.088
-81.432 30.395 316.228
-106.422 23.198 421.697
139.817 34.917 63.096
15.563 38.196 281.838
-177.367 28.217 59.566
-5.014 51.702 112.202
-4.906 55.750 5.623
50.600 26.233 66.834
130.450 32.617 177.828
139.482 34.067 33.497
141.983 39.650 334.965
-157.800 21.433 421.697
7.421 43.729 237.137
-71.960 41.048 3.981
-121.888 36.605 375.837
22.133 -34.183 237.137
134.167 33.267 2.985
129.867 32.733 251.189
136.883 35.083 4.467
127.667 26.200 167.880
129.842 29.842 79.433
-1.634 47.194 53.088
-70.097 41.285 22.387
176.917 -39.483 595.662
14.269 40.841 354.813
166.905 -0.528 354.813
-159.350 21.967 281.838
129.495 28.382 149.624
-124.617 48.368 70.795
-72.087 41.355 2.985
-74.015 40.700 5.012
0.057 50.782 56.234
-5.542 50.102 188.365
-71.327 41.505 35.481
-122.910 49.200 8.913
130.992 30.735 177.828
-1.440 55.007 23.714
-60.250 46.217 118.850
166.437 -22.292 473.151
-175.167 -21.133 398.107
-140.082 -8.930 473.151
11.950 78.933 3.548
141.717 39.067 354.813
141.750 39.017 298.538
139.383 34.783 251.189
17.097 57.366 29.854
138.217 34.617 59.566
140.900 36.933 74.989
135.433 34.650 2.661
16.478 57.275 31.623
10.734 59.909 3.162
25.418 65.040 0.282
130.217 32.983 63.096
136.217 34.067 13.335
-170.683 -14.283 446.684
-81.167 -5.083 177.828
-149.567 -17.525 56.234
-123.451 48.654 100.000
100.347 5.422 421.697
-158.053 -8.977 94.406
-87.213 30.403 1.778
-75.142 39.933 14.125
22.690 63.709 0.251
158.243 6.987 421.697
-123.253 49.337 70.795
-25.672 37.735 398.107
-123.440 48.125 47.315
-59.133 47.567 188.365
-1.062 45.569 94.406
25.630 -33.960 281.838
118.575 -20.318 125.893
150.912 -34.473 473.151
57.495 -20.155 266.073
16.867 -29.250 501.187
-3.446 47.644 112.202
3.107 42.520 251.189
-127.489 50.722 19.953
-97.215 26.060 1.585
-70.247 43.657 118.850
141.600 -38.333 298.538
-5.120 54.843 14.125
-120.760 35.177 375.837
-1.112 50.803 79.433
-130.324 54.317 14.962
-71.401 41.807 5.623
-87.950 15.833 266.073
-15.417 28.133 398.107
-72.967 -41.483 35.481
-67.617 -54.933 8.414
-132.072 53.252 33.497
24.407 64.666 0.316
-159.775 -21.207 4.217
20.895 63.986 0.335
21.426 61.133 0.668
-75.573 39.558 167.880
-21.940 64.151 22.387
-134.953 -23.125 316.228
12.113 57.250 5.012
-97.047 28.022 2.661
63.418 -19.668 50.119
11.230 64.859 2.985
-3.966 48.718 39.811
150.790 -23.162 421.697
-17.750 28.683 473.151
-93.870 29.730 1.122
133.333 36.200 199.526
-2.246 47.140 28.184
-1.682 43.395 223.872
-2.028 48.641 188.365
-2.202 47.267 37.584
-66.063 45.251 149.624
145.742 15.227 2.661
133.250 35.550 11.220
17.950 -33.017 562.341
-95.203 16.160 398.107
-117.173 32.713 473.151
-80.108 -26.292 421.697
-122.465 37.807 125.893
-90.833 13.917 501.187
-66.117 18.460 266.073
-160.502 55.337 59.566
-74.009 40.467 4.467
-90.313 -0.755 421.697
-118.500 34.008 316.228
-122.339 47.603 94.406
104.115 1.932 125.893
-151.720 59.441 25.119
-149.427 60.120 37.584
-76.330 36.947 7.499
115.350 22.750 66.834
0.743 51.442 22.387
119.550 35.383 29.854
138.517 35.017 100.000
135.383 33.683 133.352
18.433 -34.183 530.884
14.358 55.557 84.140
-135.342 57.052 28.184
19.012 63.191 0.750
-135.327 59.450 14.125
12.829 55.417 10.593
11.218 58.354 6.683
-76.452 38.317 100.000
-124.043 44.625 42.170
17.531 62.363 0.473
147.933 -42.550 281.838
-78.918 33.655 177.828
-82.627 27.760 2.985
-52.717 47.567 281.838
11.832 58.093 7.079
-123.181 49.125 47.315
-2.117 49.183 237.137
18.082 59.325 5.012
-6.389 58.207 66.834
134.900 34.350 39.811
178.427 -18.132 398.107
39.600 -69.000 211.349
134.050 34.350 8.414
-81.282 -4.582 158.489
103.853 1.262 298.538
135.183 34.333 50.119
174.033 -39.050 112.202
-5.600 36.000 354.813
176.183 -37.650 446.684
117.883 4.233 668.344
-16.240 28.480 501.187
133.640 -32.150 59.566
104.140 2.807 211.349
136.850 34.467 22.387
-6.064 56.623 16.788
-125.913 49.154 23.714
139.767 35.650 7.943
132.967 32.783 2.818
5.913 43.117 100.000
146.833 -19.250 100.000
137.217 36.767 223.872
7.567 58.000 50.119
13.750 45.650 25.119
151.850 7.450 266.073
-78.730 1.817 334.965
22.101 60.428 2.661
138.883 35.017 188.365
-5.158 57.895 29.854
-166.537 53.880 281.838
133.950 34.483 8.913
135.900 33.567 11.885
132.550 33.233 56.234
21.571 63.081 0.447
-146.362 61.125 37.584
-0.330 39.460 158.489
-71.633 -33.033 421.697
-123.110 49.287 84.140
12.217 57.100 18.836
31.100 70.333 44.668
12.426 45.419 9.441
-123.370 48.422 70.795
12.579 56.142 6.683
18.284 57.639 35.481
135.150 34.217 53.088
166.617 19.283 13.335
141.683 45.400 133.352
14.500 -22.950 562.341
-77.022 38.873 2.113
174.783 -41.283 501.187
-2.448 50.608 158.489
-0.614 54.490 16.788
-3.086 58.441 74.989
-123.965 46.708 18.836
-73.782 40.793 2.371
-77.953 34.227 89.125
18.419 54.797 22.387
-62.700 45.683 19.953
-70.672 41.523 5.623
-3.568 54.651 14.962
128.102 -15.453 421.697
118.067 24.450 14.125
-139.733 59.548 25.119
138.128 9.508 28.184
-66.117 43.833 251.189
139.633 35.467 15.849
13.817 55.417 70.795
39.190 -6.155 562.341
111.833 21.583 59.566
