144.283 44.017 125.893
-2.075 57.143 141.254
131.417 31.583 15.849
-89.833 13.583 530.884
-99.912 16.840 375.837
-176.632 51.863 251.189
-122.298 37.772 266.073
-126.931 50.587 37.584
-5.433 36.117 10.593
-149.890 61.238 100.000
-76.482 38.983 14.962
-70.400 -23.650 473.151
-53.983 47.300 237.137
-13.530 28.972 530.884
-123.767 46.208 74.989
-74.418 39.355 89.125
-2.715 51.511 47.315
141.500 38.300 375.837
-79.573 8.962 334.965
-76.578 39.267 7.943
-90.285 -0.437 316.228
-125.136 48.836 63.096
2.163 41.342 237.137
-68.205 44.392 188.365
12.903 55.756 9.441
-1.515 43.527 223.872
109.083 21.483 44.668
-128.143 52.163 17.783
-64.700 32.400 334.965
-3.050 43.357 421.697
-6.340 36.800 100.000
141.917 -10.600 199.526
-71.052 42.355 79.433
1.578 50.727 112.202
-4.500 48.383 141.254
-73.182 41.173 7.079
153.167 -27.367 630.957
122.217 -18.000 223.872
-77.100 3.900 316.228
-58.500 -34.667 2.661
152.380 -24.767 562.341
145.915 -41.050 595.662
-109.908 22.880 630.957
-6.283 36.533 334.965
1.868 50.969 3.758
-77.150 -12.050 421.697
-76.068 38.573 177.828
-125.247 50.042 63.096
-47.925 -25.017 14.125
147.058 -19.277 79.433
18.433 -33.900 501.187
-74.960 38.968 100.000
113.652 -24.898 298.538
-75.533 10.383 446.684
-9.417 38.692 266.073
15.094 37.498 12.589
103.187 5.265 237.137
-5.317 35.900 446.684
91.050 22.217 10.593
-124.322 43.345 167.880
-79.925 32.782 133.352
-64.920 18.335 266.073
-63.117 46.233 42.170
-1.635 49.651 298.538
-76.113 36.967 31.623
142.200 27.100 149.624
140.867 35.750 26.607
-157.472 1.982 375.837
-94.200 58.783 0.473
96.883 -12.117 375.837
-1.890 47.277 199.526
-145.753 60.558 44.668
-97.217 27.580 1.585
91.833 21.450 7.943
-124.183 41.745 105.925
-79.915 9.355 501.187
1.302 52.934 42.170
8.717 53.867 3.758
130.850 -12.467 446.684
20.385 60.032 7.079
6.933 53.326 3.162
4.746 52.965 8.414
-4.185 50.368 237.137
1.085 49.929 421.697
-2.088 47.306 63.096
108.617 19.100 334.965
1.318 51.117 35.481
-75.740 36.183 94.406
2.367 51.048 18.836
31.050 -29.867 375.837
27.917 -33.017 446.684
-109.448 -27.150 21.135
-66.985 44.903 211.349
162.387 11.430 668.344
-116.633 31.850 595.662
8.433 55.467 5.012
-79.647 0.992 375.837
121.900 -33.867 149.624
-64.267 -65.250 0.631
1.348 51.957 14.962
-81.467 30.672 281.838
-4.983 52.014 188.365
18.211 60.409 1.778
151.233 -33.850 473.151
-80.902 32.033 375.837
-95.308 28.948 2.661
115.717 -32.050 199.526
-166.288 23.868 316.228
139.933 40.650 251.189
128.850 32.700 354.813
-123.451 48.769 112.202
179.195 -8.525 398.107
-16.907 32.640 501.187
21.231 64.916 0.447
-94.793 29.310 1.679
73.152 -0.687 630.957
11.933 54.567 7.499
102.107 6.227 158.489
-5.350 36.117 473.151
-3.018 53.450 59.566
11.791 57.685 8.913
-89.957 29.263 1.122
144.650 13.433 266.073
-110.900 27.933 281.838
141.533 40.533 398.107
110.283 20.017 3.162
140.717 41.783 562.341
-63.583 44.667 141.254
132.067 34.900 12.589
27.179 60.563 6.683
145.567 43.283 158.489
22.977 59.823 9.441
1.284 51.947 118.850
9.101 63.425 8.414
24.956 60.154 8.913
-2.920 54.032 14.125
115.738 -31.825 141.254
-155.067 19.733 421.697
-3.134 51.215 188.365
89.467 21.783 33.497
147.330 -42.887 112.202
4.120 51.977 7.079
-4.631 53.308 118.850
114.217 22.300 17.783
159.957 -9.425 251.189
25.973 70.980 35.481
-157.867 21.307 446.684
12.467 56.100 28.184
131.683 32.417 11.885
-124.217 40.767 237.137
-4.111 51.211 125.893
-43.165 -22.897 70.795
-0.186 53.631 17.783
124.167 24.333 50.119
-169.530 16.738 223.872
103.792 1.462 473.151
-78.833 -33.622 595.662
-134.412 58.298 15.849
130.567 31.583 23.714
-156.467 20.900 595.662
23.096 65.697 0.473
121.282 28.088 2.818
-171.718 -2.810 473.151
120.288 22.615 281.838
154.777 1.098 421.697
21.215 62.344 0.750
139.750 35.517 251.189
121.745 25.157 7.943
101.358 3.050 316.228
102.153 2.215 501.187
24.515 65.673 0.596
70.220 -49.345 891.251
-131.625 55.333 63.096
-81.808 24.553 398.107
-5.050 58.457 8.414
12.894 55.522 56.234
23.033 -34.050 66.834
99.817 11.795 281.838
98.425 7.832 562.341
135.183 34.683 5.957
133.567 33.500 3.758
-152.512 57.732 66.834
134.583 34.017 26.607
116.067 5.983 266.073
103.430 3.975 251.189
130.200 32.600 298.538
103.443 1.325 630.957
15.589 56.105 74.989
11.127 58.997 7.079
135.767 33.483 188.365
144.367 42.983 89.125
167.733 8.733 595.662
-8.400 43.367 316.228
-117.257 32.867 530.884
-80.917 -2.200 446.684
-110.345 24.162 530.884
-1.221 46.158 11.885
-87.817 13.333 595.662
17.865 58.742 18.836
99.765 6.432 530.884
177.433 -17.600 398.107
-4.781 48.359 298.538
0.106 49.482 59.566
-1.765 47.205 3.981
123.750 13.150 473.151
-3.182 55.990 105.925
-1.140 60.155 158.489
-1.794 46.497 39.811
-75.120 38.782 12.589
119.417 34.750 26.607
-64.753 17.697 44.668
10.299 43.546 316.228
-3.825 53.332 59.566
-80.717 -6.933 199.526
159.067 -31.517 334.965
-118.272 33.720 501.187
-64.883 47.083 74.989
1.751 52.473 4.217
15.150 -26.650 530.884
100.613 4.240 473.151
121.617 32.133 5.309
5.113 61.934 47.315
-67.047 17.972 266.073
137.617 34.683 1.413
135.383 35.467 199.526
171.373 7.107 501.187
130.300 31.267 10.000
-4.417 36.717 446.684
134.463 7.330 421.697
73.527 4.190 630.957
-7.333 55.367 66.834
120.967 14.583 316.228
21.463 61.594 1.059
174.500 -35.833 149.624
16.837 58.554 35.481
173.200 52.833 354.813
-72.117 -17.000 501.187
132.717 33.867 89.125
-81.432 30.395 398.107
-106.422 23.198 446.684
139.817 34.917 112.202
15.563 38.196 266.073
-177.367 28.217 105.925
-5.014 51.702 158.489
-4.906 55.750 7.499
50.600 26.233 125.893
130.450 32.617 266.073
139.482 34.067 56.234
141.983 39.650 398.107
-157.800 21.433 501.187
7.421 43.729 266.073
-71.960 41.048 5.012
-121.888 36.605 446.684
22.133 -34.183 354.813
134.167 33.267 3.758
129.867 32.733 298.538
136.883 35.083 5.957
127.667 26.200 223.872
129.842 29.842 125.893
-1.634 47.194 79.433
-70.097 41.285 37.584
176.917 -39.483 630.957
14.269 40.841 354.813
166.905 -0.528 473.151
-159.350 21.967 334.965
129.495 28.382 211.349
-124.617 48.368 112.202
-72.087 41.355 3.350
-74.015 40.700 6.310
0.057 50.782 84.140
-5.542 50.102 281.838
-71.327 41.505 63.096
-122.910 49.200 14.125
130.992 30.735 223.872
-1.440 55.007 35.481
-60.250 46.217 177.828
166.437 -22.292 562.341
-175.167 -21.133 421.697
-140.082 -8.930 501.187
11.950 78.933 7.943
141.717 39.067 473.151
141.750 39.017 421.697
139.383 34.783 334.965
17.097 57.366 44.668
138.217 34.617 112.202
140.900 36.933 149.624
135.433 34.650 3.162
16.478 57.275 47.315
10.734 59.909 4.467
25.418 65.040 0.447
130.217 32.983 100.000
136.217 34.067 22.387
-170.683 -14.283 530.884
-81.167 -5.083 281.838
-149.567 -17.525 105.925
-123.451 48.654 177.828
100.347 5.422 501.187
-158.053 -8.977 141.254
-87.213 30.403 1.995
-75.142 39.933 21.135
22.690 63.709 0.531
158.243 6.987 446.684
-123.253 49.337 118.850
-25.672 37.735 446.684
-123.440 48.125 84.140
-59.133 47.567 266.073
-1.062 45.569 141.254
25.630 -33.960 421.697
118.575 -20.318 188.365
150.912 -34.473 530.884
57.495 -20.155 316.228
16.867 -29.250 595.662
-3.446 47.644 167.880
3.107 42.520 266.073
-127.489 50.722 37.584
-97.215 26.060 1.778
-70.247 43.657 177.828
141.600 -38.333 354.813
-5.120 54.843 21.135
-120.760 35.177 473.151
-1.112 50.803 133.352
-130.324 54.317 28.184
-71.401 41.807 7.499
-87.950 15.833 281.838
-15.417 28.133 473.151
-72.967 -41.483 44.668
-67.617 -54.933 7.943
-132.072 53.252 56.234
24.407 64.666 0.473
-159.775 -21.207 5.623
20.895 63.986 0.501
21.426 61.133 1.059
-75.573 39.558 266.073
-21.940 64.151 42.170
-134.953 -23.125 375.837
12.113 57.250 6.683
-97.047 28.022 3.350
63.418 -19.668 105.925
11.230 64.859 4.217
-3.966 48.718 56.234
150.790 -23.162 501.187
-17.750 28.683 530.884
-93.870 29.730 1.189
133.333 36.200 211.349
-2.246 47.140 42.170
-1.682 43.395 316.228
-2.028 48.641 237.137
-2.202 47.267 56.234
-66.063 45.251 223.872
145.742 15.227 3.162
133.250 35.550 19.953
17.950 -33.017 562.341
-95.203 16.160 501.187
-117.173 32.713 530.884
-80.108 -26.292 446.684
-122.465 37.807 237.137
-90.833 13.917 562.341
-66.117 18.460 334.965
-160.502 55.337 94.406
-74.009 40.467 5.957
-90.313 -0.755 446.684
-118.500 34.008 446.684
-122.339 47.603 167.880
104.115 1.932 199.526
-151.720 59.441 39.811
-149.427 60.120 63.096
-76.330 36.947 10.000
115.350 22.750 105.925
0.743 51.442 33.497
119.550 35.383 47.315
138.517 35.017 177.828
135.383 33.683 211.349
18.433 -34.183 562.341
14.358 55.557 105.925
-135.342 57.052 47.315
19.012 63.191 0.841
-135.327 59.450 23.714
12.829 55.417 15.849
11.218 58.354 11.220
-76.452 38.317 158.489
-124.043 44.625 70.795
17.531 62.363 0.668
147.933 -42.550 354.813
-78.918 33.655 298.538
-82.627 27.760 3.548
-52.717 47.567 398.107
11.832 58.093 10.000
-123.181 49.125 79.433
-2.117 49.183 298.538
18.082 59.325 9.441
-6.389 58.207 100.000
134.900 34.350 66.834
178.427 -18.132 446.684
39.600 -69.000 266.073
134.050 34.350 13.335
-81.282 -4.582 251.189
103.853 1.262 421.697
135.183 34.333 84.140
174.033 -39.050 167.880
-5.600 36.000 446.684
176.183 -37.650 501.187
117.883 4.233 707.946
-16.240 28.480 501.187
133.640 -32.150 94.406
104.140 2.807 298.538
136.850 34.467 37.584
-6.064 56.623 26.607
-125.913 49.154 42.170
139.767 35.650 11.885
132.967 32.783 3.548
5.913 43.117 177.828
146.833 -19.250 158.489
137.217 36.767 237.137
7.567 58.000 79.433
13.750 45.650 42.170
151.850 7.450 133.352
-78.730 1.817 473.151
22.101 60.428 4.732
138.883 35.017 266.073
-5.158 57.895 47.315
-166.537 53.880 334.965
133.950 34.483 12.589
135.900 33.567 18.836
132.550 33.233 94.406
21.571 63.081 0.596
-146.362 61.125 63.096
-0.330 39.460 188.365
-71.633 -33.033 473.151
-123.110 49.287 141.254
12.217 57.100 29.854
31.100 70.333 74.989
12.426 45.419 14.125
-123.370 48.422 125.893
12.579 56.142 9.441
18.284 57.639 42.170
135.150 34.217 89.125
166.617 19.283 25.119
141.683 45.400 188.365
14.500 -22.950 562.341
-77.022 38.873 2.371
174.783 -41.283 562.341
-2.448 50.608 266.073
-0.614 54.490 23.714
-3.086 58.441 118.850
-123.965 46.708 28.184
-73.782 40.793 2.661
-77.953 34.227 158.489
18.419 54.797 33.497
-62.700 45.683 29.854
-70.672 41.523 7.499
-3.568 54.651 21.135
128.102 -15.453 530.884
118.067 24.450 19.953
-139.733 59.548 42.170
138.128 9.508 59.566
-66.117 43.833 354.813
139.633 35.467 26.607
13.817 55.417 94.406
39.190 -6.155 630.957
111.833 21.583 94.406
