144.283 44.017 501.187
-2.075 57.143 595.662
131.417 31.583 211.349
-89.833 13.583 630.957
-99.912 16.840 446.684
-176.632 51.863 375.837
-122.298 37.772 707.946
-126.931 50.587 473.151
-5.433 36.117 375.837
-149.890 61.238 630.957
-76.482 38.983 211.349
-70.400 -23.650 595.662
-53.983 47.300 707.946
-13.530 28.972 595.662
-123.767 46.208 562.341
-74.418 39.355 562.341
-2.715 51.511 211.349
141.500 38.300 707.946
-79.573 8.962 562.341
-76.578 39.267 105.925
-90.285 -0.437 501.187
-125.136 48.836 530.884
2.163 41.342 251.189
-68.205 44.392 630.957
12.903 55.756 74.989
-1.515 43.527 595.662
109.083 21.483 354.813
-128.143 52.163 334.965
-64.700 32.400 530.884
-3.050 43.357 562.341
-6.340 36.800 562.341
141.917 -10.600 530.884
-71.052 42.355 530.884
1.578 50.727 501.187
-4.500 48.383 562.341
-73.182 41.173 66.834
153.167 -27.367 707.946
122.217 -18.000 630.957
-77.100 3.900 562.341
-58.500 -34.667 5.623
152.380 -24.767 630.957
145.915 -41.050 841.395
-109.908 22.880 668.344
-6.283 36.533 562.341
1.868 50.969 14.125
-77.150 -12.050 562.341
-76.068 38.573 501.187
-125.247 50.042 595.662
-47.925 -25.017 141.254
147.058 -19.277 530.884
18.433 -33.900 630.957
-74.960 38.968 707.946
113.652 -24.898 562.341
-75.533 10.383 501.187
-9.417 38.692 630.957
15.094 37.498 237.137
103.187 5.265 473.151
-5.317 35.900 473.151
91.050 22.217 59.566
-124.322 43.345 562.341
-79.925 32.782 595.662
-64.920 18.335 530.884
-63.117 46.233 354.813
-1.635 49.651 595.662
-76.113 36.967 298.538
142.200 27.100 316.228
140.867 35.750 354.813
-157.472 1.982 562.341
-94.200 58.783 6.310
96.883 -12.117 473.151
-1.890 47.277 630.957
-145.753 60.558 446.684
-97.217 27.580 3.162
91.833 21.450 66.834
-124.183 41.745 562.341
-79.915 9.355 446.684
1.302 52.934 375.837
8.717 53.867 10.593
130.850 -12.467 707.946
20.385 60.032 105.925
6.933 53.326 7.499
4.746 52.965 39.811
-4.185 50.368 668.344
1.085 49.929 595.662
-2.088 47.306 501.187
108.617 19.100 446.684
1.318 51.117 316.228
-75.740 36.183 473.151
2.367 51.048 188.365
31.050 -29.867 630.957
27.917 -33.017 595.662
-109.448 -27.150 354.813
-66.985 44.903 668.344
162.387 11.430 707.946
-116.633 31.850 630.957
8.433 55.467 15.849
-79.647 0.992 630.957
121.900 -33.867 473.151
-64.267 -65.250 0.100
1.348 51.957 141.254
-81.467 30.672 630.957
-4.983 52.014 630.957
18.211 60.409 33.497
151.233 -33.850 595.662
-80.902 32.033 630.957
-95.308 28.948 10.000
115.717 -32.050 421.697
-166.288 23.868 446.684
139.933 40.650 298.538
128.850 32.700 446.684
-123.451 48.769 501.187
179.195 -8.525 501.187
-16.907 32.640 562.341
21.231 64.916 7.079
-94.793 29.310 2.985
73.152 -0.687 595.662
11.933 54.567 47.315
102.107 6.227 446.684
-5.350 36.117 446.684
-3.018 53.450 375.837
11.791 57.685 100.000
-89.957 29.263 1.413
144.650 13.433 375.837
-110.900 27.933 316.228
141.533 40.533 630.957
110.283 20.017 11.885
140.717 41.783 749.894
-63.583 44.667 630.957
132.067 34.900 281.838
27.179 60.563 53.088
145.567 43.283 473.151
22.977 59.823 89.125
1.284 51.947 707.946
9.101 63.425 167.880
24.956 60.154 89.125
-2.920 54.032 94.406
115.738 -31.825 398.107
-155.067 19.733 562.341
-3.134 51.215 562.341
89.467 21.783 334.965
147.330 -42.887 473.151
4.120 51.977 37.584
-4.631 53.308 595.662
114.217 22.300 251.189
159.957 -9.425 375.837
25.973 70.980 375.837
-157.867 21.307 446.684
12.467 56.100 167.880
131.683 32.417 177.828
-124.217 40.767 630.957
-4.111 51.211 501.187
-43.165 -22.897 501.187
-0.186 53.631 125.893
124.167 24.333 375.837
-169.530 16.738 562.341
103.792 1.462 668.344
-78.833 -33.622 630.957
-134.412 58.298 199.526
130.567 31.583 281.838
-156.467 20.900 630.957
23.096 65.697 7.943
121.282 28.088 7.943
-171.718 -2.810 630.957
120.288 22.615 421.697
154.777 1.098 421.697
21.215 62.344 5.309
139.750 35.517 446.684
121.745 25.157 141.254
101.358 3.050 668.344
102.153 2.215 630.957
24.515 65.673 3.758
70.220 -49.345 1000.000
-131.625 55.333 530.884
-81.808 24.553 501.187
-5.050 58.457 84.140
12.894 55.522 251.189
23.033 -34.050 668.344
99.817 11.795 398.107
98.425 7.832 668.344
135.183 34.683 74.989
133.567 33.500 23.714
-152.512 57.732 530.884
134.583 34.017 316.228
116.067 5.983 473.151
103.430 3.975 501.187
130.200 32.600 473.151
103.443 1.325 707.946
15.589 56.105 177.828
11.127 58.997 100.000
135.767 33.483 421.697
144.367 42.983 707.946
167.733 8.733 707.946
-8.400 43.367 595.662
-117.257 32.867 595.662
-80.917 -2.200 630.957
-110.345 24.162 630.957
-1.221 46.158 100.000
-87.817 13.333 630.957
17.865 58.742 84.140
99.765 6.432 668.344
177.433 -17.600 630.957
-4.781 48.359 630.957
0.106 49.482 421.697
-1.765 47.205 17.783
123.750 13.150 595.662
-3.182 55.990 630.957
-1.140 60.155 501.187
-1.794 46.497 398.107
-75.120 38.782 177.828
119.417 34.750 237.137
-64.753 17.697 316.228
10.299 43.546 354.813
-3.825 53.332 398.107
-80.717 -6.933 595.662
159.067 -31.517 562.341
-118.272 33.720 595.662
-64.883 47.083 298.538
1.751 52.473 15.849
15.150 -26.650 562.341
100.613 4.240 595.662
121.617 32.133 22.387
5.113 61.934 398.107
-67.047 17.972 375.837
137.617 34.683 2.113
135.383 35.467 281.838
171.373 7.107 595.662
130.300 31.267 158.489
-4.417 36.717 473.151
134.463 7.330 501.187
73.527 4.190 707.946
-7.333 55.367 501.187
120.967 14.583 398.107
21.463 61.594 22.387
174.500 -35.833 473.151
16.837 58.554 105.925
173.200 52.833 421.697
-72.117 -17.000 595.662
132.717 33.867 473.151
-81.432 30.395 530.884
-106.422 23.198 530.884
139.817 34.917 473.151
15.563 38.196 281.838
-177.367 28.217 334.965
-5.014 51.702 630.957
-4.906 55.750 59.566
50.600 26.233 794.328
130.450 32.617 501.187
139.482 34.067 266.073
141.983 39.650 707.946
-157.800 21.433 530.884
7.421 43.729 298.538
-71.960 41.048 33.497
-121.888 36.605 595.662
22.133 -34.183 749.894
134.167 33.267 25.119
129.867 32.733 398.107
136.883 35.083 66.834
127.667 26.200 446.684
129.842 29.842 334.965
-1.634 47.194 446.684
-70.097 41.285 398.107
176.917 -39.483 707.946
14.269 40.841 398.107
166.905 -0.528 707.946
-159.350 21.967 501.187
129.495 28.382 421.697
-124.617 48.368 501.187
-72.087 41.355 13.335
-74.015 40.700 50.119
0.057 50.782 595.662
-5.542 50.102 668.344
-71.327 41.505 530.884
-122.910 49.200 211.349
130.992 30.735 398.107
-1.440 55.007 398.107
-60.250 46.217 562.341
166.437 -22.292 530.884
-175.167 -21.133 562.341
-140.082 -8.930 630.957
11.950 78.933 167.880
141.717 39.067 749.894
141.750 39.017 630.957
139.383 34.783 562.341
17.097 57.366 125.893
138.217 34.617 421.697
140.900 36.933 668.344
135.433 34.650 14.125
16.478 57.275 141.254
10.734 59.909 39.811
25.418 65.040 8.414
130.217 32.983 398.107
136.217 34.067 316.228
-170.683 -14.283 530.884
-81.167 -5.083 562.341
-149.567 -17.525 334.965
-123.451 48.654 562.341
100.347 5.422 707.946
-158.053 -8.977 281.838
-87.213 30.403 4.467
-75.142 39.933 354.813
22.690 63.709 22.387
158.243 6.987 562.341
-123.253 49.337 595.662
-25.672 37.735 562.341
-123.440 48.125 421.697
-59.133 47.567 630.957
-1.062 45.569 562.341
25.630 -33.960 668.344
118.575 -20.318 630.957
150.912 -34.473 562.341
57.495 -20.155 298.538
16.867 -29.250 630.957
-3.446 47.644 530.884
3.107 42.520 281.838
-127.489 50.722 562.341
-97.215 26.060 3.981
-70.247 43.657 630.957
141.600 -38.333 473.151
-5.120 54.843 223.872
-120.760 35.177 595.662
-1.112 50.803 707.946
-130.324 54.317 354.813
-71.401 41.807 84.140
-87.950 15.833 266.073
-15.417 28.133 562.341
-72.967 -41.483 149.624
-67.617 -54.933 8.414
-132.072 53.252 530.884
24.407 64.666 11.220
-159.775 -21.207 158.489
20.895 63.986 9.441
21.426 61.133 33.497
-75.573 39.558 630.957
-21.940 64.151 446.684
-134.953 -23.125 446.684
12.113 57.250 63.096
-97.047 28.022 28.184
63.418 -19.668 446.684
11.230 64.859 50.119
-3.966 48.718 375.837
150.790 -23.162 630.957
-17.750 28.683 595.662
-93.870 29.730 1.496
133.333 36.200 266.073
-2.246 47.140 398.107
-1.682 43.395 501.187
-2.028 48.641 562.341
-2.202 47.267 421.697
-66.063 45.251 630.957
145.742 15.227 39.811
133.250 35.550 237.137
17.950 -33.017 630.957
-95.203 16.160 630.957
-117.173 32.713 630.957
-80.108 -26.292 530.884
-122.465 37.807 668.344
-90.833 13.917 595.662
-66.117 18.460 530.884
-160.502 55.337 501.187
-74.009 40.467 42.170
-90.313 -0.755 501.187
-118.500 34.008 630.957
-122.339 47.603 630.957
104.115 1.932 446.684
-151.720 59.441 334.965
-149.427 60.120 501.187
-76.330 36.947 94.406
115.350 22.750 630.957
0.743 51.442 316.228
119.550 35.383 354.813
138.517 35.017 446.684
135.383 33.683 375.837
18.433 -34.183 668.344
14.358 55.557 177.828
-135.342 57.052 562.341
19.012 63.191 2.113
-135.327 59.450 281.838
12.829 55.417 125.893
11.218 58.354 158.489
-76.452 38.317 354.813
-124.043 44.625 595.662
17.531 62.363 10.593
147.933 -42.550 562.341
-78.918 33.655 749.894
-82.627 27.760 21.135
-52.717 47.567 707.946
11.832 58.093 118.850
-123.181 49.125 595.662
-2.117 49.183 595.662
18.082 59.325 84.140
-6.389 58.207 501.187
134.900 34.350 375.837
178.427 -18.132 668.344
39.600 -69.000 446.684
134.050 34.350 316.228
-81.282 -4.582 562.341
103.853 1.262 668.344
135.183 34.333 375.837
174.033 -39.050 595.662
-5.600 36.000 473.151
176.183 -37.650 595.662
117.883 4.233 749.894
-16.240 28.480 530.884
133.640 -32.150 630.957
104.140 2.807 473.151
136.850 34.467 375.837
-6.064 56.623 266.073
-125.913 49.154 530.884
139.767 35.650 211.349
132.967 32.783 18.836
5.913 43.117 266.073
146.833 -19.250 595.662
137.217 36.767 281.838
7.567 58.000 298.538
13.750 45.650 473.151
151.850 7.450 501.187
-78.730 1.817 630.957
22.101 60.428 100.000
138.883 35.017 446.684
-5.158 57.895 398.107
-166.537 53.880 421.697
133.950 34.483 281.838
135.900 33.567 298.538
132.550 33.233 398.107
21.571 63.081 7.079
-146.362 61.125 501.187
-0.330 39.460 211.349
-71.633 -33.033 630.957
-123.110 49.287 630.957
12.217 57.100 177.828
31.100 70.333 446.684
12.426 45.419 251.189
-123.370 48.422 375.837
12.579 56.142 70.795
18.284 57.639 74.989
135.150 34.217 375.837
166.617 19.283 298.538
141.683 45.400 398.107
14.500 -22.950 530.884
-77.022 38.873 5.957
174.783 -41.283 668.344
-2.448 50.608 595.662
-0.614 54.490 266.073
-3.086 58.441 562.341
-123.965 46.708 251.189
-73.782 40.793 7.079
-77.953 34.227 562.341
18.419 54.797 177.828
-62.700 45.683 266.073
-70.672 41.523 84.140
-3.568 54.651 158.489
128.102 -15.453 595.662
118.067 24.450 188.365
-139.733 59.548 446.684
138.128 9.508 398.107
-66.117 43.833 707.946
139.633 35.467 354.813
13.817 55.417 188.365
39.190 -6.155 707.946
111.833 21.583 595.662
