144.283 44.017 398.107
-2.075 57.143 421.697
131.417 31.583 89.125
-89.833 13.583 630.957
-99.912 16.840 562.341
-176.632 51.863 354.813
-122.298 37.772 595.662
-126.931 50.587 167.880
-5.433 36.117 89.125
-149.890 61.238 334.965
-76.482 38.983 84.140
-70.400 -23.650 595.662
-53.983 47.300 630.957
-13.530 28.972 595.662
-123.767 46.208 354.813
-74.418 39.355 375.837
-2.715 51.511 118.850
141.500 38.300 707.946
-79.573 8.962 530.884
-76.578 39.267 29.854
-90.285 -0.437 473.151
-125.136 48.836 298.538
2.163 41.342 251.189
-68.205 44.392 501.187
12.903 55.756 29.854
-1.515 43.527 530.884
109.083 21.483 167.880
-128.143 52.163 94.406
-64.700 32.400 473.151
-3.050 43.357 562.341
-6.340 36.800 421.697
141.917 -10.600 473.151
-71.052 42.355 316.228
1.578 50.727 354.813
-4.500 48.383 375.837
-73.182 41.173 22.387
153.167 -27.367 668.344
122.217 -18.000 473.151
-77.100 3.900 562.341
-58.500 -34.667 3.981
152.380 -24.767 630.957
145.915 -41.050 794.328
-109.908 22.880 668.344
-6.283 36.533 562.341
1.868 50.969 7.499
-77.150 -12.050 530.884
-76.068 38.573 421.697
-125.247 50.042 316.228
-47.925 -25.017 53.088
147.058 -19.277 334.965
18.433 -33.900 630.957
-74.960 38.968 501.187
113.652 -24.898 501.187
-75.533 10.383 398.107
-9.417 38.692 530.884
15.094 37.498 141.254
103.187 5.265 421.697
-5.317 35.900 473.151
91.050 22.217 28.184
-124.322 43.345 473.151
-79.925 32.782 473.151
-64.920 18.335 530.884
-63.117 46.233 177.828
-1.635 49.651 562.341
-76.113 36.967 133.352
142.200 27.100 223.872
140.867 35.750 188.365
-157.472 1.982 501.187
-94.200 58.783 2.239
96.883 -12.117 446.684
-1.890 47.277 530.884
-145.753 60.558 188.365
-97.217 27.580 2.239
91.833 21.450 25.119
-124.183 41.745 421.697
-79.915 9.355 158.489
1.302 52.934 158.489
8.717 53.867 6.683
130.850 -12.467 630.957
20.385 60.032 63.096
6.933 53.326 5.012
4.746 52.965 21.135
-4.185 50.368 595.662
1.085 49.929 595.662
-2.088 47.306 237.137
108.617 19.100 421.697
1.318 51.117 125.893
-75.740 36.183 354.813
2.367 51.048 70.795
31.050 -29.867 595.662
27.917 -33.017 595.662
-109.448 -27.150 133.352
-66.985 44.903 530.884
162.387 11.430 707.946
-116.633 31.850 630.957
8.433 55.467 10.000
-79.647 0.992 595.662
121.900 -33.867 398.107
-64.267 -65.250 0.211
1.348 51.957 53.088
-81.467 30.672 530.884
-4.983 52.014 530.884
18.211 60.409 10.000
151.233 -33.850 562.341
-80.902 32.033 595.662
-95.308 28.948 5.012
115.717 -32.050 354.813
-166.288 23.868 421.697
139.933 40.650 298.538
128.850 32.700 398.107
-123.451 48.769 398.107
179.195 -8.525 501.187
-16.907 32.640 530.884
21.231 64.916 2.113
-94.793 29.310 2.239
73.152 -0.687 530.884
11.933 54.567 21.135
102.107 6.227 398.107
-5.350 36.117 446.684
-3.018 53.450 188.365
11.791 57.685 37.584
-89.957 29.263 1.259
144.650 13.433 446.684
-110.900 27.933 334.965
141.533 40.533 530.884
110.283 20.017 5.957
140.717 41.783 707.946
-63.583 44.667 501.187
132.067 34.900 118.850
27.179 60.563 23.714
145.567 43.283 375.837
22.977 59.823 47.315
1.284 51.947 421.697
9.101 63.425 47.315
24.956 60.154 39.811
-2.920 54.032 42.170
115.738 -31.825 334.965
-155.067 19.733 562.341
-3.134 51.215 398.107
89.467 21.783 141.254
147.330 -42.887 375.837
4.120 51.977 18.836
-4.631 53.308 375.837
114.217 22.300 79.433
159.957 -9.425 421.697
25.973 70.980 199.526
-157.867 21.307 473.151
12.467 56.100 89.125
131.683 32.417 66.834
-124.217 40.767 530.884
-4.111 51.211 316.228
-43.165 -22.897 354.813
-0.186 53.631 56.234
124.167 24.333 223.872
-169.530 16.738 421.697
103.792 1.462 668.344
-78.833 -33.622 668.344
-134.412 58.298 66.834
130.567 31.583 133.352
-156.467 20.900 562.341
23.096 65.697 2.512
121.282 28.088 5.012
-171.718 -2.810 595.662
120.288 22.615 398.107
154.777 1.098 473.151
21.215 62.344 2.113
139.750 35.517 421.697
121.745 25.157 37.584
101.358 3.050 595.662
102.153 2.215 630.957
24.515 65.673 1.679
70.220 -49.345 1000.000
-131.625 55.333 237.137
-81.808 24.553 473.151
-5.050 58.457 29.854
12.894 55.522 158.489
23.033 -34.050 398.107
99.817 11.795 375.837
98.425 7.832 707.946
135.183 34.683 22.387
133.567 33.500 10.593
-152.512 57.732 298.538
134.583 34.017 167.880
116.067 5.983 375.837
103.430 3.975 446.684
130.200 32.600 421.697
103.443 1.325 707.946
15.589 56.105 149.624
11.127 58.997 35.481
135.767 33.483 354.813
144.367 42.983 473.151
167.733 8.733 668.344
-8.400 43.367 530.884
-117.257 32.867 595.662
-80.917 -2.200 562.341
-110.345 24.162 630.957
-1.221 46.158 37.584
-87.817 13.333 630.957
17.865 58.742 63.096
99.765 6.432 707.946
177.433 -17.600 595.662
-4.781 48.359 562.341
0.106 49.482 223.872
-1.765 47.205 8.913
123.750 13.150 630.957
-3.182 55.990 398.107
-1.140 60.155 421.697
-1.794 46.497 158.489
-75.120 38.782 53.088
119.417 34.750 100.000
-64.753 17.697 251.189
10.299 43.546 354.813
-3.825 53.332 199.526
-80.717 -6.933 446.684
159.067 -31.517 473.151
-118.272 33.720 595.662
-64.883 47.083 199.526
1.751 52.473 8.913
15.150 -26.650 562.341
100.613 4.240 595.662
121.617 32.133 11.885
5.113 61.934 251.189
-67.047 17.972 354.813
137.617 34.683 1.778
135.383 35.467 237.137
171.373 7.107 595.662
130.300 31.267 47.315
-4.417 36.717 473.151
134.463 7.330 501.187
73.527 4.190 749.894
-7.333 55.367 266.073
120.967 14.583 398.107
21.463 61.594 5.957
174.500 -35.833 398.107
16.837 58.554 84.140
173.200 52.833 421.697
-72.117 -17.000 595.662
132.717 33.867 354.813
-81.432 30.395 562.341
-106.422 23.198 530.884
139.817 34.917 354.813
15.563 38.196 266.073
-177.367 28.217 281.838
-5.014 51.702 446.684
-4.906 55.750 23.714
50.600 26.233 595.662
130.450 32.617 421.697
139.482 34.067 211.349
141.983 39.650 595.662
-157.800 21.433 473.151
7.421 43.729 266.073
-71.960 41.048 12.589
-121.888 36.605 562.341
22.133 -34.183 668.344
134.167 33.267 10.000
129.867 32.733 354.813
136.883 35.083 22.387
127.667 26.200 354.813
129.842 29.842 266.073
-1.634 47.194 298.538
-70.097 41.285 211.349
176.917 -39.483 749.894
14.269 40.841 375.837
166.905 -0.528 749.894
-159.350 21.967 473.151
129.495 28.382 316.228
-124.617 48.368 375.837
-72.087 41.355 6.683
-74.015 40.700 18.836
0.057 50.782 334.965
-5.542 50.102 595.662
-71.327 41.505 316.228
-122.910 49.200 70.795
130.992 30.735 316.228
-1.440 55.007 158.489
-60.250 46.217 421.697
166.437 -22.292 595.662
-175.167 -21.133 595.662
-140.082 -8.930 630.957
11.950 78.933 56.234
141.717 39.067 668.344
141.750 39.017 630.957
139.383 34.783 473.151
17.097 57.366 100.000
138.217 34.617 334.965
140.900 36.933 501.187
135.433 34.650 7.079
16.478 57.275 112.202
10.734 59.909 15.849
25.418 65.040 2.661
130.217 32.983 316.228
136.217 34.067 167.880
-170.683 -14.283 595.662
-81.167 -5.083 473.151
-149.567 -17.525 251.189
-123.451 48.654 473.151
100.347 5.422 668.344
-158.053 -8.977 266.073
-87.213 30.403 2.985
-75.142 39.933 112.202
22.690 63.709 5.623
158.243 6.987 595.662
-123.253 49.337 446.684
-25.672 37.735 595.662
-123.440 48.125 316.228
-59.133 47.567 501.187
-1.062 45.569 446.684
25.630 -33.960 595.662
118.575 -20.318 501.187
150.912 -34.473 562.341
57.495 -20.155 334.965
16.867 -29.250 630.957
-3.446 47.644 473.151
3.107 42.520 266.073
-127.489 50.722 188.365
-97.215 26.060 2.512
-70.247 43.657 473.151
141.600 -38.333 446.684
-5.120 54.843 84.140
-120.760 35.177 630.957
-1.112 50.803 530.884
-130.324 54.317 125.893
-71.401 41.807 26.607
-87.950 15.833 266.073
-15.417 28.133 530.884
-72.967 -41.483 94.406
-67.617 -54.933 10.000
-132.072 53.252 237.137
24.407 64.666 2.985
-159.775 -21.207 26.607
20.895 63.986 2.661
21.426 61.133 7.943
-75.573 39.558 562.341
-21.940 64.151 211.349
-134.953 -23.125 473.151
12.113 57.250 25.119
-97.047 28.022 8.414
63.418 -19.668 298.538
11.230 64.859 17.783
-3.966 48.718 177.828
150.790 -23.162 630.957
-17.750 28.683 530.884
-93.870 29.730 1.334
133.333 36.200 334.965
-2.246 47.140 158.489
-1.682 43.395 530.884
-2.028 48.641 421.697
-2.202 47.267 188.365
-66.063 45.251 530.884
145.742 15.227 8.913
133.250 35.550 158.489
17.950 -33.017 630.957
-95.203 16.160 630.957
-117.173 32.713 630.957
-80.108 -26.292 595.662
-122.465 37.807 530.884
-90.833 13.917 595.662
-66.117 18.460 501.187
-160.502 55.337 354.813
-74.009 40.467 15.849
-90.313 -0.755 473.151
-118.500 34.008 630.957
-122.339 47.603 530.884
104.115 1.932 398.107
-151.720 59.441 141.254
-149.427 60.120 251.189
-76.330 36.947 31.623
115.350 22.750 446.684
0.743 51.442 125.893
119.550 35.383 177.828
138.517 35.017 354.813
135.383 33.683 354.813
18.433 -34.183 630.957
14.358 55.557 167.880
-135.342 57.052 211.349
19.012 63.191 1.334
-135.327 59.450 105.925
12.829 55.417 56.234
11.218 58.354 63.096
-76.452 38.317 281.838
-124.043 44.625 354.813
17.531 62.363 2.985
147.933 -42.550 421.697
-78.918 33.655 595.662
-82.627 27.760 8.414
-52.717 47.567 501.187
11.832 58.093 44.668
-123.181 49.125 354.813
-2.117 49.183 530.884
18.082 59.325 50.119
-6.389 58.207 334.965
134.900 34.350 281.838
178.427 -18.132 668.344
39.600 -69.000 398.107
134.050 34.350 79.433
-81.282 -4.582 473.151
103.853 1.262 501.187
135.183 34.333 298.538
174.033 -39.050 501.187
-5.600 36.000 501.187
176.183 -37.650 630.957
117.883 4.233 794.328
-16.240 28.480 562.341
133.640 -32.150 334.965
104.140 2.807 446.684
136.850 34.467 251.189
-6.064 56.623 105.925
-125.913 49.154 211.349
139.767 35.650 63.096
132.967 32.783 8.414
5.913 43.117 266.073
146.833 -19.250 473.151
137.217 36.767 298.538
7.567 58.000 223.872
13.750 45.650 211.349
151.850 7.450 446.684
-78.730 1.817 595.662
22.101 60.428 33.497
138.883 35.017 398.107
-5.158 57.895 188.365
-166.537 53.880 398.107
133.950 34.483 66.834
135.900 33.567 141.254
132.550 33.233 298.538
21.571 63.081 2.371
-146.362 61.125 237.137
-0.330 39.460 188.365
-71.633 -33.033 595.662
-123.110 49.287 473.151
12.217 57.100 112.202
31.100 70.333 316.228
12.426 45.419 74.989
-123.370 48.422 334.965
12.579 56.142 31.623
18.284 57.639 66.834
135.150 34.217 298.538
166.617 19.283 177.828
141.683 45.400 281.838
14.500 -22.950 562.341
-77.022 38.873 3.758
174.783 -41.283 668.344
-2.448 50.608 562.341
-0.614 54.490 94.406
-3.086 58.441 398.107
-123.965 46.708 100.000
-73.782 40.793 4.467
-77.953 34.227 446.684
18.419 54.797 118.850
-62.700 45.683 118.850
-70.672 41.523 25.119
-3.568 54.651 70.795
128.102 -15.453 668.344
118.067 24.450 74.989
-139.733 59.548 188.365
138.128 9.508 281.838
-66.117 43.833 630.957
139.633 35.467 177.828
13.817 55.417 167.880
39.190 -6.155 707.946
111.833 21.583 375.837
