144.283 44.017 26.607
-2.075 57.143 53.088
131.417 31.583 6.683
-89.833 13.583 354.813
-99.912 16.840 149.624
-176.632 51.863 118.850
-122.298 37.772 56.234
-126.931 50.587 9.441
-5.433 36.117 3.981
-149.890 61.238 35.481
-76.482 38.983 7.079
-70.400 -23.650 316.228
-53.983 47.300 70.795
-13.530 28.972 375.837
-123.767 46.208 25.119
-74.418 39.355 33.497
-2.715 51.511 22.387
141.500 38.300 84.140
-79.573 8.962 141.254
-76.578 39.267 4.467
-90.285 -0.437 118.850
-125.136 48.836 19.953
2.163 41.342 211.349
-68.205 44.392 63.096
12.903 55.756 4.467
-1.515 43.527 74.989
109.083 21.483 16.788
-128.143 52.163 4.732
-64.700 32.400 237.137
-3.050 43.357 199.526
-6.340 36.800 31.623
141.917 -10.600 63.096
-71.052 42.355 26.607
1.578 50.727 47.315
-4.500 48.383 63.096
-73.182 41.173 4.467
153.167 -27.367 473.151
122.217 -18.000 112.202
-77.100 3.900 118.850
-58.500 -34.667 2.113
152.380 -24.767 398.107
145.915 -41.050 266.073
-109.908 22.880 501.187
-6.283 36.533 118.850
1.868 50.969 2.512
-77.150 -12.050 281.838
-76.068 38.573 53.088
-125.247 50.042 17.783
-47.925 -25.017 6.683
147.058 -19.277 23.714
18.433 -33.900 298.538
-74.960 38.968 29.854
113.652 -24.898 89.125
-75.533 10.383 421.697
-9.417 38.692 79.433
15.094 37.498 4.732
103.187 5.265 79.433
-5.317 35.900 251.189
91.050 22.217 5.309
-124.322 43.345 50.119
-79.925 32.782 35.481
-64.920 18.335 74.989
-63.117 46.233 11.885
-1.635 49.651 118.850
-76.113 36.967 13.335
142.200 27.100 59.566
140.867 35.750 8.913
-157.472 1.982 237.137
-94.200 58.783 0.178
96.883 -12.117 316.228
-1.890 47.277 74.989
-145.753 60.558 14.125
-97.217 27.580 1.334
91.833 21.450 3.981
-124.183 41.745 29.854
-79.915 9.355 188.365
1.302 52.934 17.783
8.717 53.867 2.512
130.850 -12.467 199.526
20.385 60.032 0.631
6.933 53.326 2.371
4.746 52.965 4.467
-4.185 50.368 100.000
1.085 49.929 223.872
-2.088 47.306 25.119
108.617 19.100 188.365
1.318 51.117 14.962
-75.740 36.183 33.497
2.367 51.048 8.414
31.050 -29.867 105.925
27.917 -33.017 211.349
-109.448 -27.150 8.913
-66.985 44.903 79.433
162.387 11.430 473.151
-116.633 31.850 473.151
8.433 55.467 3.162
-79.647 0.992 118.850
121.900 -33.867 35.481
-64.267 -65.250 2.818
1.348 51.957 7.079
-81.467 30.672 94.406
-4.983 52.014 79.433
18.211 60.409 0.596
151.233 -33.850 266.073
-80.902 32.033 141.254
-95.308 28.948 1.995
115.717 -32.050 53.088
-166.288 23.868 266.073
139.933 40.650 188.365
128.850 32.700 251.189
-123.451 48.769 35.481
179.195 -8.525 316.228
-16.907 32.640 421.697
21.231 64.916 0.178
-94.793 29.310 1.413
73.152 -0.687 473.151
11.933 54.567 4.217
102.107 6.227 39.811
-5.350 36.117 421.697
-3.018 53.450 21.135
11.791 57.685 3.548
-89.957 29.263 1.059
144.650 13.433 199.526
-110.900 27.933 188.365
141.533 40.533 211.349
110.283 20.017 2.239
140.717 41.783 237.137
-63.583 44.667 53.088
132.067 34.900 4.467
27.179 60.563 2.512
145.567 43.283 44.668
22.977 59.823 2.512
1.284 51.947 44.668
9.101 63.425 2.512
24.956 60.154 2.985
-2.920 54.032 5.957
115.738 -31.825 37.584
-155.067 19.733 237.137
-3.134 51.215 105.925
89.467 21.783 12.589
147.330 -42.887 26.607
4.120 51.977 3.981
-4.631 53.308 47.315
114.217 22.300 7.499
159.957 -9.425 266.073
25.973 70.980 9.441
-157.867 21.307 354.813
12.467 56.100 11.220
131.683 32.417 5.623
-124.217 40.767 56.234
-4.111 51.211 59.566
-43.165 -22.897 22.387
-0.186 53.631 8.913
124.167 24.333 16.788
-169.530 16.738 47.315
103.792 1.462 158.489
-78.833 -33.622 501.187
-134.412 58.298 5.957
130.567 31.583 9.441
-156.467 20.900 375.837
23.096 65.697 0.158
121.282 28.088 2.113
-171.718 -2.810 316.228
120.288 22.615 125.893
154.777 1.098 298.538
21.215 62.344 0.422
139.750 35.517 100.000
121.745 25.157 3.981
101.358 3.050 133.352
102.153 2.215 281.838
24.515 65.673 0.335
70.220 -49.345 749.894
-131.625 55.333 19.953
-81.808 24.553 251.189
-5.050 58.457 4.217
12.894 55.522 22.387
23.033 -34.050 21.135
99.817 11.795 112.202
98.425 7.832 421.697
135.183 34.683 3.350
133.567 33.500 2.512
-152.512 57.732 21.135
134.583 34.017 10.000
116.067 5.983 79.433
103.430 3.975 89.125
130.200 32.600 125.893
103.443 1.325 375.837
15.589 56.105 26.607
11.127 58.997 2.661
135.767 33.483 47.315
144.367 42.983 16.788
167.733 8.733 473.151
-8.400 43.367 125.893
-117.257 32.867 354.813
-80.917 -2.200 237.137
-110.345 24.162 334.965
-1.221 46.158 5.623
-87.817 13.333 446.684
17.865 58.742 3.981
99.765 6.432 316.228
177.433 -17.600 237.137
-4.781 48.359 141.254
0.106 49.482 19.953
-1.765 47.205 2.661
123.750 13.150 298.538
-3.182 55.990 35.481
-1.140 60.155 53.088
-1.794 46.497 15.849
-75.120 38.782 6.310
119.417 34.750 12.589
-64.753 17.697 7.079
10.299 43.546 223.872
-3.825 53.332 21.135
-80.717 -6.933 47.315
159.067 -31.517 112.202
-118.272 33.720 281.838
-64.883 47.083 37.584
1.751 52.473 2.818
15.150 -26.650 473.151
100.613 4.240 223.872
121.617 32.133 3.350
5.113 61.934 13.335
-67.047 17.972 167.880
137.617 34.683 1.259
135.383 35.467 125.893
171.373 7.107 398.107
130.300 31.267 4.732
-4.417 36.717 334.965
134.463 7.330 316.228
73.527 4.190 501.187
-7.333 55.367 22.387
120.967 14.583 158.489
21.463 61.594 0.398
174.500 -35.833 39.811
16.837 58.554 8.913
173.200 52.833 298.538
-72.117 -17.000 375.837
132.717 33.867 31.623
-81.432 30.395 211.349
-106.422 23.198 316.228
139.817 34.917 29.854
15.563 38.196 251.189
-177.367 28.217 29.854
-5.014 51.702 70.795
-4.906 55.750 3.758
50.600 26.233 26.607
130.450 32.617 100.000
139.482 34.067 18.836
141.983 39.650 237.137
-157.800 21.433 375.837
7.421 43.729 211.349
-71.960 41.048 3.162
-121.888 36.605 223.872
22.133 -34.183 133.352
134.167 33.267 2.371
129.867 32.733 167.880
136.883 35.083 3.350
127.667 26.200 89.125
129.842 29.842 39.811
-1.634 47.194 29.854
-70.097 41.285 12.589
176.917 -39.483 562.341
14.269 40.841 316.228
166.905 -0.528 188.365
-159.350 21.967 211.349
129.495 28.382 84.140
-124.617 48.368 37.584
-72.087 41.355 2.371
-74.015 40.700 3.981
0.057 50.782 28.184
-5.542 50.102 112.202
-71.327 41.505 19.953
-122.910 49.200 5.309
130.992 30.735 105.925
-1.440 55.007 13.335
-60.250 46.217 70.795
166.437 -22.292 398.107
-175.167 -21.133 354.813
-140.082 -8.930 375.837
11.950 78.933 1.496
141.717 39.067 158.489
141.750 39.017 133.352
139.383 34.783 158.489
17.097 57.366 13.335
138.217 34.617 29.854
140.900 36.933 26.607
135.433 34.650 2.113
16.478 57.275 14.125
10.734 59.909 1.995
25.418 65.040 0.141
130.217 32.983 35.481
136.217 34.067 7.943
-170.683 -14.283 398.107
-81.167 -5.083 89.125
-149.567 -17.525 18.836
-123.451 48.654 53.088
100.347 5.422 223.872
-158.053 -8.977 39.811
-87.213 30.403 1.585
-75.142 39.933 10.000
22.690 63.709 0.100
158.243 6.987 334.965
-123.253 49.337 39.811
-25.672 37.735 298.538
-123.440 48.125 25.119
-59.133 47.567 112.202
-1.062 45.569 50.119
25.630 -33.960 158.489
118.575 -20.318 70.795
150.912 -34.473 354.813
57.495 -20.155 237.137
16.867 -29.250 421.697
-3.446 47.644 63.096
3.107 42.520 223.872
-127.489 50.722 8.913
-97.215 26.060 1.413
-70.247 43.657 70.795
141.600 -38.333 149.624
-5.120 54.843 8.414
-120.760 35.177 223.872
-1.112 50.803 37.584
-130.324 54.317 6.310
-71.401 41.807 4.217
-87.950 15.833 281.838
-15.417 28.133 251.189
-72.967 -41.483 26.607
-67.617 -54.933 7.499
-132.072 53.252 17.783
24.407 64.666 0.141
-159.775 -21.207 2.985
20.895 63.986 0.188
21.426 61.133 0.316
-75.573 39.558 94.406
-21.940 64.151 9.441
-134.953 -23.125 316.228
12.113 57.250 2.985
-97.047 28.022 2.239
63.418 -19.668 19.953
11.230 64.859 1.884
-3.966 48.718 23.714
150.790 -23.162 281.838
-17.750 28.683 398.107
-93.870 29.730 1.122
133.333 36.200 167.880
-2.246 47.140 16.788
-1.682 43.395 118.850
-2.028 48.641 133.352
-2.202 47.267 21.135
-66.063 45.251 94.406
145.742 15.227 2.113
133.250 35.550 5.309
17.950 -33.017 473.151
-95.203 16.160 237.137
-117.173 32.713 334.965
-80.108 -26.292 375.837
-122.465 37.807 53.088
-90.833 13.917 398.107
-66.117 18.460 158.489
-160.502 55.337 31.623
-74.009 40.467 3.758
-90.313 -0.755 354.813
-118.500 34.008 149.624
-122.339 47.603 50.119
104.115 1.932 56.234
-151.720 59.441 14.125
-149.427 60.120 21.135
-76.330 36.947 5.623
115.350 22.750 33.497
0.743 51.442 14.125
119.550 35.383 21.135
138.517 35.017 50.119
135.383 33.683 63.096
18.433 -34.183 421.697
14.358 55.557 50.119
-135.342 57.052 14.962
19.012 63.191 0.631
-135.327 59.450 8.414
12.829 55.417 6.683
11.218 58.354 3.350
-76.452 38.317 56.234
-124.043 44.625 22.387
17.531 62.363 0.266
147.933 -42.550 158.489
-78.918 33.655 89.125
-82.627 27.760 2.371
-52.717 47.567 188.365
11.832 58.093 3.981
-123.181 49.125 25.119
-2.117 49.183 177.828
18.082 59.325 1.679
-6.389 58.207 37.584
134.900 34.350 19.953
178.427 -18.132 334.965
39.600 -69.000 199.526
134.050 34.350 5.623
-81.282 -4.582 74.989
103.853 1.262 118.850
135.183 34.333 25.119
174.033 -39.050 44.668
-5.600 36.000 158.489
176.183 -37.650 334.965
117.883 4.233 595.662
-16.240 28.480 473.151
133.640 -32.150 33.497
104.140 2.807 112.202
136.850 34.467 11.885
-6.064 56.623 10.000
-125.913 49.154 12.589
139.767 35.650 5.623
132.967 32.783 2.371
5.913 43.117 39.811
146.833 -19.250 50.119
137.217 36.767 177.828
7.567 58.000 21.135
13.750 45.650 14.125
151.850 7.450 188.365
-78.730 1.817 177.828
22.101 60.428 1.000
138.883 35.017 112.202
-5.158 57.895 16.788
-166.537 53.880 211.349
133.950 34.483 5.012
135.900 33.567 6.683
132.550 33.233 31.623
21.571 63.081 0.282
-146.362 61.125 19.953
-0.330 39.460 125.893
-71.633 -33.033 298.538
-123.110 49.287 44.668
12.217 57.100 9.441
31.100 70.333 19.953
12.426 45.419 5.623
-123.370 48.422 37.584
12.579 56.142 4.467
18.284 57.639 21.135
135.150 34.217 26.607
166.617 19.283 6.683
141.683 45.400 74.989
14.500 -22.950 501.187
-77.022 38.873 1.884
174.783 -41.283 398.107
-2.448 50.608 89.125
-0.614 54.490 10.000
-3.086 58.441 42.170
-123.965 46.708 11.220
-73.782 40.793 2.113
-77.953 34.227 35.481
18.419 54.797 11.885
-62.700 45.683 12.589
-70.672 41.523 3.981
-3.568 54.651 8.913
128.102 -15.453 237.137
118.067 24.450 8.913
-139.733 59.548 13.335
138.128 9.508 11.220
-66.117 43.833 141.254
139.633 35.467 10.000
13.817 55.417 37.584
39.190 -6.155 398.107
111.833 21.583 31.623
