144.283 44.017 211.349
-2.075 57.143 211.349
131.417 31.583 23.714
-89.833 13.583 562.341
-99.912 16.840 199.526
-176.632 51.863 298.538
-122.298 37.772 421.697
-126.931 50.587 63.096
-5.433 36.117 16.788
-149.890 61.238 149.624
-76.482 38.983 23.714
-70.400 -23.650 501.187
-53.983 47.300 354.813
-13.530 28.972 562.341
-123.767 46.208 133.352
-74.418 39.355 141.254
-2.715 51.511 63.096
141.500 38.300 501.187
-79.573 8.962 421.697
-76.578 39.267 10.593
-90.285 -0.437 375.837
-125.136 48.836 105.925
2.163 41.342 237.137
-68.205 44.392 266.073
12.903 55.756 13.335
-1.515 43.527 334.965
109.083 21.483 63.096
-128.143 52.163 31.623
-64.700 32.400 354.813
-3.050 43.357 501.187
-6.340 36.800 158.489
141.917 -10.600 281.838
-71.052 42.355 118.850
1.578 50.727 158.489
-4.500 48.383 188.365
-73.182 41.173 9.441
153.167 -27.367 668.344
122.217 -18.000 281.838
-77.100 3.900 446.684
-58.500 -34.667 2.818
152.380 -24.767 595.662
145.915 -41.050 668.344
-109.908 22.880 668.344
-6.283 36.533 446.684
1.868 50.969 4.467
-77.150 -12.050 421.697
-76.068 38.573 251.189
-125.247 50.042 112.202
-47.925 -25.017 18.836
147.058 -19.277 125.893
18.433 -33.900 595.662
-74.960 38.968 167.880
113.652 -24.898 375.837
-75.533 10.383 421.697
-9.417 38.692 398.107
15.094 37.498 23.714
103.187 5.265 298.538
-5.317 35.900 421.697
91.050 22.217 14.125
-124.322 43.345 266.073
-79.925 32.782 223.872
-64.920 18.335 354.813
-63.117 46.233 63.096
-1.635 49.651 398.107
-76.113 36.967 47.315
142.200 27.100 188.365
140.867 35.750 44.668
-157.472 1.982 421.697
-94.200 58.783 0.668
96.883 -12.117 446.684
-1.890 47.277 298.538
-145.753 60.558 70.795
-97.217 27.580 1.679
91.833 21.450 10.593
-124.183 41.745 177.828
-79.915 9.355 473.151
1.302 52.934 59.566
8.717 53.867 4.467
130.850 -12.467 530.884
20.385 60.032 14.962
6.933 53.326 3.548
4.746 52.965 10.593
-4.185 50.368 354.813
1.085 49.929 501.187
-2.088 47.306 94.406
108.617 19.100 375.837
1.318 51.117 50.119
-75.740 36.183 158.489
2.367 51.048 28.184
31.050 -29.867 501.187
27.917 -33.017 501.187
-109.448 -27.150 33.497
-66.985 44.903 298.538
162.387 11.430 630.957
-116.633 31.850 630.957
8.433 55.467 5.957
-79.647 0.992 473.151
121.900 -33.867 237.137
-64.267 -65.250 0.335
1.348 51.957 19.953
-81.467 30.672 398.107
-4.983 52.014 266.073
18.211 60.409 2.661
151.233 -33.850 501.187
-80.902 32.033 473.151
-95.308 28.948 3.162
115.717 -32.050 266.073
-166.288 23.868 421.697
139.933 40.650 298.538
128.850 32.700 375.837
-123.451 48.769 188.365
179.195 -8.525 446.684
-16.907 32.640 501.187
21.231 64.916 0.631
-94.793 29.310 1.778
73.152 -0.687 562.341
11.933 54.567 10.000
102.107 6.227 251.189
-5.350 36.117 473.151
-3.018 53.450 84.140
11.791 57.685 12.589
-89.957 29.263 1.189
144.650 13.433 298.538
-110.900 27.933 251.189
141.533 40.533 446.684
110.283 20.017 3.758
140.717 41.783 595.662
-63.583 44.667 223.872
132.067 34.900 21.135
27.179 60.563 9.441
145.567 43.283 223.872
22.977 59.823 14.125
1.284 51.947 177.828
9.101 63.425 12.589
24.956 60.154 13.335
-2.920 54.032 18.836
115.738 -31.825 223.872
-155.067 19.733 473.151
-3.134 51.215 237.137
89.467 21.783 53.088
147.330 -42.887 188.365
4.120 51.977 8.913
-4.631 53.308 167.880
114.217 22.300 26.607
159.957 -9.425 421.697
25.973 70.980 59.566
-157.867 21.307 473.151
12.467 56.100 37.584
131.683 32.417 17.783
-124.217 40.767 354.813
-4.111 51.211 167.880
-43.165 -22.897 118.850
-0.186 53.631 23.714
124.167 24.333 79.433
-169.530 16.738 298.538
103.792 1.462 562.341
-78.833 -33.622 668.344
-134.412 58.298 25.119
130.567 31.583 37.584
-156.467 20.900 630.957
23.096 65.697 0.708
121.282 28.088 3.350
-171.718 -2.810 562.341
120.288 22.615 251.189
154.777 1.098 473.151
21.215 62.344 0.944
139.750 35.517 316.228
121.745 25.157 11.885
101.358 3.050 421.697
102.153 2.215 530.884
24.515 65.673 0.794
70.220 -49.345 944.061
-131.625 55.333 100.000
-81.808 24.553 421.697
-5.050 58.457 11.885
12.894 55.522 74.989
23.033 -34.050 112.202
99.817 11.795 334.965
98.425 7.832 630.957
135.183 34.683 8.414
133.567 33.500 4.732
-152.512 57.732 105.925
134.583 34.017 44.668
116.067 5.983 354.813
103.430 3.975 334.965
130.200 32.600 334.965
103.443 1.325 668.344
15.589 56.105 100.000
11.127 58.997 10.593
135.767 33.483 251.189
144.367 42.983 177.828
167.733 8.733 668.344
-8.400 43.367 421.697
-117.257 32.867 595.662
-80.917 -2.200 501.187
-110.345 24.162 595.662
-1.221 46.158 15.849
-87.817 13.333 630.957
17.865 58.742 28.184
99.765 6.432 562.341
177.433 -17.600 446.684
-4.781 48.359 375.837
0.106 49.482 89.125
-1.765 47.205 5.012
123.750 13.150 501.187
-3.182 55.990 158.489
-1.140 60.155 237.137
-1.794 46.497 59.566
-75.120 38.782 17.783
119.417 34.750 37.584
-64.753 17.697 105.925
10.299 43.546 354.813
-3.825 53.332 84.140
-80.717 -6.933 298.538
159.067 -31.517 398.107
-118.272 33.720 530.884
-64.883 47.083 105.925
1.751 52.473 5.012
15.150 -26.650 530.884
100.613 4.240 530.884
121.617 32.133 6.683
5.113 61.934 79.433
-67.047 17.972 375.837
137.617 34.683 1.496
135.383 35.467 199.526
171.373 7.107 530.884
130.300 31.267 14.125
-4.417 36.717 473.151
134.463 7.330 446.684
73.527 4.190 749.894
-7.333 55.367 100.000
120.967 14.583 354.813
21.463 61.594 1.585
174.500 -35.833 223.872
16.837 58.554 47.315
173.200 52.833 398.107
-72.117 -17.000 530.884
132.717 33.867 149.624
-81.432 30.395 421.697
-106.422 23.198 501.187
139.817 34.917 177.828
15.563 38.196 266.073
-177.367 28.217 167.880
-5.014 51.702 223.872
-4.906 55.750 10.593
50.600 26.233 237.137
130.450 32.617 316.228
139.482 34.067 89.125
141.983 39.650 446.684
-157.800 21.433 501.187
7.421 43.729 266.073
-71.960 41.048 6.310
-121.888 36.605 501.187
22.133 -34.183 501.187
134.167 33.267 4.732
129.867 32.733 334.965
136.883 35.083 7.943
127.667 26.200 266.073
129.842 29.842 177.828
-1.634 47.194 125.893
-70.097 41.285 63.096
176.917 -39.483 668.344
14.269 40.841 375.837
166.905 -0.528 530.884
-159.350 21.967 354.813
129.495 28.382 251.189
-124.617 48.368 177.828
-72.087 41.355 4.217
-74.015 40.700 8.414
0.057 50.782 125.893
-5.542 50.102 375.837
-71.327 41.505 105.925
-122.910 49.200 23.714
130.992 30.735 266.073
-1.440 55.007 53.088
-60.250 46.217 251.189
166.437 -22.292 562.341
-175.167 -21.133 530.884
-140.082 -8.930 595.662
11.950 78.933 16.788
141.717 39.067 562.341
141.750 39.017 501.187
139.383 34.783 375.837
17.097 57.366 59.566
138.217 34.617 188.365
140.900 36.933 266.073
135.433 34.650 3.758
16.478 57.275 66.834
10.734 59.909 6.310
25.418 65.040 0.750
130.217 32.983 149.624
136.217 34.067 37.584
-170.683 -14.283 562.341
-81.167 -5.083 375.837
-149.567 -17.525 158.489
-123.451 48.654 281.838
100.347 5.422 562.341
-158.053 -8.977 188.365
-87.213 30.403 2.239
-75.142 39.933 31.623
22.690 63.709 1.000
158.243 6.987 530.884
-123.253 49.337 199.526
-25.672 37.735 473.151
-123.440 48.125 141.254
-59.133 47.567 334.965
-1.062 45.569 199.526
25.630 -33.960 501.187
118.575 -20.318 266.073
150.912 -34.473 530.884
57.495 -20.155 354.813
16.867 -29.250 595.662
-3.446 47.644 237.137
3.107 42.520 281.838
-127.489 50.722 66.834
-97.215 26.060 1.884
-70.247 43.657 266.073
141.600 -38.333 398.107
-5.120 54.843 31.623
-120.760 35.177 530.884
-1.112 50.803 211.349
-130.324 54.317 47.315
-71.401 41.807 10.593
-87.950 15.833 281.838
-15.417 28.133 501.187
-72.967 -41.483 53.088
-67.617 -54.933 7.499
-132.072 53.252 89.125
24.407 64.666 0.750
-159.775 -21.207 7.943
20.895 63.986 0.750
21.426 61.133 1.778
-75.573 39.558 375.837
-21.940 64.151 74.989
-134.953 -23.125 421.697
12.113 57.250 9.441
-97.047 28.022 4.217
63.418 -19.668 177.828
11.230 64.859 5.957
-3.966 48.718 79.433
150.790 -23.162 530.884
-17.750 28.683 562.341
-93.870 29.730 1.259
133.333 36.200 266.073
-2.246 47.140 63.096
-1.682 43.395 421.697
-2.028 48.641 281.838
-2.202 47.267 79.433
-66.063 45.251 316.228
145.742 15.227 3.981
133.250 35.550 39.811
17.950 -33.017 530.884
-95.203 16.160 530.884
-117.173 32.713 562.341
-80.108 -26.292 501.187
-122.465 37.807 375.837
-90.833 13.917 595.662
-66.117 18.460 398.107
-160.502 55.337 149.624
-74.009 40.467 7.499
-90.313 -0.755 501.187
-118.500 34.008 530.884
-122.339 47.603 266.073
104.115 1.932 281.838
-151.720 59.441 59.566
-149.427 60.120 100.000
-76.330 36.947 13.335
115.350 22.750 167.880
0.743 51.442 47.315
119.550 35.383 66.834
138.517 35.017 251.189
135.383 33.683 281.838
18.433 -34.183 630.957
14.358 55.557 125.893
-135.342 57.052 79.433
19.012 63.191 0.944
-135.327 59.450 39.811
12.829 55.417 22.387
11.218 58.354 17.783
-76.452 38.317 211.349
-124.043 44.625 118.850
17.531 62.363 0.944
147.933 -42.550 421.697
-78.918 33.655 398.107
-82.627 27.760 4.467
-52.717 47.567 473.151
11.832 58.093 14.962
-123.181 49.125 133.352
-2.117 49.183 354.813
18.082 59.325 15.849
-6.389 58.207 149.624
134.900 34.350 112.202
178.427 -18.132 501.187
39.600 -69.000 316.228
134.050 34.350 19.953
-81.282 -4.582 334.965
103.853 1.262 530.884
135.183 34.333 141.254
174.033 -39.050 266.073
-5.600 36.000 501.187
176.183 -37.650 530.884
117.883 4.233 749.894
-16.240 28.480 595.662
133.640 -32.150 133.352
104.140 2.807 375.837
136.850 34.467 66.834
-6.064 56.623 37.584
-125.913 49.154 70.795
139.767 35.650 16.788
132.967 32.783 4.217
5.913 43.117 223.872
146.833 -19.250 223.872
137.217 36.767 266.073
7.567 58.000 118.850
13.750 45.650 66.834
151.850 7.450 298.538
-78.730 1.817 530.884
22.101 60.428 7.499
138.883 35.017 334.965
-5.158 57.895 70.795
-166.537 53.880 354.813
133.950 34.483 18.836
135.900 33.567 31.623
132.550 33.233 158.489
21.571 63.081 0.841
-146.362 61.125 100.000
-0.330 39.460 188.365
-71.633 -33.033 530.884
-123.110 49.287 223.872
12.217 57.100 44.668
31.100 70.333 118.850
12.426 45.419 22.387
-123.370 48.422 199.526
12.579 56.142 12.589
18.284 57.639 53.088
135.150 34.217 149.624
166.617 19.283 53.088
141.683 45.400 223.872
14.500 -22.950 530.884
-77.022 38.873 2.661
174.783 -41.283 595.662
-2.448 50.608 375.837
-0.614 54.490 35.481
-3.086 58.441 177.828
-123.965 46.708 42.170
-73.782 40.793 2.985
-77.953 34.227 251.189
18.419 54.797 50.119
-62.700 45.683 44.668
-70.672 41.523 10.000
-3.568 54.651 29.854
128.102 -15.453 595.662
118.067 24.450 28.184
-139.733 59.548 70.795
138.128 9.508 118.850
-66.117 43.833 446.684
139.633 35.467 44.668
13.817 55.417 118.850
39.190 -6.155 668.344
111.833 21.583 141.254
