144.283 44.017 266.073
-2.075 57.143 266.073
131.417 31.583 37.584
-89.833 13.583 595.662
-99.912 16.840 177.828
-176.632 51.863 298.538
-122.298 37.772 446.684
-126.931 50.587 70.795
-5.433 36.117 25.119
-149.890 61.238 167.880
-76.482 38.983 33.497
-70.400 -23.650 530.884
-53.983 47.300 446.684
-13.530 28.972 595.662
-123.767 46.208 158.489
-74.418 39.355 199.526
-2.715 51.511 74.989
141.500 38.300 530.884
-79.573 8.962 473.151
-76.578 39.267 13.335
-90.285 -0.437 421.697
-125.136 48.836 125.893
2.163 41.342 237.137
-68.205 44.392 334.965
12.903 55.756 16.788
-1.515 43.527 398.107
109.083 21.483 84.140
-128.143 52.163 37.584
-64.700 32.400 375.837
-3.050 43.357 501.187
-6.340 36.800 223.872
141.917 -10.600 334.965
-71.052 42.355 167.880
1.578 50.727 211.349
-4.500 48.383 237.137
-73.182 41.173 11.885
153.167 -27.367 707.946
122.217 -18.000 334.965
-77.100 3.900 473.151
-58.500 -34.667 3.162
152.380 -24.767 630.957
145.915 -41.050 707.946
-109.908 22.880 668.344
-6.283 36.533 501.187
1.868 50.969 5.309
-77.150 -12.050 446.684
-76.068 38.573 316.228
-125.247 50.042 125.893
-47.925 -25.017 26.607
147.058 -19.277 158.489
18.433 -33.900 562.341
-74.960 38.968 251.189
113.652 -24.898 421.697
-75.533 10.383 473.151
-9.417 38.692 473.151
15.094 37.498 50.119
103.187 5.265 334.965
-5.317 35.900 446.684
91.050 22.217 16.788
-124.322 43.345 316.228
-79.925 32.782 281.838
-64.920 18.335 334.965
-63.117 46.233 89.125
-1.635 49.651 446.684
-76.113 36.967 59.566
142.200 27.100 199.526
140.867 35.750 79.433
-157.472 1.982 421.697
-94.200 58.783 1.000
96.883 -12.117 421.697
-1.890 47.277 375.837
-145.753 60.558 84.140
-97.217 27.580 1.778
91.833 21.450 13.335
-124.183 41.745 211.349
-79.915 9.355 501.187
1.302 52.934 84.140
8.717 53.867 5.012
130.850 -12.467 562.341
20.385 60.032 26.607
6.933 53.326 3.981
4.746 52.965 13.335
-4.185 50.368 421.697
1.085 49.929 530.884
-2.088 47.306 125.893
108.617 19.100 398.107
1.318 51.117 66.834
-75.740 36.183 211.349
2.367 51.048 37.584
31.050 -29.867 530.884
27.917 -33.017 530.884
-109.448 -27.150 50.119
-66.985 44.903 375.837
162.387 11.430 707.946
-116.633 31.850 630.957
8.433 55.467 7.079
-79.647 0.992 501.187
121.900 -33.867 281.838
-64.267 -65.250 0.708
1.348 51.957 26.607
-81.467 30.672 446.684
-4.983 52.014 334.965
18.211 60.409 4.217
151.233 -33.850 530.884
-80.902 32.033 501.187
-95.308 28.948 3.548
115.717 -32.050 298.538
-166.288 23.868 446.684
139.933 40.650 316.228
128.850 32.700 375.837
-123.451 48.769 223.872
179.195 -8.525 446.684
-16.907 32.640 530.884
21.231 64.916 0.944
-94.793 29.310 1.884
73.152 -0.687 595.662
11.933 54.567 12.589
102.107 6.227 298.538
-5.350 36.117 473.151
-3.018 53.450 105.925
11.791 57.685 17.783
-89.957 29.263 1.189
144.650 13.433 251.189
-110.900 27.933 316.228
141.533 40.533 473.151
110.283 20.017 4.217
140.717 41.783 630.957
-63.583 44.667 316.228
132.067 34.900 35.481
27.179 60.563 12.589
145.567 43.283 266.073
22.977 59.823 22.387
1.284 51.947 237.137
9.101 63.425 21.135
24.956 60.154 19.953
-2.920 54.032 25.119
115.738 -31.825 251.189
-155.067 19.733 473.151
-3.134 51.215 281.838
89.467 21.783 66.834
147.330 -42.887 237.137
4.120 51.977 11.220
-4.631 53.308 211.349
114.217 22.300 35.481
159.957 -9.425 398.107
25.973 70.980 100.000
-157.867 21.307 530.884
12.467 56.100 53.088
131.683 32.417 28.184
-124.217 40.767 398.107
-4.111 51.211 199.526
-43.165 -22.897 177.828
-0.186 53.631 29.854
124.167 24.333 118.850
-169.530 16.738 334.965
103.792 1.462 595.662
-78.833 -33.622 668.344
-134.412 58.298 29.854
130.567 31.583 59.566
-156.467 20.900 595.662
23.096 65.697 1.059
121.282 28.088 3.758
-171.718 -2.810 630.957
120.288 22.615 334.965
154.777 1.098 446.684
21.215 62.344 1.189
139.750 35.517 354.813
121.745 25.157 15.849
101.358 3.050 473.151
102.153 2.215 562.341
24.515 65.673 1.000
70.220 -49.345 1000.000
-131.625 55.333 112.202
-81.808 24.553 501.187
-5.050 58.457 14.962
12.894 55.522 100.000
23.033 -34.050 158.489
99.817 11.795 334.965
98.425 7.832 630.957
135.183 34.683 11.220
133.567 33.500 5.957
-152.512 57.732 133.352
134.583 34.017 70.795
116.067 5.983 375.837
103.430 3.975 375.837
130.200 32.600 375.837
103.443 1.325 668.344
15.589 56.105 118.850
11.127 58.997 15.849
135.767 33.483 298.538
144.367 42.983 251.189
167.733 8.733 668.344
-8.400 43.367 446.684
-117.257 32.867 562.341
-80.917 -2.200 530.884
-110.345 24.162 595.662
-1.221 46.158 19.953
-87.817 13.333 375.837
17.865 58.742 39.811
99.765 6.432 595.662
177.433 -17.600 473.151
-4.781 48.359 446.684
0.106 49.482 112.202
-1.765 47.205 5.623
123.750 13.150 530.884
-3.182 55.990 211.349
-1.140 60.155 298.538
-1.794 46.497 79.433
-75.120 38.782 23.714
119.417 34.750 53.088
-64.753 17.697 149.624
10.299 43.546 375.837
-3.825 53.332 112.202
-80.717 -6.933 334.965
159.067 -31.517 421.697
-118.272 33.720 562.341
-64.883 47.083 133.352
1.751 52.473 5.957
15.150 -26.650 530.884
100.613 4.240 530.884
121.617 32.133 7.943
5.113 61.934 125.893
-67.047 17.972 354.813
137.617 34.683 1.585
135.383 35.467 199.526
171.373 7.107 562.341
130.300 31.267 21.135
-4.417 36.717 446.684
134.463 7.330 473.151
73.527 4.190 668.344
-7.333 55.367 133.352
120.967 14.583 354.813
21.463 61.594 2.512
174.500 -35.833 281.838
16.837 58.554 59.566
173.200 52.833 375.837
-72.117 -17.000 595.662
132.717 33.867 211.349
-81.432 30.395 473.151
-106.422 23.198 501.187
139.817 34.917 237.137
15.563 38.196 251.189
-177.367 28.217 199.526
-5.014 51.702 266.073
-4.906 55.750 13.335
50.600 26.233 375.837
130.450 32.617 354.813
139.482 34.067 125.893
141.983 39.650 446.684
-157.800 21.433 530.884
7.421 43.729 298.538
-71.960 41.048 7.499
-121.888 36.605 530.884
22.133 -34.183 530.884
134.167 33.267 5.957
129.867 32.733 334.965
136.883 35.083 11.220
127.667 26.200 298.538
129.842 29.842 211.349
-1.634 47.194 158.489
-70.097 41.285 89.125
176.917 -39.483 707.946
14.269 40.841 354.813
166.905 -0.528 595.662
-159.350 21.967 446.684
129.495 28.382 281.838
-124.617 48.368 211.349
-72.087 41.355 4.732
-74.015 40.700 10.593
0.057 50.782 167.880
-5.542 50.102 446.684
-71.327 41.505 149.624
-122.910 49.200 26.607
130.992 30.735 281.838
-1.440 55.007 74.989
-60.250 46.217 298.538
166.437 -22.292 595.662
-175.167 -21.133 501.187
-140.082 -8.930 595.662
11.950 78.933 18.836
141.717 39.067 595.662
141.750 39.017 530.884
139.383 34.783 398.107
17.097 57.366 74.989
138.217 34.617 251.189
140.900 36.933 354.813
135.433 34.650 4.467
16.478 57.275 79.433
10.734 59.909 8.414
25.418 65.040 1.122
130.217 32.983 211.349
136.217 34.067 63.096
-170.683 -14.283 501.187
-81.167 -5.083 398.107
-149.567 -17.525 177.828
-123.451 48.654 298.538
100.347 5.422 595.662
-158.053 -8.977 199.526
-87.213 30.403 2.371
-75.142 39.933 44.668
22.690 63.709 1.778
158.243 6.987 595.662
-123.253 49.337 223.872
-25.672 37.735 421.697
-123.440 48.125 158.489
-59.133 47.567 398.107
-1.062 45.569 266.073
25.630 -33.960 530.884
118.575 -20.318 316.228
150.912 -34.473 595.662
57.495 -20.155 354.813
16.867 -29.250 630.957
-3.446 47.644 298.538
3.107 42.520 281.838
-127.489 50.722 74.989
-97.215 26.060 1.995
-70.247 43.657 316.228
141.600 -38.333 421.697
-5.120 54.843 39.811
-120.760 35.177 530.884
-1.112 50.803 281.838
-130.324 54.317 53.088
-71.401 41.807 13.335
-87.950 15.833 266.073
-15.417 28.133 530.884
-72.967 -41.483 66.834
-67.617 -54.933 10.593
-132.072 53.252 105.925
24.407 64.666 1.259
-159.775 -21.207 10.000
20.895 63.986 1.122
21.426 61.133 2.985
-75.573 39.558 421.697
-21.940 64.151 94.406
-134.953 -23.125 421.697
12.113 57.250 13.335
-97.047 28.022 5.012
63.418 -19.668 211.349
11.230 64.859 8.913
-3.966 48.718 100.000
150.790 -23.162 562.341
-17.750 28.683 530.884
-93.870 29.730 1.259
133.333 36.200 251.189
-2.246 47.140 79.433
-1.682 43.395 473.151
-2.028 48.641 316.228
-2.202 47.267 100.000
-66.063 45.251 398.107
145.742 15.227 4.732
133.250 35.550 70.795
17.950 -33.017 595.662
-95.203 16.160 562.341
-117.173 32.713 595.662
-80.108 -26.292 530.884
-122.465 37.807 421.697
-90.833 13.917 530.884
-66.117 18.460 421.697
-160.502 55.337 188.365
-74.009 40.467 9.441
-90.313 -0.755 473.151
-118.500 34.008 562.341
-122.339 47.603 298.538
104.115 1.932 316.228
-151.720 59.441 66.834
-149.427 60.120 118.850
-76.330 36.947 16.788
115.350 22.750 251.189
0.743 51.442 63.096
119.550 35.383 100.000
138.517 35.017 298.538
135.383 33.683 298.538
18.433 -34.183 630.957
14.358 55.557 133.352
-135.342 57.052 89.125
19.012 63.191 1.059
-135.327 59.450 47.315
12.829 55.417 29.854
11.218 58.354 28.184
-76.452 38.317 237.137
-124.043 44.625 141.254
17.531 62.363 1.334
147.933 -42.550 421.697
-78.918 33.655 473.151
-82.627 27.760 5.012
-52.717 47.567 530.884
11.832 58.093 21.135
-123.181 49.125 158.489
-2.117 49.183 398.107
18.082 59.325 25.119
-6.389 58.207 188.365
134.900 34.350 167.880
178.427 -18.132 530.884
39.600 -69.000 334.965
134.050 34.350 31.623
-81.282 -4.582 375.837
103.853 1.262 562.341
135.183 34.333 199.526
174.033 -39.050 354.813
-5.600 36.000 501.187
176.183 -37.650 562.341
117.883 4.233 794.328
-16.240 28.480 595.662
133.640 -32.150 167.880
104.140 2.807 398.107
136.850 34.467 112.202
-6.064 56.623 50.119
-125.913 49.154 84.140
139.767 35.650 26.607
132.967 32.783 5.309
5.913 43.117 223.872
146.833 -19.250 298.538
137.217 36.767 281.838
7.567 58.000 158.489
13.750 45.650 94.406
151.850 7.450 398.107
-78.730 1.817 562.341
22.101 60.428 13.335
138.883 35.017 354.813
-5.158 57.895 94.406
-166.537 53.880 375.837
133.950 34.483 28.184
135.900 33.567 53.088
132.550 33.233 199.526
21.571 63.081 1.189
-146.362 61.125 112.202
-0.330 39.460 199.526
-71.633 -33.033 562.341
-123.110 49.287 251.189
12.217 57.100 63.096
31.100 70.333 188.365
12.426 45.419 31.623
-123.370 48.422 223.872
12.579 56.142 17.783
18.284 57.639 56.234
135.150 34.217 211.349
166.617 19.283 74.989
141.683 45.400 223.872
14.500 -22.950 595.662
-77.022 38.873 2.818
174.783 -41.283 630.957
-2.448 50.608 446.684
-0.614 54.490 47.315
-3.086 58.441 223.872
-123.965 46.708 47.315
-73.782 40.793 3.350
-77.953 34.227 298.538
18.419 54.797 70.795
-62.700 45.683 59.566
-70.672 41.523 13.335
-3.568 54.651 37.584
128.102 -15.453 595.662
118.067 24.450 37.584
-139.733 59.548 84.140
138.128 9.508 158.489
-66.117 43.833 530.884
139.633 35.467 79.433
13.817 55.417 133.352
39.190 -6.155 707.946
111.833 21.583 188.365
