144.283 44.017 100.000
-2.075 57.143 133.352
131.417 31.583 14.962
-89.833 13.583 530.884
-99.912 16.840 375.837
-176.632 51.863 251.189
-122.298 37.772 237.137
-126.931 50.587 35.481
-5.433 36.117 9.441
-149.890 61.238 100.000
-76.482 38.983 15.849
-70.400 -23.650 473.151
-53.983 47.300 211.349
-13.530 28.972 530.884
-123.767 46.208 74.989
-74.418 39.355 89.125
-2.715 51.511 44.668
141.500 38.300 354.813
-79.573 8.962 316.228
-76.578 39.267 7.943
-90.285 -0.437 298.538
-125.136 48.836 63.096
2.163 41.342 251.189
-68.205 44.392 167.880
12.903 55.756 7.943
-1.515 43.527 188.365
109.083 21.483 37.584
-128.143 52.163 16.788
-64.700 32.400 375.837
-3.050 43.357 398.107
-6.340 36.800 89.125
141.917 -10.600 167.880
-71.052 42.355 74.989
1.578 50.727 105.925
-4.500 48.383 133.352
-73.182 41.173 7.499
153.167 -27.367 630.957
122.217 -18.000 211.349
-77.100 3.900 298.538
-58.500 -34.667 2.512
152.380 -24.767 562.341
145.915 -41.050 562.341
-109.908 22.880 630.957
-6.283 36.533 298.538
1.868 50.969 3.548
-77.150 -12.050 398.107
-76.068 38.573 158.489
-125.247 50.042 63.096
-47.925 -25.017 12.589
147.058 -19.277 63.096
18.433 -33.900 530.884
-74.960 38.968 89.125
113.652 -24.898 266.073
-75.533 10.383 421.697
-9.417 38.692 223.872
15.094 37.498 10.593
103.187 5.265 199.526
-5.317 35.900 421.697
91.050 22.217 9.441
-124.322 43.345 158.489
-79.925 32.782 118.850
-64.920 18.335 281.838
-63.117 46.233 29.854
-1.635 49.651 266.073
-76.113 36.967 29.854
142.200 27.100 141.254
140.867 35.750 25.119
-157.472 1.982 398.107
-94.200 58.783 0.422
96.883 -12.117 398.107
-1.890 47.277 188.365
-145.753 60.558 44.668
-97.217 27.580 1.585
91.833 21.450 7.079
-124.183 41.745 100.000
-79.915 9.355 421.697
1.302 52.934 39.811
8.717 53.867 3.548
130.850 -12.467 398.107
20.385 60.032 3.981
6.933 53.326 2.985
4.746 52.965 7.499
-4.185 50.368 237.137
1.085 49.929 398.107
-2.088 47.306 59.566
108.617 19.100 316.228
1.318 51.117 33.497
-75.740 36.183 94.406
2.367 51.048 17.783
31.050 -29.867 375.837
27.917 -33.017 421.697
-109.448 -27.150 18.836
-66.985 44.903 199.526
162.387 11.430 630.957
-116.633 31.850 595.662
8.433 55.467 4.467
-79.647 0.992 334.965
121.900 -33.867 133.352
-64.267 -65.250 0.708
1.348 51.957 13.335
-81.467 30.672 266.073
-4.983 52.014 177.828
18.211 60.409 1.334
151.233 -33.850 421.697
-80.902 32.033 354.813
-95.308 28.948 2.661
115.717 -32.050 167.880
-166.288 23.868 354.813
139.933 40.650 237.137
128.850 32.700 354.813
-123.451 48.769 112.202
179.195 -8.525 398.107
-16.907 32.640 473.151
21.231 64.916 0.355
-94.793 29.310 1.585
73.152 -0.687 630.957
11.933 54.567 7.079
102.107 6.227 125.893
-5.350 36.117 473.151
-3.018 53.450 50.119
11.791 57.685 7.499
-89.957 29.263 1.122
144.650 13.433 298.538
-110.900 27.933 266.073
141.533 40.533 398.107
110.283 20.017 2.985
140.717 41.783 530.884
-63.583 44.667 149.624
132.067 34.900 10.000
27.179 60.563 5.012
145.567 43.283 141.254
22.977 59.823 6.683
1.284 51.947 112.202
9.101 63.425 6.310
24.956 60.154 7.079
-2.920 54.032 12.589
115.738 -31.825 118.850
-155.067 19.733 375.837
-3.134 51.215 188.365
89.467 21.783 29.854
147.330 -42.887 94.406
4.120 51.977 6.310
-4.631 53.308 112.202
114.217 22.300 15.849
159.957 -9.425 446.684
25.973 70.980 28.184
-157.867 21.307 473.151
12.467 56.100 23.714
131.683 32.417 11.885
-124.217 40.767 223.872
-4.111 51.211 118.850
-43.165 -22.897 63.096
-0.186 53.631 17.783
124.167 24.333 44.668
-169.530 16.738 188.365
103.792 1.462 446.684
-78.833 -33.622 562.341
-134.412 58.298 15.849
130.567 31.583 22.387
-156.467 20.900 530.884
23.096 65.697 0.355
121.282 28.088 2.818
-171.718 -2.810 473.151
120.288 22.615 266.073
154.777 1.098 398.107
21.215 62.344 0.631
139.750 35.517 251.189
121.745 25.157 7.499
101.358 3.050 281.838
102.153 2.215 473.151
24.515 65.673 0.531
70.220 -49.345 841.395
-131.625 55.333 59.566
-81.808 24.553 398.107
-5.050 58.457 7.943
12.894 55.522 44.668
23.033 -34.050 59.566
99.817 11.795 266.073
98.425 7.832 562.341
135.183 34.683 5.623
133.567 33.500 3.758
-152.512 57.732 63.096
134.583 34.017 25.119
116.067 5.983 237.137
103.430 3.975 223.872
130.200 32.600 281.838
103.443 1.325 630.957
15.589 56.105 63.096
11.127 58.997 5.957
135.767 33.483 167.880
144.367 42.983 70.795
167.733 8.733 595.662
-8.400 43.367 298.538
-117.257 32.867 501.187
-80.917 -2.200 446.684
-110.345 24.162 562.341
-1.221 46.158 10.593
-87.817 13.333 562.341
17.865 58.742 13.335
99.765 6.432 530.884
177.433 -17.600 421.697
-4.781 48.359 266.073
0.106 49.482 50.119
-1.765 47.205 3.981
123.750 13.150 446.684
-3.182 55.990 94.406
-1.140 60.155 141.254
-1.794 46.497 37.584
-75.120 38.782 11.885
119.417 34.750 26.607
-64.753 17.697 42.170
10.299 43.546 334.965
-3.825 53.332 53.088
-80.717 -6.933 177.828
159.067 -31.517 281.838
-118.272 33.720 501.187
-64.883 47.083 74.989
1.751 52.473 3.981
15.150 -26.650 562.341
100.613 4.240 446.684
121.617 32.133 5.012
5.113 61.934 39.811
-67.047 17.972 316.228
137.617 34.683 1.413
135.383 35.467 177.828
171.373 7.107 501.187
130.300 31.267 9.441
-4.417 36.717 446.684
134.463 7.330 375.837
73.527 4.190 749.894
-7.333 55.367 59.566
120.967 14.583 298.538
21.463 61.594 0.794
174.500 -35.833 112.202
16.837 58.554 28.184
173.200 52.833 375.837
-72.117 -17.000 501.187
132.717 33.867 89.125
-81.432 30.395 375.837
-106.422 23.198 473.151
139.817 34.917 105.925
15.563 38.196 266.073
-177.367 28.217 94.406
-5.014 51.702 158.489
-4.906 55.750 7.079
50.600 26.233 94.406
130.450 32.617 237.137
139.482 34.067 50.119
141.983 39.650 398.107
-157.800 21.433 473.151
7.421 43.729 281.838
-71.960 41.048 4.732
-121.888 36.605 446.684
22.133 -34.183 334.965
134.167 33.267 3.548
129.867 32.733 281.838
136.883 35.083 5.957
127.667 26.200 199.526
129.842 29.842 112.202
-1.634 47.194 74.989
-70.097 41.285 33.497
176.917 -39.483 630.957
14.269 40.841 375.837
166.905 -0.528 446.684
-159.350 21.967 334.965
129.495 28.382 199.526
-124.617 48.368 112.202
-72.087 41.355 3.350
-74.015 40.700 6.683
0.057 50.782 74.989
-5.542 50.102 266.073
-71.327 41.505 59.566
-122.910 49.200 14.125
130.992 30.735 223.872
-1.440 55.007 33.497
-60.250 46.217 167.880
166.437 -22.292 501.187
-175.167 -21.133 446.684
-140.082 -8.930 501.187
11.950 78.933 7.499
141.717 39.067 473.151
141.750 39.017 398.107
139.383 34.783 316.228
17.097 57.366 35.481
138.217 34.617 105.925
140.900 36.933 118.850
135.433 34.650 3.162
16.478 57.275 39.811
10.734 59.909 3.758
25.418 65.040 0.335
130.217 32.983 89.125
136.217 34.067 19.953
-170.683 -14.283 562.341
-81.167 -5.083 266.073
-149.567 -17.525 89.125
-123.451 48.654 167.880
100.347 5.422 501.187
-158.053 -8.977 133.352
-87.213 30.403 1.995
-75.142 39.933 21.135
22.690 63.709 0.316
158.243 6.987 473.151
-123.253 49.337 118.850
-25.672 37.735 398.107
-123.440 48.125 84.140
-59.133 47.567 237.137
-1.062 45.569 125.893
25.630 -33.960 398.107
118.575 -20.318 167.880
150.912 -34.473 473.151
57.495 -20.155 316.228
16.867 -29.250 562.341
-3.446 47.644 149.624
3.107 42.520 266.073
-127.489 50.722 35.481
-97.215 26.060 1.679
-70.247 43.657 188.365
141.600 -38.333 334.965
-5.120 54.843 19.953
-120.760 35.177 446.684
-1.112 50.803 105.925
-130.324 54.317 25.119
-71.401 41.807 7.499
-87.950 15.833 316.228
-15.417 28.133 473.151
-72.967 -41.483 44.668
-67.617 -54.933 7.079
-132.072 53.252 56.234
24.407 64.666 0.355
-159.775 -21.207 5.012
20.895 63.986 0.398
21.426 61.133 0.794
-75.573 39.558 266.073
-21.940 64.151 39.811
-134.953 -23.125 421.697
12.113 57.250 5.957
-97.047 28.022 3.162
63.418 -19.668 89.125
11.230 64.859 3.758
-3.966 48.718 53.088
150.790 -23.162 473.151
-17.750 28.683 501.187
-93.870 29.730 1.189
133.333 36.200 211.349
-2.246 47.140 37.584
-1.682 43.395 266.073
-2.028 48.641 223.872
-2.202 47.267 50.119
-66.063 45.251 211.349
145.742 15.227 2.818
133.250 35.550 14.125
17.950 -33.017 562.341
-95.203 16.160 473.151
-117.173 32.713 501.187
-80.108 -26.292 473.151
-122.465 37.807 223.872
-90.833 13.917 530.884
-66.117 18.460 334.965
-160.502 55.337 89.125
-74.009 40.467 5.957
-90.313 -0.755 446.684
-118.500 34.008 446.684
-122.339 47.603 158.489
104.115 1.932 158.489
-151.720 59.441 37.584
-149.427 60.120 59.566
-76.330 36.947 10.000
115.350 22.750 100.000
0.743 51.442 29.854
119.550 35.383 44.668
138.517 35.017 177.828
135.383 33.683 199.526
18.433 -34.183 530.884
14.358 55.557 94.406
-135.342 57.052 44.668
19.012 63.191 0.794
-135.327 59.450 23.714
12.829 55.417 12.589
11.218 58.354 9.441
-76.452 38.317 149.624
-124.043 44.625 70.795
17.531 62.363 0.531
147.933 -42.550 334.965
-78.918 33.655 266.073
-82.627 27.760 3.548
-52.717 47.567 354.813
11.832 58.093 8.913
-123.181 49.125 79.433
-2.117 49.183 281.838
18.082 59.325 6.310
-6.389 58.207 94.406
134.900 34.350 63.096
178.427 -18.132 446.684
39.600 -69.000 316.228
134.050 34.350 11.885
-81.282 -4.582 237.137
103.853 1.262 398.107
135.183 34.333 74.989
174.033 -39.050 125.893
-5.600 36.000 421.697
176.183 -37.650 501.187
117.883 4.233 707.946
-16.240 28.480 530.884
133.640 -32.150 84.140
104.140 2.807 266.073
136.850 34.467 33.497
-6.064 56.623 23.714
-125.913 49.154 42.170
139.767 35.650 11.220
132.967 32.783 3.350
5.913 43.117 167.880
146.833 -19.250 125.893
137.217 36.767 251.189
7.567 58.000 63.096
13.750 45.650 37.584
151.850 7.450 316.228
-78.730 1.817 446.684
22.101 60.428 3.162
138.883 35.017 281.838
-5.158 57.895 44.668
-166.537 53.880 316.228
133.950 34.483 10.000
135.900 33.567 17.783
132.550 33.233 94.406
21.571 63.081 0.501
-146.362 61.125 59.566
-0.330 39.460 188.365
-71.633 -33.033 446.684
-123.110 49.287 141.254
12.217 57.100 25.119
31.100 70.333 63.096
12.426 45.419 13.335
-123.370 48.422 118.850
12.579 56.142 8.414
18.284 57.639 39.811
135.150 34.217 79.433
166.617 19.283 19.953
141.683 45.400 167.880
14.500 -22.950 595.662
-77.022 38.873 2.371
174.783 -41.283 562.341
-2.448 50.608 237.137
-0.614 54.490 22.387
-3.086 58.441 112.202
-123.965 46.708 26.607
-73.782 40.793 2.661
-77.953 34.227 141.254
18.419 54.797 26.607
-62.700 45.683 26.607
-70.672 41.523 6.683
-3.568 54.651 19.953
128.102 -15.453 501.187
118.067 24.450 17.783
-139.733 59.548 42.170
138.128 9.508 44.668
-66.117 43.833 316.228
139.633 35.467 25.119
13.817 55.417 79.433
39.190 -6.155 630.957
111.833 21.583 79.433
