144.283 44.017 25.328
-2.075 57.143 31.083
131.417 31.583 32.411
-89.833 13.583 31.504
-99.912 16.840 27.177
-176.632 51.863 29.591
-122.298 37.772 26.328
-126.931 50.587 13.196
-5.433 36.117 23.368
-149.890 61.238 20.477
-76.482 38.983 42.165
-70.400 -23.650 26.416
-53.983 47.300 37.739
-13.530 28.972 33.660
-123.767 46.208 25.856
-74.418 39.355 43.015
-2.715 51.511 28.466
141.500 38.300 26.715
-79.573 8.962 33.321
-76.578 39.267 41.996
-90.285 -0.437 31.879
-125.136 48.836 22.869
2.163 41.342 29.953
-68.205 44.392 34.072
12.903 55.756 32.477
-1.515 43.527 25.953
109.083 21.483 29.939
-128.143 52.163 9.346
-64.700 32.400 36.276
-3.050 43.357 29.145
-6.340 36.800 27.609
141.917 -10.600 32.787
-71.052 42.355 36.621
1.578 50.727 32.243
-4.500 48.383 29.854
-73.182 41.173 42.625
153.167 -27.367 36.247
122.217 -18.000 34.464
-77.100 3.900 27.359
-58.500 -34.667 28.620
152.380 -24.767 37.364
145.915 -41.050 31.964
-109.908 22.880 33.003
-6.283 36.533 27.782
1.868 50.969 30.784
-77.150 -12.050 29.449
-76.068 38.573 43.783
-125.247 50.042 19.484
-47.925 -25.017 29.884
147.058 -19.277 33.844
18.433 -33.900 33.980
-74.960 38.968 43.087
113.652 -24.898 32.234
-75.533 10.383 34.023
-9.417 38.692 29.230
15.094 37.498 29.117
103.187 5.265 31.973
-5.317 35.900 24.503
91.050 22.217 28.866
-124.322 43.345 28.203
-79.925 32.782 38.381
-64.920 18.335 31.171
-63.117 46.233 39.804
-1.635 49.651 27.496
-76.113 36.967 44.719
142.200 27.100 37.175
140.867 35.750 31.643
-157.472 1.982 32.737
-94.200 58.783 -26.366
96.883 -12.117 38.331
-1.890 47.277 29.225
-145.753 60.558 17.790
-97.217 27.580 28.465
91.833 21.450 27.328
-124.183 41.745 27.209
-79.915 9.355 34.121
1.302 52.934 35.197
8.717 53.867 33.309
130.850 -12.467 34.346
20.385 60.032 2.209
6.933 53.326 36.238
4.746 52.965 32.722
-4.185 50.368 31.905
1.085 49.929 36.651
-2.088 47.306 29.137
108.617 19.100 32.649
1.318 51.117 33.513
-75.740 36.183 45.068
2.367 51.048 31.585
31.050 -29.867 31.516
27.917 -33.017 35.184
-109.448 -27.150 28.139
-66.985 44.903 36.573
162.387 11.430 41.533
-116.633 31.850 34.350
8.433 55.467 34.091
-79.647 0.992 26.391
121.900 -33.867 31.045
-64.267 -65.250 18.574
1.348 51.957 36.243
-81.467 30.672 38.022
-4.983 52.014 27.558
18.211 60.409 -3.096
151.233 -33.850 35.211
-80.902 32.033 38.182
-95.308 28.948 34.278
115.717 -32.050 30.795
-166.288 23.868 34.732
139.933 40.650 29.259
128.850 32.700 37.181
-123.451 48.769 23.456
179.195 -8.525 36.880
-16.907 32.640 40.603
21.231 64.916 -21.099
-94.793 29.310 30.076
73.152 -0.687 38.720
11.933 54.567 29.540
102.107 6.227 30.268
-5.350 36.117 25.897
-3.018 53.450 24.372
11.791 57.685 19.239
-89.957 29.263 14.867
144.650 13.433 36.043
-110.900 27.933 27.579
141.533 40.533 34.471
110.283 20.017 31.452
140.717 41.783 28.467
-63.583 44.667 40.039
132.067 34.900 28.625
27.179 60.563 15.945
145.567 43.283 33.924
22.977 59.823 13.829
1.284 51.947 36.010
9.101 63.425 14.202
24.956 60.154 16.434
-2.920 54.032 23.365
115.738 -31.825 31.148
-155.067 19.733 33.921
-3.134 51.215 30.577
89.467 21.783 27.315
147.330 -42.887 34.781
4.120 51.977 32.531
-4.631 53.308 27.001
114.217 22.300 31.031
159.957 -9.425 41.882
25.973 70.980 22.028
-157.867 21.307 36.509
12.467 56.100 26.910
131.683 32.417 32.296
-124.217 40.767 28.715
-4.111 51.211 30.073
-43.165 -22.897 30.596
-0.186 53.631 31.125
124.167 24.333 33.784
-169.530 16.738 33.284
103.792 1.462 31.271
-78.833 -33.622 33.879
-134.412 58.298 15.194
130.567 31.583 32.336
-156.467 20.900 35.542
23.096 65.697 -19.579
121.282 28.088 29.596
-171.718 -2.810 32.457
120.288 22.615 33.080
154.777 1.098 34.414
21.215 62.344 -16.326
139.750 35.517 35.056
121.745 25.157 32.301
101.358 3.050 29.446
102.153 2.215 34.382
24.515 65.673 -20.243
70.220 -49.345 45.571
-131.625 55.333 17.255
-81.808 24.553 35.043
-5.050 58.457 25.310
12.894 55.522 33.365
23.033 -34.050 33.025
99.817 11.795 30.869
98.425 7.832 34.742
135.183 34.683 28.993
133.567 33.500 28.206
-152.512 57.732 26.577
134.583 34.017 28.315
116.067 5.983 31.063
103.430 3.975 32.737
130.200 32.600 34.441
103.443 1.325 33.016
15.589 56.105 29.298
11.127 58.997 13.094
135.767 33.483 29.602
144.367 42.983 25.262
167.733 8.733 39.483
-8.400 43.367 31.171
-117.257 32.867 29.785
-80.917 -2.200 29.711
-110.345 24.162 32.701
-1.221 46.158 26.734
-87.817 13.333 32.520
17.865 58.742 14.806
99.765 6.432 32.822
177.433 -17.600 33.046
-4.781 48.359 31.921
0.106 49.482 26.083
-1.765 47.205 29.028
123.750 13.150 34.252
-3.182 55.990 27.551
-1.140 60.155 30.813
-1.794 46.497 28.920
-75.120 38.782 42.715
119.417 34.750 32.273
-64.753 17.697 30.059
10.299 43.546 26.917
-3.825 53.332 24.913
-80.717 -6.933 29.083
159.067 -31.517 37.942
-118.272 33.720 25.838
-64.883 47.083 49.511
1.751 52.473 33.846
15.150 -26.650 37.997
100.613 4.240 29.486
121.617 32.133 31.975
5.113 61.934 24.095
-67.047 17.972 30.593
137.617 34.683 25.518
135.383 35.467 34.514
171.373 7.107 36.410
130.300 31.267 31.985
-4.417 36.717 27.581
134.463 7.330 38.904
73.527 4.190 37.395
-7.333 55.367 26.195
120.967 14.583 31.332
21.463 61.594 -8.927
174.500 -35.833 37.982
16.837 58.554 17.305
173.200 52.833 34.960
-72.117 -17.000 30.517
132.717 33.867 32.729
-81.432 30.395 38.523
-106.422 23.198 29.098
139.817 34.917 31.738
15.563 38.196 30.647
-177.367 28.217 34.626
-5.014 51.702 29.723
-4.906 55.750 23.439
50.600 26.233 25.468
130.450 32.617 34.127
139.482 34.067 31.388
141.983 39.650 38.599
-157.800 21.433 36.693
7.421 43.729 27.129
-71.960 41.048 42.083
-121.888 36.605 30.180
22.133 -34.183 33.685
134.167 33.267 27.973
129.867 32.733 35.155
136.883 35.083 27.536
127.667 26.200 36.334
129.842 29.842 35.529
-1.634 47.194 29.484
-70.097 41.285 39.695
176.917 -39.483 40.278
14.269 40.841 29.536
166.905 -0.528 32.886
-159.350 21.967 32.277
129.495 28.382 36.577
-124.617 48.368 22.938
-72.087 41.355 40.776
-74.015 40.700 41.283
0.057 50.782 27.214
-5.542 50.102 30.912
-71.327 41.505 39.611
-122.910 49.200 22.273
130.992 30.735 35.677
-1.440 55.007 29.269
-60.250 46.217 45.651
166.437 -22.292 37.969
-175.167 -21.133 36.696
-140.082 -8.930 32.408
11.950 78.933 -0.651
141.717 39.067 27.285
141.750 39.017 27.086
139.383 34.783 33.833
17.097 57.366 21.691
138.217 34.617 28.614
140.900 36.933 27.649
135.433 34.650 28.714
16.478 57.275 21.959
10.734 59.909 12.696
25.418 65.040 -19.138
130.217 32.983 32.684
136.217 34.067 29.304
-170.683 -14.283 39.975
-81.167 -5.083 29.463
-149.567 -17.525 29.425
-123.451 48.654 23.429
100.347 5.422 28.875
-158.053 -8.977 29.699
-87.213 30.403 33.699
-75.142 39.933 45.800
22.690 63.709 -15.011
158.243 6.987 35.605
-123.253 49.337 22.887
-25.672 37.735 38.459
-123.440 48.125 23.637
-59.133 47.567 46.016
-1.062 45.569 28.922
25.630 -33.960 34.571
118.575 -20.318 33.067
150.912 -34.473 37.217
57.495 -20.155 38.073
16.867 -29.250 34.574
-3.446 47.644 26.685
3.107 42.520 28.575
-127.489 50.722 12.805
-97.215 26.060 28.649
-70.247 43.657 36.206
141.600 -38.333 29.873
-5.120 54.843 24.772
-120.760 35.177 29.570
-1.112 50.803 27.979
-130.324 54.317 8.353
-71.401 41.807 39.160
-87.950 15.833 34.658
-15.417 28.133 34.183
-72.967 -41.483 19.953
-67.617 -54.933 28.782
-132.072 53.252 18.903
24.407 64.666 -17.569
-159.775 -21.207 31.054
20.895 63.986 -18.719
21.426 61.133 -8.837
-75.573 39.558 44.874
-21.940 64.151 13.265
-134.953 -23.125 34.868
12.113 57.250 18.887
-97.047 28.022 30.235
63.418 -19.668 32.670
11.230 64.859 12.873
-3.966 48.718 29.238
150.790 -23.162 36.334
-17.750 28.683 37.916
-93.870 29.730 16.357
133.333 36.200 36.920
-2.246 47.140 28.045
-1.682 43.395 26.922
-2.028 48.641 30.851
-2.202 47.267 28.404
-66.063 45.251 37.112
145.742 15.227 30.895
133.250 35.550 28.741
17.950 -33.017 35.651
-95.203 16.160 28.885
-117.173 32.713 29.275
-80.108 -26.292 30.089
-122.465 37.807 25.435
-90.833 13.917 32.083
-66.117 18.460 30.866
-160.502 55.337 28.624
-74.009 40.467 41.407
-90.313 -0.755 34.580
-118.500 34.008 24.382
-122.339 47.603 22.606
104.115 1.932 30.488
-151.720 59.441 21.749
-149.427 60.120 21.759
-76.330 36.947 43.379
115.350 22.750 30.587
0.743 51.442 34.154
119.550 35.383 33.684
138.517 35.017 28.668
135.383 33.683 30.099
18.433 -34.183 34.471
14.358 55.557 33.418
-135.342 57.052 21.085
19.012 63.191 -18.123
-135.327 59.450 15.976
12.829 55.417 34.077
11.218 58.354 13.207
-76.452 38.317 44.071
-124.043 44.625 27.004
17.531 62.363 -16.638
147.933 -42.550 37.531
-78.918 33.655 38.952
-82.627 27.760 35.835
-52.717 47.567 42.321
11.832 58.093 19.370
-123.181 49.125 24.097
-2.117 49.183 31.542
18.082 59.325 7.123
-6.389 58.207 27.584
134.900 34.350 28.451
178.427 -18.132 34.086
39.600 -69.000 33.900
134.050 34.350 27.836
-81.282 -4.582 29.506
103.853 1.262 30.387
135.183 34.333 29.639
174.033 -39.050 31.691
-5.600 36.000 23.962
176.183 -37.650 35.224
117.883 4.233 34.432
-16.240 28.480 38.775
133.640 -32.150 31.971
104.140 2.807 31.754
136.850 34.467 28.966
-6.064 56.623 24.929
-125.913 49.154 18.813
139.767 35.650 30.848
132.967 32.783 30.903
5.913 43.117 27.000
146.833 -19.250 32.785
137.217 36.767 29.666
7.567 58.000 27.575
13.750 45.650 22.968
151.850 7.450 34.463
-78.730 1.817 25.463
22.101 60.428 4.126
138.883 35.017 29.682
-5.158 57.895 24.276
-166.537 53.880 31.750
133.950 34.483 29.169
135.900 33.567 29.220
132.550 33.233 32.645
21.571 63.081 -18.050
-146.362 61.125 18.465
-0.330 39.460 29.015
-71.633 -33.033 26.096
-123.110 49.287 22.949
12.217 57.100 22.001
31.100 70.333 24.586
12.426 45.419 23.925
-123.370 48.422 22.132
12.579 56.142 26.806
18.284 57.639 26.532
135.150 34.217 29.590
166.617 19.283 32.328
141.683 45.400 30.953
14.500 -22.950 37.830
-77.022 38.873 42.041
174.783 -41.283 34.612
-2.448 50.608 29.663
-0.614 54.490 31.206
-3.086 58.441 28.432
-123.965 46.708 26.461
-73.782 40.793 43.056
-77.953 34.227 38.485
18.419 54.797 25.861
-62.700 45.683 43.698
-70.672 41.523 39.032
-3.568 54.651 25.194
128.102 -15.453 31.374
118.067 24.450 31.039
-139.733 59.548 16.553
138.128 9.508 32.196
-66.117 43.833 39.698
139.633 35.467 31.798
13.817 55.417 31.851
39.190 -6.155 34.168
111.833 21.583 30.755
