144.283 44.017 35.980
-2.075 57.143 42.312
131.417 31.583 42.632
-89.833 13.583 43.451
-99.912 16.840 39.549
-176.632 51.863 41.851
-122.298 37.772 39.329
-126.931 50.587 25.836
-5.433 36.117 34.058
-149.890 61.238 32.774
-76.482 38.983 54.829
-70.400 -23.650 34.423
-53.983 47.300 50.615
-13.530 28.972 44.930
-123.767 46.208 38.814
-74.418 39.355 55.798
-2.715 51.511 39.283
141.500 38.300 37.580
-79.573 8.962 45.040
-76.578 39.267 54.389
-90.285 -0.437 43.361
-125.136 48.836 35.642
2.163 41.342 40.452
-68.205 44.392 46.829
12.903 55.756 42.673
-1.515 43.527 36.737
109.083 21.483 40.001
-128.143 52.163 22.121
-64.700 32.400 49.547
-3.050 43.357 39.943
-6.340 36.800 38.563
141.917 -10.600 44.629
-71.052 42.355 49.240
1.578 50.727 42.884
-4.500 48.383 40.879
-73.182 41.173 54.928
153.167 -27.367 47.520
122.217 -18.000 46.257
-77.100 3.900 38.339
-58.500 -34.667 35.332
152.380 -24.767 48.907
145.915 -41.050 42.881
-109.908 22.880 45.794
-6.283 36.533 38.784
1.868 50.969 41.365
-77.150 -12.050 38.861
-76.068 38.573 56.556
-125.247 50.042 32.108
-47.925 -25.017 38.592
147.058 -19.277 45.425
18.433 -33.900 45.321
-74.960 38.968 55.821
113.652 -24.898 44.824
-75.533 10.383 45.827
-9.417 38.692 40.496
15.094 37.498 39.117
103.187 5.265 43.208
-5.317 35.900 35.261
91.050 22.217 38.661
-124.322 43.345 41.039
-79.925 32.782 50.990
-64.920 18.335 43.498
-63.117 46.233 52.462
-1.635 49.651 38.237
-76.113 36.967 57.547
142.200 27.100 48.321
140.867 35.750 42.294
-157.472 1.982 44.801
-94.200 58.783 -10.725
96.883 -12.117 50.878
-1.890 47.277 40.251
-145.753 60.558 30.021
-97.217 27.580 41.264
91.833 21.450 37.155
-124.183 41.745 40.187
-79.915 9.355 45.727
1.302 52.934 45.984
8.717 53.867 43.804
130.850 -12.467 45.751
20.385 60.032 12.383
6.933 53.326 46.859
4.746 52.965 43.176
-4.185 50.368 43.139
1.085 49.929 47.750
-2.088 47.306 39.857
108.617 19.100 42.644
1.318 51.117 44.106
-75.740 36.183 57.801
2.367 51.048 42.205
31.050 -29.867 43.363
27.917 -33.017 46.966
-109.448 -27.150 36.126
-66.985 44.903 49.092
162.387 11.430 53.930
-116.633 31.850 46.878
8.433 55.467 44.862
-79.647 0.992 37.324
121.900 -33.867 42.942
-64.267 -65.250 7.451
1.348 51.957 47.008
-81.467 30.672 50.721
-4.983 52.014 38.531
18.211 60.409 7.063
151.233 -33.850 46.181
-80.902 32.033 50.758
-95.308 28.948 46.848
115.717 -32.050 43.149
-166.288 23.868 47.842
139.933 40.650 39.986
128.850 32.700 47.517
-123.451 48.769 36.172
179.195 -8.525 48.504
-16.907 32.640 52.269
21.231 64.916 -10.930
-94.793 29.310 42.600
73.152 -0.687 50.679
11.933 54.567 39.820
102.107 6.227 41.292
-5.350 36.117 36.815
-3.018 53.450 35.247
11.791 57.685 29.261
-89.957 29.263 27.272
144.650 13.433 47.583
-110.900 27.933 40.472
141.533 40.533 45.600
110.283 20.017 41.543
140.717 41.783 39.007
-63.583 44.667 53.019
132.067 34.900 38.921
27.179 60.563 25.599
145.567 43.283 44.333
22.977 59.823 23.867
1.284 51.947 46.509
9.101 63.425 24.881
24.956 60.154 26.205
-2.920 54.032 34.265
115.738 -31.825 43.440
-155.067 19.733 46.478
-3.134 51.215 41.377
89.467 21.783 36.912
147.330 -42.887 45.624
4.120 51.977 43.090
-4.631 53.308 38.156
114.217 22.300 41.200
159.957 -9.425 53.401
25.973 70.980 32.438
-157.867 21.307 49.202
12.467 56.100 37.067
131.683 32.417 42.749
-124.217 40.767 41.873
-4.111 51.211 41.114
-43.165 -22.897 39.646
-0.186 53.631 42.071
124.167 24.333 44.336
-169.530 16.738 45.811
103.792 1.462 42.591
-78.833 -33.622 40.309
-134.412 58.298 27.819
130.567 31.583 42.726
-156.467 20.900 48.874
23.096 65.697 -9.394
121.282 28.088 39.375
-171.718 -2.810 44.588
120.288 22.615 43.403
154.777 1.098 46.479
21.215 62.344 -6.352
139.750 35.517 45.737
121.745 25.157 42.548
101.358 3.050 40.444
102.153 2.215 45.298
24.515 65.673 -10.342
70.220 -49.345 57.762
-131.625 55.333 29.853
-81.808 24.553 47.932
-5.050 58.457 36.538
12.894 55.522 43.621
23.033 -34.050 44.432
99.817 11.795 41.509
98.425 7.832 46.014
135.183 34.683 39.626
133.567 33.500 38.617
-152.512 57.732 39.138
134.583 34.017 38.892
116.067 5.983 42.355
103.430 3.975 43.951
130.200 32.600 44.965
103.443 1.325 44.272
15.589 56.105 39.257
11.127 58.997 23.440
135.767 33.483 40.354
144.367 42.983 35.811
167.733 8.733 52.092
-8.400 43.367 42.407
-117.257 32.867 42.821
-80.917 -2.200 40.331
-110.345 24.162 45.532
-1.221 46.158 37.513
-87.817 13.333 44.213
17.865 58.742 24.512
99.765 6.432 43.696
177.433 -17.600 44.449
-4.781 48.359 42.981
0.106 49.482 36.746
-1.765 47.205 39.946
123.750 13.150 45.156
-3.182 55.990 38.372
-1.140 60.155 41.844
-1.794 46.497 39.721
-75.120 38.782 55.587
119.417 34.750 42.010
-64.753 17.697 42.486
10.299 43.546 37.165
-3.825 53.332 35.744
-80.717 -6.933 39.253
159.067 -31.517 49.361
-118.272 33.720 38.842
-64.883 47.083 61.843
1.751 52.473 44.581
15.150 -26.650 49.174
100.613 4.240 40.603
121.617 32.133 41.730
5.113 61.934 35.032
-67.047 17.972 42.989
137.617 34.683 36.112
135.383 35.467 44.820
171.373 7.107 48.838
130.300 31.267 42.530
-4.417 36.717 38.277
134.463 7.330 50.233
73.527 4.190 48.863
-7.333 55.367 37.317
120.967 14.583 42.008
21.463 61.594 0.746
174.500 -35.833 48.120
16.837 58.554 27.047
173.200 52.833 47.017
-72.117 -17.000 39.184
132.717 33.867 43.432
-81.432 30.395 51.237
-106.422 23.198 41.935
139.817 34.917 42.523
15.563 38.196 40.697
-177.367 28.217 47.165
-5.014 51.702 40.935
-4.906 55.750 34.310
50.600 26.233 34.944
130.450 32.617 44.397
139.482 34.067 42.149
141.983 39.650 48.844
-157.800 21.433 49.314
7.421 43.729 37.368
-71.960 41.048 54.810
-121.888 36.605 43.418
22.133 -34.183 44.926
134.167 33.267 38.346
129.867 32.733 45.610
136.883 35.083 38.172
127.667 26.200 46.881
129.842 29.842 46.309
-1.634 47.194 40.325
-70.097 41.285 52.516
176.917 -39.483 49.999
14.269 40.841 39.646
166.905 -0.528 45.085
-159.350 21.967 45.379
129.495 28.382 47.007
-124.617 48.368 35.857
-72.087 41.355 53.751
-74.015 40.700 53.551
0.057 50.782 37.824
-5.542 50.102 42.142
-71.327 41.505 52.621
-122.910 49.200 35.219
130.992 30.735 46.068
-1.440 55.007 39.821
-60.250 46.217 59.086
166.437 -22.292 49.579
-175.167 -21.133 47.509
-140.082 -8.930 43.683
11.950 78.933 10.327
141.717 39.067 38.087
141.750 39.017 37.800
139.383 34.783 44.567
17.097 57.366 32.209
138.217 34.617 39.134
140.900 36.933 38.487
135.433 34.650 39.172
16.478 57.275 32.216
10.734 59.909 23.144
25.418 65.040 -8.876
130.217 32.983 43.080
136.217 34.067 40.042
-170.683 -14.283 51.624
-81.167 -5.083 40.070
-149.567 -17.525 40.051
-123.451 48.654 36.027
100.347 5.422 40.133
-158.053 -8.977 41.532
-87.213 30.403 46.264
-75.142 39.933 58.126
22.690 63.709 -5.302
158.243 6.987 47.782
-123.253 49.337 35.762
-25.672 37.735 50.545
-123.440 48.125 36.732
-59.133 47.567 58.406
-1.062 45.569 39.633
25.630 -33.960 45.988
118.575 -20.318 45.154
150.912 -34.473 48.307
57.495 -20.155 50.926
16.867 -29.250 45.606
-3.446 47.644 37.559
3.107 42.520 39.233
-127.489 50.722 25.534
-97.215 26.060 40.949
-70.247 43.657 49.599
141.600 -38.333 41.156
-5.120 54.843 35.788
-120.760 35.177 42.446
-1.112 50.803 38.732
-130.324 54.317 20.897
-71.401 41.807 52.267
-87.950 15.833 46.666
-15.417 28.133 45.891
-72.967 -41.483 24.150
-67.617 -54.933 27.927
-132.072 53.252 31.707
24.407 64.666 -7.976
-159.775 -21.207 41.712
20.895 63.986 -8.523
21.426 61.133 1.210
-75.573 39.558 57.507
-21.940 64.151 24.976
-134.953 -23.125 44.497
12.113 57.250 29.102
-97.047 28.022 42.832
63.418 -19.668 45.355
11.230 64.859 23.257
-3.966 48.718 40.319
150.790 -23.162 47.672
-17.750 28.683 49.658
-93.870 29.730 31.020
133.333 36.200 47.567
-2.246 47.140 38.781
-1.682 43.395 37.587
-2.028 48.641 41.607
-2.202 47.267 39.285
-66.063 45.251 49.611
145.742 15.227 42.576
133.250 35.550 38.981
17.950 -33.017 47.042
-95.203 16.160 41.130
-117.173 32.713 42.226
-80.108 -26.292 38.001
-122.465 37.807 38.484
-90.833 13.917 44.559
-66.117 18.460 43.512
-160.502 55.337 40.749
-74.009 40.467 54.010
-90.313 -0.755 45.870
-118.500 34.008 37.405
-122.339 47.603 35.507
104.115 1.932 42.059
-151.720 59.441 34.399
-149.427 60.120 34.212
-76.330 36.947 56.215
115.350 22.750 40.685
0.743 51.442 44.757
119.550 35.383 43.278
138.517 35.017 39.430
135.383 33.683 40.596
18.433 -34.183 45.696
14.358 55.557 43.006
-135.342 57.052 33.841
19.012 63.191 -7.934
-135.327 59.450 28.337
12.829 55.417 43.908
11.218 58.354 23.601
-76.452 38.317 56.793
-124.043 44.625 40.098
17.531 62.363 -6.460
147.933 -42.550 48.473
-78.918 33.655 51.942
-82.627 27.760 48.709
-52.717 47.567 55.232
11.832 58.093 29.505
-123.181 49.125 36.758
-2.117 49.183 42.392
18.082 59.325 17.150
-6.389 58.207 38.801
134.900 34.350 38.969
178.427 -18.132 45.660
39.600 -69.000 39.753
134.050 34.350 38.437
-81.282 -4.582 39.888
103.853 1.262 41.965
135.183 34.333 40.096
174.033 -39.050 41.583
-5.600 36.000 34.726
176.183 -37.650 45.097
117.883 4.233 45.737
-16.240 28.480 50.208
133.640 -32.150 43.432
104.140 2.807 43.060
136.850 34.467 39.773
-6.064 56.623 36.240
-125.913 49.154 31.587
139.767 35.650 41.709
132.967 32.783 41.109
5.913 43.117 37.569
146.833 -19.250 44.179
137.217 36.767 40.074
7.567 58.000 38.058
13.750 45.650 32.923
151.850 7.450 46.310
-78.730 1.817 36.746
22.101 60.428 13.979
138.883 35.017 40.417
-5.158 57.895 35.279
-166.537 53.880 44.222
133.950 34.483 39.515
135.900 33.567 39.591
132.550 33.233 43.588
21.571 63.081 -7.975
-146.362 61.125 30.831
-0.330 39.460 39.461
-71.633 -33.033 32.600
-123.110 49.287 35.950
12.217 57.100 32.123
31.100 70.333 34.732
12.426 45.419 33.836
-123.370 48.422 34.868
12.579 56.142 37.266
18.284 57.639 36.265
135.150 34.217 40.144
166.617 19.283 44.302
141.683 45.400 41.465
14.500 -22.950 49.038
-77.022 38.873 54.917
174.783 -41.283 43.890
-2.448 50.608 40.495
-0.614 54.490 42.006
-3.086 58.441 39.522
-123.965 46.708 39.353
-73.782 40.793 55.481
-77.953 34.227 51.364
18.419 54.797 35.539
-62.700 45.683 56.838
-70.672 41.523 52.120
-3.568 54.651 36.039
128.102 -15.453 42.893
118.067 24.450 41.441
-139.733 59.548 29.160
138.128 9.508 43.969
-66.117 43.833 52.690
139.633 35.467 42.435
13.817 55.417 42.108
39.190 -6.155 45.312
111.833 21.583 40.895
