144.283 44.017 66.112
-2.075 57.143 69.258
131.417 31.583 72.693
-89.833 13.583 83.458
-99.912 16.840 76.454
-176.632 51.863 80.361
-122.298 37.772 76.664
-126.931 50.587 55.545
-5.433 36.117 57.835
-149.890 61.238 68.531
-76.482 38.983 95.676
-70.400 -23.650 62.207
-53.983 47.300 85.374
-13.530 28.972 78.680
-123.767 46.208 77.279
-74.418 39.355 99.000
-2.715 51.511 65.749
141.500 38.300 65.756
-79.573 8.962 76.760
-76.578 39.267 94.160
-90.285 -0.437 78.577
-125.136 48.836 72.560
2.163 41.342 67.299
-68.205 44.392 82.928
12.903 55.756 64.737
-1.515 43.527 62.491
109.083 21.483 68.837
-128.143 52.163 50.391
-64.700 32.400 92.823
-3.050 43.357 68.428
-6.340 36.800 64.588
141.917 -10.600 79.800
-71.052 42.355 91.420
1.578 50.727 71.911
-4.500 48.383 72.223
-73.182 41.173 93.332
153.167 -27.367 83.499
122.217 -18.000 82.839
-77.100 3.900 72.049
-58.500 -34.667 56.228
152.380 -24.767 85.703
145.915 -41.050 78.760
-109.908 22.880 87.318
-6.283 36.533 65.618
1.868 50.969 67.493
-77.150 -12.050 71.646
-76.068 38.573 95.846
-125.247 50.042 66.485
-47.925 -25.017 64.696
147.058 -19.277 75.511
18.433 -33.900 81.561
-74.960 38.968 93.329
113.652 -24.898 82.465
-75.533 10.383 78.680
-9.417 38.692 68.919
15.094 37.498 64.597
103.187 5.265 76.951
-5.317 35.900 59.680
91.050 22.217 63.124
-124.322 43.345 80.059
-79.925 32.782 89.559
-64.920 18.335 79.580
-63.117 46.233 86.223
-1.635 49.651 66.184
-76.113 36.967 97.367
142.200 27.100 80.855
140.867 35.750 71.490
-157.472 1.982 84.263
-94.200 58.783 3.257
96.883 -12.117 90.659
-1.890 47.277 70.628
-145.753 60.558 63.234
-97.217 27.580 75.976
91.833 21.450 61.292
-124.183 41.745 79.178
-79.915 9.355 79.066
1.302 52.934 73.166
8.717 53.867 68.270
130.850 -12.467 82.371
20.385 60.032 11.133
6.933 53.326 73.668
4.746 52.965 66.967
-4.185 50.368 75.012
1.085 49.929 79.609
-2.088 47.306 69.633
108.617 19.100 74.732
1.318 51.117 73.164
-75.740 36.183 99.223
2.367 51.048 68.933
31.050 -29.867 78.310
27.917 -33.017 85.145
-109.448 -27.150 63.022
-66.985 44.903 85.914
162.387 11.430 93.098
-116.633 31.850 88.229
8.433 55.467 69.744
-79.647 0.992 69.392
121.900 -33.867 79.404
-64.267 -65.250 -8.133
1.348 51.957 75.189
-81.467 30.672 88.776
-4.983 52.014 68.956
18.211 60.409 6.087
151.233 -33.850 81.239
-80.902 32.033 89.822
-95.308 28.948 79.861
115.717 -32.050 80.121
-166.288 23.868 87.468
139.933 40.650 69.713
128.850 32.700 79.228
-123.451 48.769 73.543
179.195 -8.525 87.601
-16.907 32.640 85.445
21.231 64.916 -18.053
-94.793 29.310 74.217
73.152 -0.687 88.564
11.933 54.567 66.318
102.107 6.227 70.239
-5.350 36.117 62.462
-3.018 53.450 55.377
11.791 57.685 47.711
-89.957 29.263 62.067
144.650 13.433 82.815
-110.900 27.933 78.241
141.533 40.533 76.968
110.283 20.017 69.419
140.717 41.783 67.543
-63.583 44.667 93.484
132.067 34.900 65.068
27.179 60.563 36.758
145.567 43.283 76.008
22.977 59.823 33.904
1.284 51.947 77.157
9.101 63.425 35.465
24.956 60.154 37.361
-2.920 54.032 54.158
115.738 -31.825 80.435
-155.067 19.733 85.843
-3.134 51.215 68.477
89.467 21.783 64.190
147.330 -42.887 75.806
4.120 51.977 67.170
-4.631 53.308 67.206
114.217 22.300 70.051
159.957 -9.425 91.889
25.973 70.980 49.596
-157.867 21.307 89.999
12.467 56.100 61.115
131.683 32.417 73.025
-124.217 40.767 81.036
-4.111 51.211 70.696
-43.165 -22.897 67.518
-0.186 53.631 71.899
124.167 24.333 74.897
-169.530 16.738 83.142
103.792 1.462 74.424
-78.833 -33.622 71.692
-134.412 58.298 58.884
130.567 31.583 71.459
-156.467 20.900 89.634
23.096 65.697 -15.862
121.282 28.088 65.590
-171.718 -2.810 85.131
120.288 22.615 75.414
154.777 1.098 86.155
21.215 62.344 -14.178
139.750 35.517 76.893
121.745 25.157 70.659
101.358 3.050 71.466
102.153 2.215 80.020
24.515 65.673 -18.523
70.220 -49.345 98.536
-131.625 55.333 64.846
-81.808 24.553 85.965
-5.050 58.457 60.400
12.894 55.522 68.622
23.033 -34.050 79.013
99.817 11.795 69.889
98.425 7.832 81.843
135.183 34.683 66.985
133.567 33.500 66.435
-152.512 57.732 75.803
134.583 34.017 67.481
116.067 5.983 75.583
103.430 3.975 77.442
130.200 32.600 75.098
103.443 1.325 74.711
15.589 56.105 60.243
11.127 58.997 37.974
135.767 33.483 69.124
144.367 42.983 65.723
167.733 8.733 91.484
-8.400 43.367 74.734
-117.257 32.867 83.142
-80.917 -2.200 74.510
-110.345 24.162 87.751
-1.221 46.158 65.381
-87.817 13.333 83.148
17.865 58.742 36.719
99.765 6.432 80.439
177.433 -17.600 81.271
-4.781 48.359 75.136
0.106 49.482 63.485
-1.765 47.205 68.329
123.750 13.150 81.293
-3.182 55.990 65.650
-1.140 60.155 68.838
-1.794 46.497 68.988
-75.120 38.782 91.020
119.417 34.750 68.987
-64.753 17.697 77.299
10.299 43.546 60.145
-3.825 53.332 55.880
-80.717 -6.933 70.483
159.067 -31.517 80.034
-118.272 33.720 77.630
-64.883 47.083 112.623
1.751 52.473 70.648
15.150 -26.650 87.504
100.613 4.240 71.662
121.617 32.133 66.684
5.113 61.934 55.139
-67.047 17.972 79.334
137.617 34.683 63.713
135.383 35.467 76.483
171.373 7.107 88.676
130.300 31.267 70.543
-4.417 36.717 63.686
134.463 7.330 87.570
73.527 4.190 85.814
-7.333 55.367 64.136
120.967 14.583 72.129
21.463 61.594 -3.910
174.500 -35.833 76.076
16.837 58.554 39.865
173.200 52.833 85.601
-72.117 -17.000 72.345
132.717 33.867 75.299
-81.432 30.395 90.295
-106.422 23.198 81.088
139.817 34.917 72.244
15.563 38.196 66.235
-177.367 28.217 83.162
-5.014 51.702 71.295
-4.906 55.750 56.604
50.600 26.233 56.677
130.450 32.617 74.541
139.482 34.067 71.952
141.983 39.650 81.508
-157.800 21.433 91.370
7.421 43.729 60.556
-71.960 41.048 90.088
-121.888 36.605 82.943
22.133 -34.183 81.322
134.167 33.267 66.409
129.867 32.733 76.276
136.883 35.083 66.393
127.667 26.200 78.256
129.842 29.842 76.012
-1.634 47.194 70.101
-70.097 41.285 92.194
176.917 -39.483 79.827
14.269 40.841 64.666
166.905 -0.528 83.716
-159.350 21.967 84.875
129.495 28.382 78.141
-124.617 48.368 73.762
-72.087 41.355 87.408
-74.015 40.700 91.976
0.057 50.782 62.389
-5.542 50.102 73.825
-71.327 41.505 93.478
-122.910 49.200 70.970
130.992 30.735 77.006
-1.440 55.007 64.578
-60.250 46.217 103.486
166.437 -22.292 85.387
-175.167 -21.133 82.851
-140.082 -8.930 83.759
11.950 78.933 34.736
141.717 39.067 66.815
141.750 39.017 66.433
139.383 34.783 76.062
17.097 57.366 48.440
138.217 34.617 67.927
140.900 36.933 65.684
135.433 34.650 66.453
16.478 57.275 48.308
10.734 59.909 36.743
25.418 65.040 -15.501
130.217 32.983 72.492
136.217 34.067 68.119
-170.683 -14.283 90.256
-81.167 -5.083 72.677
-149.567 -17.525 72.718
-123.451 48.654 73.158
100.347 5.422 71.623
-158.053 -8.977 78.253
-87.213 30.403 81.422
-75.142 39.933 99.088
22.690 63.709 -12.461
158.243 6.987 86.378
-123.253 49.337 73.559
-25.672 37.735 85.360
-123.440 48.125 72.880
-59.133 47.567 103.711
-1.062 45.569 69.602
25.630 -33.960 83.472
118.575 -20.318 81.165
150.912 -34.473 83.613
57.495 -20.155 90.720
16.867 -29.250 81.796
-3.446 47.644 65.764
3.107 42.520 65.091
-127.489 50.722 55.064
-97.215 26.060 74.884
-70.247 43.657 93.609
141.600 -38.333 74.614
-5.120 54.843 63.946
-120.760 35.177 81.642
-1.112 50.803 65.184
-130.324 54.317 48.914
-71.401 41.807 88.790
-87.950 15.833 80.880
-15.417 28.133 78.472
-72.967 -41.483 43.174
-67.617 -54.933 35.752
-132.072 53.252 67.001
24.407 64.666 -14.804
-159.775 -21.207 72.705
20.895 63.986 -17.210
21.426 61.133 -3.484
-75.573 39.558 102.325
-21.940 64.151 53.624
-134.953 -23.125 79.703
12.113 57.250 47.383
-97.047 28.022 77.158
63.418 -19.668 82.510
11.230 64.859 35.625
-3.966 48.718 70.668
150.790 -23.162 84.609
-17.750 28.683 83.703
-93.870 29.730 64.435
133.333 36.200 80.049
-2.246 47.140 68.139
-1.682 43.395 63.497
-2.028 48.641 69.506
-2.202 47.267 68.591
-66.063 45.251 86.579
145.742 15.227 75.480
133.250 35.550 64.407
17.950 -33.017 84.585
-95.203 16.160 79.181
-117.173 32.713 82.164
-80.108 -26.292 70.419
-122.465 37.807 75.906
-90.833 13.917 82.619
-66.117 18.460 79.678
-160.502 55.337 79.156
-74.009 40.467 91.744
-90.313 -0.755 83.640
-118.500 34.008 74.785
-122.339 47.603 72.598
104.115 1.932 72.917
-151.720 59.441 69.786
-149.427 60.120 68.997
-76.330 36.947 95.034
115.350 22.750 69.321
0.743 51.442 74.182
119.550 35.383 71.143
138.517 35.017 68.224
135.383 33.683 69.604
18.433 -34.183 82.503
14.358 55.557 67.106
-135.342 57.052 68.801
19.012 63.191 -15.881
-135.327 59.450 60.619
12.829 55.417 66.383
11.218 58.354 38.335
-76.452 38.317 95.949
-124.043 44.625 78.293
17.531 62.363 -12.923
147.933 -42.550 77.707
-78.918 33.655 90.369
-82.627 27.760 83.490
-52.717 47.567 98.027
11.832 58.093 47.510
-123.181 49.125 74.045
-2.117 49.183 70.642
18.082 59.325 24.756
-6.389 58.207 67.958
134.900 34.350 67.868
178.427 -18.132 82.317
39.600 -69.000 60.571
134.050 34.350 66.521
-81.282 -4.582 71.968
103.853 1.262 73.398
135.183 34.333 68.440
174.033 -39.050 66.127
-5.600 36.000 59.517
176.183 -37.650 71.674
117.883 4.233 77.568
-16.240 28.480 84.087
133.640 -32.150 78.509
104.140 2.807 74.162
136.850 34.467 67.833
-6.064 56.623 61.109
-125.913 49.154 65.787
139.767 35.650 70.545
132.967 32.783 71.028
5.913 43.117 62.759
146.833 -19.250 75.064
137.217 36.767 68.820
7.567 58.000 61.344
13.750 45.650 56.735
151.850 7.450 83.319
-78.730 1.817 67.903
22.101 60.428 15.118
138.883 35.017 70.030
-5.158 57.895 62.202
-166.537 53.880 83.689
133.950 34.483 64.778
135.900 33.567 67.368
132.550 33.233 75.059
21.571 63.081 -16.932
-146.362 61.125 64.025
-0.330 39.460 65.561
-71.633 -33.033 57.192
-123.110 49.287 73.902
12.217 57.100 51.900
31.100 70.333 54.760
12.426 45.419 57.607
-123.370 48.422 71.909
12.579 56.142 58.444
18.284 57.639 54.127
135.150 34.217 68.570
166.617 19.283 78.865
141.683 45.400 72.409
14.500 -22.950 86.096
-77.022 38.873 91.104
174.783 -41.283 70.224
-2.448 50.608 67.073
-0.614 54.490 68.971
-3.086 58.441 68.053
-123.965 46.708 77.115
-73.782 40.793 92.602
-77.953 34.227 87.537
18.419 54.797 54.519
-62.700 45.683 97.630
-70.672 41.523 88.694
-3.568 54.651 61.789
128.102 -15.453 76.252
118.067 24.450 69.970
-139.733 59.548 62.743
138.128 9.508 77.374
-66.117 43.833 91.284
139.633 35.467 71.684
13.817 55.417 64.960
39.190 -6.155 80.150
111.833 21.583 70.361
