144.283 44.017 36.028
-2.075 57.143 41.791
131.417 31.583 42.133
-89.833 13.583 44.437
-99.912 16.840 41.327
-176.632 51.863 43.484
-122.298 37.772 41.856
-126.931 50.587 29.502
29.917 31.217 37.213
-5.433 36.117 34.042
-149.890 61.238 36.762
13.506 43.625 38.940
-76.482 38.983 56.333
-70.400 -23.650 33.719
-84.982 29.727 -14.705
-171.750 -13.817 50.198
-53.983 47.300 50.891
-13.530 28.972 43.881
-123.767 46.208 42.568
-74.418 39.355 57.048
-2.715 51.511 39.578
141.500 38.300 36.688
-79.573 8.962 43.940
-76.578 39.267 56.133
-90.285 -0.437 43.673
-125.136 48.836 39.572
2.163 41.342 39.068
-68.205 44.392 47.110
16.912 41.137 36.329
12.903 55.756 40.148
-59.633 -62.483 13.022
-1.515 43.527 35.387
109.083 21.483 39.078
-128.143 52.163 25.672
-64.700 32.400 50.715
-3.050 43.357 38.537
168.350 -46.600 40.932
-6.340 36.800 38.003
141.917 -10.600 44.675
-71.052 42.355 50.254
1.578 50.727 42.152
-4.500 48.383 41.667
-73.182 41.173 56.250
153.167 -27.367 46.254
122.217 -18.000 46.319
-77.100 3.900 38.923
-58.500 -34.667 33.280
152.380 -24.767 48.051
145.915 -41.050 43.144
-109.908 22.880 46.852
-6.283 36.533 37.818
9.114 39.210 39.452
1.868 50.969 41.199
-77.150 -12.050 38.680
-76.068 38.573 57.637
-125.247 50.042 35.816
-47.925 -25.017 36.781
147.058 -19.277 44.342
18.433 -33.900 44.887
-74.960 38.968 56.105
113.652 -24.898 45.329
-75.533 10.383 44.470
-9.417 38.692 40.158
15.094 37.498 38.687
-83.032 29.135 53.542
103.187 5.265 42.780
-5.317 35.900 34.019
91.050 22.217 38.040
-124.322 43.345 44.398
-79.925 32.782 52.027
-64.920 18.335 44.985
-63.117 46.233 47.953
-1.635 49.651 37.167
-76.113 36.967 58.809
142.200 27.100 46.808
140.867 35.750 41.845
-157.472 1.982 46.016
-94.200 58.783 -13.543
96.883 -12.117 50.341
-1.890 47.277 40.614
-145.753 60.558 33.843
-97.217 27.580 43.454
91.833 21.450 36.661
-124.183 41.745 43.434
-79.915 9.355 44.618
1.302 52.934 44.558
8.717 53.867 41.095
130.850 -12.467 45.552
20.385 60.032 7.695
6.933 53.326 45.867
4.746 52.965 40.752
-4.185 50.368 44.330
1.085 49.929 46.651
-2.088 47.306 40.439
108.617 19.100 41.564
1.318 51.117 43.891
-75.740 36.183 59.208
2.367 51.048 41.385
31.050 -29.867 43.398
27.917 -33.017 46.665
-109.448 -27.150 35.618
-66.985 44.903 49.321
162.387 11.430 51.597
-116.633 31.850 48.541
8.433 55.467 42.509
-79.647 0.992 38.340
121.900 -33.867 44.453
-64.267 -65.250 -2.691
1.348 51.957 47.034
-81.467 30.672 51.683
-4.983 52.014 39.401
18.211 60.409 3.342
151.233 -33.850 45.196
-80.902 32.033 51.934
-95.308 28.948 47.920
115.717 -32.050 44.123
-166.288 23.868 47.590
-123.010 48.547 41.315
139.933 40.650 38.185
128.850 32.700 44.516
-123.451 48.769 39.908
179.195 -8.525 48.652
-16.907 32.640 50.042
21.231 64.916 -12.919
-94.793 29.310 44.062
73.152 -0.687 48.893
11.933 54.567 38.015
102.107 6.227 39.677
-5.350 36.117 35.693
-5.698 43.558 37.773
-3.018 53.450 34.321
11.791 57.685 27.752
-89.957 29.263 28.616
136.417 -13.860 47.157
144.650 13.433 45.322
-110.900 27.933 42.019
141.533 40.533 42.818
110.283 20.017 41.287
140.717 41.783 37.299
-63.583 44.667 54.633
132.067 34.900 37.626
27.179 60.563 21.813
145.567 43.283 42.514
22.977 59.823 20.067
1.284 51.947 46.032
9.101 63.425 21.134
24.956 60.154 22.020
-2.920 54.032 33.453
115.738 -31.825 44.364
-155.067 19.733 46.764
-3.134 51.215 41.445
89.467 21.783 37.048
147.330 -42.887 44.317
4.120 51.977 40.722
-4.631 53.308 38.663
114.217 22.300 40.563
159.957 -9.425 51.361
25.973 70.980 28.565
-157.867 21.307 49.244
12.467 56.100 34.903
131.683 32.417 42.401
-6.834 37.132 38.509
-124.217 40.767 44.990
-4.111 51.211 42.185
-43.165 -22.897 38.267
-0.186 53.631 43.145
124.167 24.333 43.693
-169.530 16.738 45.581
103.792 1.462 40.912
-78.833 -33.622 38.894
-134.412 58.298 30.791
130.567 31.583 41.165
-156.467 20.900 48.596
23.096 65.697 -12.547
121.282 28.088 39.387
-171.718 -2.810 45.763
120.288 22.615 42.222
154.777 1.098 46.977
21.215 62.344 -9.455
139.750 35.517 44.216
121.745 25.157 41.829
101.358 3.050 39.857
102.153 2.215 44.048
24.515 65.673 -13.025
70.220 -49.345 53.403
-131.625 55.333 33.531
-81.808 24.553 48.727
-5.050 58.457 37.314
-75.988 37.165 61.767
12.894 55.522 40.606
23.033 -34.050 44.836
99.817 11.795 39.550
98.425 7.832 45.663
135.183 34.683 38.827
133.567 33.500 38.343
-152.512 57.732 40.994
134.583 34.017 38.130
116.067 5.983 41.934
103.430 3.975 43.050
130.200 32.600 42.321
103.443 1.325 41.551
15.589 56.105 35.168
11.127 58.997 22.322
135.767 33.483 38.643
144.367 42.983 36.028
167.733 8.733 51.050
-8.400 43.367 42.431
-117.257 32.867 44.409
-80.917 -2.200 40.544
-110.345 24.162 46.907
-1.221 46.158 37.661
-87.817 13.333 45.427
17.865 58.742 20.849
99.765 6.432 44.171
177.433 -17.600 45.058
-4.781 48.359 43.377
0.106 49.482 35.770
-1.765 47.205 40.673
123.750 13.150 44.665
-3.182 55.990 38.560
-1.140 60.155 40.979
-1.794 46.497 40.224
-75.120 38.782 55.735
119.417 34.750 40.976
-64.753 17.697 44.046
10.299 43.546 36.129
-3.825 53.332 34.817
-80.717 -6.933 39.181
159.067 -31.517 46.980
-118.272 33.720 40.535
-64.883 47.083 63.958
1.751 52.473 43.911
15.150 -26.650 47.945
100.613 4.240 40.087
121.617 32.133 41.109
172.717 -43.600 42.606
5.113 61.934 32.900
-67.047 17.972 44.195
137.617 34.683 36.364
135.383 35.467 43.214
171.373 7.107 48.538
130.300 31.267 40.956
-4.417 36.717 36.561
134.463 7.330 48.303
73.527 4.190 47.279
-7.333 55.367 36.975
120.967 14.583 40.411
21.463 61.594 -2.829
174.500 -35.833 45.235
16.837 58.554 23.210
173.200 52.833 47.735
-72.117 -17.000 38.903
132.717 33.867 42.717
-81.432 30.395 52.165
-106.422 23.198 43.801
139.817 34.917 41.277
15.563 38.196 39.358
-177.367 28.217 47.355
-5.014 51.702 41.859
-4.906 55.750 34.721
50.600 26.233 32.628
130.450 32.617 41.930
139.482 34.067 41.119
141.983 39.650 46.608
-157.800 21.433 49.411
7.421 43.729 36.316
-71.960 41.048 55.442
-121.888 36.605 45.619
22.133 -34.183 45.006
134.167 33.267 38.095
129.867 32.733 42.901
136.883 35.083 38.068
127.667 26.200 45.573
-61.683 56.550 48.771
129.842 29.842 44.443
-1.634 47.194 40.814
-70.097 41.285 52.622
176.917 -39.483 46.090
-81.808 26.132 51.938
14.269 40.841 38.285
166.905 -0.528 45.696
-159.350 21.967 45.678
129.495 28.382 45.540
-124.617 48.368 39.462
-72.087 41.355 53.665
-74.015 40.700 55.012
0.057 50.782 36.738
-5.542 50.102 42.759
-71.327 41.505 52.942
-2.987 51.550 43.124
-122.910 49.200 39.272
130.992 30.735 44.132
-1.440 55.007 38.940
-60.250 46.217 59.319
166.437 -22.292 48.622
-175.167 -21.133 46.754
-140.082 -8.930 44.880
11.950 78.933 13.559
141.717 39.067 36.956
141.750 39.017 36.851
139.383 34.783 42.793
17.097 57.366 28.172
138.217 34.617 38.358
140.900 36.933 36.864
135.433 34.650 38.502
16.478 57.275 28.188
10.734 59.909 21.577
18.497 40.147 36.836
25.418 65.040 -12.247
130.217 32.983 40.986
136.217 34.067 39.044
-170.683 -14.283 51.483
-81.167 -5.083 40.191
15.275 40.032 38.431
-149.567 -17.525 40.163
-123.451 48.654 39.945
100.347 5.422 39.665
-158.053 -8.977 42.862
-87.213 30.403 48.140
-75.142 39.933 59.608
22.690 63.709 -9.038
158.243 6.987 47.385
-123.253 49.337 39.473
-25.672 37.735 49.653
-123.440 48.125 40.655
-59.133 47.567 58.953
-1.062 45.569 39.754
-80.593 28.415 50.678
25.630 -33.960 45.965
118.575 -20.318 45.233
150.912 -34.473 46.929
57.495 -20.155 50.515
16.867 -29.250 44.460
138.467 -35.108 41.395
-3.446 47.644 37.424
3.107 42.520 38.069
168.300 -17.767 51.559
-6.190 55.627 37.881
-4.768 54.085 38.522
-127.489 50.722 28.934
-97.215 26.060 42.491
-70.247 43.657 51.220
141.600 -38.333 41.383
-5.120 54.843 37.276
-6.657 55.207 36.958
-120.760 35.177 44.541
-1.112 50.803 37.850
-130.324 54.317 24.409
-71.401 41.807 52.115
-148.527 70.400 46.693
55.528 -4.672 47.277
-82.860 8.273 41.546
-87.950 15.833 45.411
-15.417 28.133 44.710
-72.967 -41.483 23.080
-67.617 -54.933 22.073
-132.072 53.252 35.232
24.407 64.666 -10.978
-159.775 -21.207 41.631
20.895 63.986 -12.106
21.426 61.133 -2.630
-75.573 39.558 58.877
55.285 -20.935 54.322
-21.940 64.151 26.464
-134.953 -23.125 43.757
12.113 57.250 27.522
-97.047 28.022 44.777
63.418 -19.668 46.596
11.230 64.859 21.007
-3.966 48.718 40.861
150.790 -23.162 47.337
-17.750 28.683 47.582
-93.870 29.730 30.846
133.333 36.200 44.231
-2.246 47.140 39.193
-1.682 43.395 35.943
-2.028 48.641 41.385
-2.202 47.267 39.568
-66.063 45.251 50.006
145.742 15.227 42.398
133.250 35.550 36.354
17.950 -33.017 46.442
-95.203 16.160 42.737
-117.173 32.713 43.964
-80.108 -26.292 37.508
-122.465 37.807 41.098
-90.833 13.917 45.229
-66.117 18.460 44.644
-75.200 -15.367 37.843
-160.502 55.337 43.371
118.067 5.810 44.475
-74.009 40.467 55.479
-90.313 -0.755 45.620
-118.500 34.008 39.294
-122.339 47.603 39.391
104.115 1.932 40.778
-151.720 59.441 36.774
-149.427 60.120 37.159
-76.330 36.947 57.539
115.350 22.750 39.690
0.743 51.442 44.522
119.550 35.383 42.361
138.517 35.017 38.547
130.933 33.933 40.965
135.383 33.683 38.798
18.433 -34.183 45.203
14.358 55.557 39.396
-135.342 57.052 37.344
19.012 63.191 -10.695
-135.327 59.450 31.758
12.829 55.417 41.252
11.218 58.354 22.307
-76.452 38.317 57.905
-124.043 44.625 43.681
17.531 62.363 -9.316
147.933 -42.550 44.647
-78.918 33.655 52.655
-82.627 27.760 49.578
-52.717 47.567 58.238
-57.821 -51.692 30.669
11.832 58.093 27.856
-123.181 49.125 40.687
-2.117 49.183 41.952
18.082 59.325 13.840
-6.389 58.207 38.961
134.900 34.350 37.872
178.427 -18.132 45.735
39.600 -69.000 36.422
134.050 34.350 37.805
-81.282 -4.582 40.327
103.853 1.262 40.579
135.183 34.333 38.815
174.033 -39.050 38.624
172.930 1.363 49.448
-5.600 36.000 34.357
176.183 -37.650 40.923
117.883 4.233 43.351
-16.240 28.480 47.916
133.640 -32.150 44.495
104.140 2.807 41.443
136.850 34.467 38.530
-6.064 56.623 36.190
-125.913 49.154 35.225
139.767 35.650 41.141
-109.048 25.600 43.969
132.967 32.783 41.281
5.913 43.117 37.148
146.833 -19.250 43.098
137.217 36.767 37.779
7.567 58.000 35.736
13.750 45.650 32.804
151.850 7.450 45.554
-78.730 1.817 36.856
22.101 60.428 9.783
138.883 35.017 39.033
-5.158 57.895 36.111
-166.537 53.880 45.992
133.950 34.483 36.888
135.900 33.567 38.665
132.550 33.233 42.761
21.571 63.081 -11.545
-146.362 61.125 34.204
-0.330 39.460 38.448
-71.633 -33.033 31.364
-123.110 49.287 39.523
12.217 57.100 30.213
31.100 70.333 30.318
12.426 45.419 33.926
-123.370 48.422 38.868
12.579 56.142 34.921
-8.770 42.601 44.603
18.284 57.639 31.729
135.150 34.217 38.776
166.617 19.283 43.986
141.683 45.400 40.191
14.500 -22.950 47.397
-77.022 38.873 56.077
174.783 -41.283 39.695
-2.448 50.608 40.870
-0.614 54.490 41.207
-3.086 58.441 39.908
-123.965 46.708 43.042
-73.782 40.793 57.261
-77.953 34.227 51.719
18.419 54.797 32.658
-62.700 45.683 55.922
-70.672 41.523 51.967
-3.568 54.651 36.995
128.102 -15.453 42.619
118.067 24.450 40.520
-139.733 59.548 32.922
138.128 9.508 42.956
-66.117 43.833 52.606
139.633 35.467 41.833
13.817 55.417 37.814
39.190 -6.155 43.932
111.833 21.583 39.639
