144.283 44.017 41.269
-2.075 57.143 47.137
131.417 31.583 48.121
-89.833 13.583 49.521
-99.912 16.840 45.685
-176.632 51.863 47.882
-122.298 37.772 45.674
-126.931 50.587 32.311
29.917 31.217 43.790
-5.433 36.117 39.514
-149.890 61.238 39.171
13.506 43.625 43.592
-76.482 38.983 61.208
-70.400 -23.650 38.545
-84.982 29.727 -6.962
-171.750 -13.817 55.076
-53.983 47.300 57.006
-13.530 28.972 50.592
-123.767 46.208 45.236
-74.418 39.355 62.058
-2.715 51.511 44.779
141.500 38.300 42.797
-79.573 8.962 50.778
-76.578 39.267 60.872
-90.285 -0.437 48.933
-125.136 48.836 42.010
2.163 41.342 45.920
-68.205 44.392 53.004
16.912 41.137 42.595
12.903 55.756 47.653
-59.633 -62.483 20.473
-1.515 43.527 42.030
109.083 21.483 44.928
-128.143 52.163 28.473
-64.700 32.400 55.541
-3.050 43.357 45.410
168.350 -46.600 50.170
-6.340 36.800 43.923
141.917 -10.600 50.620
-71.052 42.355 55.301
1.578 50.727 48.349
-4.500 48.383 46.496
-73.182 41.173 61.182
153.167 -27.367 53.163
122.217 -18.000 52.354
-77.100 3.900 43.939
-58.500 -34.667 38.796
152.380 -24.767 54.528
145.915 -41.050 48.417
-109.908 22.880 52.177
-6.283 36.533 44.220
9.114 39.210 45.237
1.868 50.969 46.590
-77.150 -12.050 43.750
-76.068 38.573 62.928
-125.247 50.042 38.726
-47.925 -25.017 43.034
147.058 -19.277 51.071
18.433 -33.900 50.879
-74.960 38.968 62.177
113.652 -24.898 51.018
-75.533 10.383 51.544
-9.417 38.692 46.057
15.094 37.498 44.171
-83.032 29.135 59.109
103.187 5.265 48.600
-5.317 35.900 40.592
91.050 22.217 43.413
-124.322 43.345 47.677
-79.925 32.782 57.658
-64.920 18.335 49.565
-63.117 46.233 58.738
-1.635 49.651 43.737
-76.113 36.967 63.882
142.200 27.100 54.028
140.867 35.750 47.643
-157.472 1.982 51.024
-94.200 58.783 -6.807
96.883 -12.117 57.236
-1.890 47.277 45.633
-145.753 60.558 36.379
-97.217 27.580 47.450
91.833 21.450 42.089
-124.183 41.745 46.689
-79.915 9.355 51.698
1.302 52.934 51.212
8.717 53.867 49.130
130.850 -12.467 51.713
20.385 60.032 17.228
6.933 53.326 51.598
4.746 52.965 48.322
-4.185 50.368 48.575
1.085 49.929 53.029
-2.088 47.306 45.400
108.617 19.100 47.790
1.318 51.117 49.398
-75.740 36.183 64.225
2.367 51.048 47.505
31.050 -29.867 49.271
27.917 -33.017 52.479
-109.448 -27.150 40.265
-66.985 44.903 55.283
162.387 11.430 60.022
-116.633 31.850 53.463
8.433 55.467 50.127
-79.647 0.992 42.861
121.900 -33.867 49.156
-64.267 -65.250 2.601
1.348 51.957 52.452
-81.467 30.672 56.906
-4.983 52.014 44.066
18.211 60.409 12.118
151.233 -33.850 51.513
-80.902 32.033 57.204
-95.308 28.948 53.154
115.717 -32.050 49.140
-166.288 23.868 54.489
-123.010 48.547 43.722
139.933 40.650 45.231
128.850 32.700 52.821
-123.451 48.769 42.752
179.195 -8.525 54.786
-16.907 32.640 57.849
21.231 64.916 -5.963
-94.793 29.310 49.072
73.152 -0.687 56.482
11.933 54.567 44.788
102.107 6.227 46.635
-5.350 36.117 42.071
-5.698 43.558 44.460
-3.018 53.450 40.800
11.791 57.685 34.557
-89.957 29.263 33.857
136.417 -13.860 51.921
144.650 13.433 53.138
-110.900 27.933 46.798
141.533 40.533 50.656
110.283 20.017 46.835
140.717 41.783 44.288
-63.583 44.667 59.713
132.067 34.900 44.079
27.179 60.563 30.545
145.567 43.283 49.952
22.977 59.823 28.821
1.284 51.947 51.809
9.101 63.425 29.968
24.956 60.154 30.797
-2.920 54.032 39.564
115.738 -31.825 49.572
-155.067 19.733 53.018
-3.134 51.215 46.851
89.467 21.783 41.793
147.330 -42.887 50.819
4.120 51.977 48.347
-4.631 53.308 43.547
114.217 22.300 46.119
159.957 -9.425 59.864
25.973 70.980 37.903
-157.867 21.307 55.832
12.467 56.100 42.164
131.683 32.417 47.979
-6.834 37.132 45.046
-124.217 40.767 48.419
-4.111 51.211 46.639
-43.165 -22.897 44.168
-0.186 53.631 47.125
124.167 24.333 49.336
-169.530 16.738 52.512
103.792 1.462 48.382
-78.833 -33.622 43.706
-134.412 58.298 34.029
130.567 31.583 47.776
-156.467 20.900 55.316
23.096 65.697 -4.331
121.282 28.088 44.329
-171.718 -2.810 50.676
120.288 22.615 48.792
154.777 1.098 52.410
21.215 62.344 -1.193
139.750 35.517 51.006
121.745 25.157 47.855
101.358 3.050 46.146
102.153 2.215 50.682
24.515 65.673 -5.071
70.220 -49.345 63.728
-131.625 55.333 36.319
-81.808 24.553 54.246
-5.050 58.457 41.984
-75.988 37.165 66.964
12.894 55.522 48.589
23.033 -34.050 50.116
99.817 11.795 46.798
98.425 7.832 51.199
135.183 34.683 44.874
133.567 33.500 43.860
-152.512 57.732 45.446
134.583 34.017 44.036
116.067 5.983 47.718
103.430 3.975 49.482
130.200 32.600 50.069
103.443 1.325 49.815
15.589 56.105 44.261
11.127 58.997 28.742
135.767 33.483 45.367
144.367 42.983 41.194
167.733 8.733 57.979
-8.400 43.367 47.985
-117.257 32.867 49.177
-80.917 -2.200 45.504
-110.345 24.162 51.908
-1.221 46.158 42.741
-87.817 13.333 50.513
17.865 58.742 29.728
99.765 6.432 49.065
177.433 -17.600 50.322
-4.781 48.359 48.528
0.106 49.482 41.989
-1.765 47.205 45.650
123.750 13.150 50.339
-3.182 55.990 43.800
-1.140 60.155 47.444
-1.794 46.497 45.173
-75.120 38.782 61.650
119.417 34.750 46.876
-64.753 17.697 48.483
10.299 43.546 42.343
-3.825 53.332 41.222
-80.717 -6.933 44.394
159.067 -31.517 54.899
-118.272 33.720 45.384
-64.883 47.083 68.523
1.751 52.473 49.990
15.150 -26.650 54.936
100.613 4.240 46.209
121.617 32.133 46.472
172.717 -43.600 51.335
5.113 61.934 40.546
-67.047 17.972 49.083
137.617 34.683 41.534
135.383 35.467 50.225
171.373 7.107 55.088
130.300 31.267 47.878
-4.417 36.717 43.654
134.463 7.330 56.046
73.527 4.190 55.102
-7.333 55.367 42.848
120.967 14.583 47.621
21.463 61.594 6.006
174.500 -35.833 53.162
16.837 58.554 32.309
173.200 52.833 52.799
-72.117 -17.000 43.935
132.717 33.867 48.743
-81.432 30.395 57.712
-106.422 23.198 48.068
139.817 34.917 47.794
15.563 38.196 45.555
-177.367 28.217 53.378
-5.014 51.702 46.277
-4.906 55.750 39.953
50.600 26.233 39.329
130.450 32.617 49.716
139.482 34.067 47.682
141.983 39.650 53.938
-157.800 21.433 55.883
7.421 43.729 42.328
-71.960 41.048 61.397
-121.888 36.605 49.739
22.133 -34.183 50.599
134.167 33.267 43.737
129.867 32.733 50.672
136.883 35.083 43.577
127.667 26.200 52.175
-61.683 56.550 54.126
129.842 29.842 51.487
-1.634 47.194 45.697
-70.097 41.285 59.051
176.917 -39.483 54.795
-81.808 26.132 57.671
14.269 40.841 44.748
166.905 -0.528 51.132
-159.350 21.967 51.751
129.495 28.382 52.654
-124.617 48.368 42.260
-72.087 41.355 60.170
-74.015 40.700 59.908
0.057 50.782 43.196
-5.542 50.102 47.483
-71.327 41.505 58.797
-2.987 51.550 47.967
-122.910 49.200 41.469
130.992 30.735 51.186
-1.440 55.007 45.489
-60.250 46.217 65.104
166.437 -22.292 55.056
-175.167 -21.133 53.205
-140.082 -8.930 49.247
11.950 78.933 16.325
141.717 39.067 43.306
141.750 39.017 43.123
139.383 34.783 49.931
17.097 57.366 37.075
138.217 34.617 44.400
140.900 36.933 43.954
135.433 34.650 44.513
16.478 57.275 36.618
10.734 59.909 28.358
18.497 40.147 41.787
25.418 65.040 -4.267
130.217 32.983 48.180
136.217 34.067 45.289
-170.683 -14.283 57.359
-81.167 -5.083 45.190
15.275 40.032 44.828
-149.567 -17.525 45.306
-123.451 48.654 42.401
100.347 5.422 45.525
-158.053 -8.977 47.121
-87.213 30.403 52.917
-75.142 39.933 64.527
22.690 63.709 -0.696
158.243 6.987 53.589
-123.253 49.337 42.198
-25.672 37.735 56.485
-123.440 48.125 43.011
-59.133 47.567 65.384
-1.062 45.569 44.989
-80.593 28.415 55.464
25.630 -33.960 51.834
118.575 -20.318 51.094
150.912 -34.473 53.728
57.495 -20.155 57.410
16.867 -29.250 51.138
138.467 -35.108 46.341
-3.446 47.644 43.033
3.107 42.520 44.545
168.300 -17.767 57.862
-6.190 55.627 43.437
-4.768 54.085 43.291
-127.489 50.722 31.910
-97.215 26.060 47.205
-70.247 43.657 55.330
141.600 -38.333 46.684
-5.120 54.843 41.322
-6.657 55.207 42.442
-120.760 35.177 49.098
-1.112 50.803 44.331
-130.324 54.317 27.243
-71.401 41.807 58.399
-148.527 70.400 53.571
55.528 -4.672 54.866
-82.860 8.273 46.139
-87.950 15.833 52.871
-15.417 28.133 51.543
-72.967 -41.483 26.291
-67.617 -54.933 27.374
-132.072 53.252 37.888
24.407 64.666 -3.413
-159.775 -21.207 47.179
20.895 63.986 -3.635
21.426 61.133 6.180
-75.573 39.558 63.764
55.285 -20.935 61.647
-21.940 64.151 30.986
-134.953 -23.125 49.161
12.113 57.250 34.084
-97.047 28.022 49.253
63.418 -19.668 51.798
11.230 64.859 28.277
-3.966 48.718 45.814
150.790 -23.162 53.300
-17.750 28.683 55.428
-93.870 29.730 34.763
133.333 36.200 52.838
-2.246 47.140 44.241
-1.682 43.395 42.853
-2.028 48.641 46.937
-2.202 47.267 44.597
-66.063 45.251 55.498
145.742 15.227 48.401
133.250 35.550 44.195
17.950 -33.017 52.510
-95.203 16.160 47.412
-117.173 32.713 48.688
-80.108 -26.292 41.995
-122.465 37.807 44.879
-90.833 13.917 50.809
-66.117 18.460 49.624
-75.200 -15.367 42.659
-160.502 55.337 47.332
118.067 5.810 50.897
-74.009 40.467 60.296
-90.313 -0.755 51.141
-118.500 34.008 43.869
-122.339 47.603 41.788
104.115 1.932 47.586
-151.720 59.441 40.500
-149.427 60.120 40.434
-76.330 36.947 62.463
115.350 22.750 45.603
0.743 51.442 50.283
119.550 35.383 48.274
138.517 35.017 44.814
130.933 33.933 47.697
135.383 33.683 45.868
18.433 -34.183 51.408
14.358 55.557 48.720
-135.342 57.052 40.210
19.012 63.191 -2.685
-135.327 59.450 34.642
12.829 55.417 48.942
11.218 58.354 28.814
-76.452 38.317 63.323
-124.043 44.625 46.439
17.531 62.363 -1.110
147.933 -42.550 53.871
-78.918 33.655 58.324
-82.627 27.760 54.974
-52.717 47.567 62.066
-57.821 -51.692 36.127
11.832 58.093 34.649
-123.181 49.125 43.261
-2.117 49.183 47.680
18.082 59.325 22.264
-6.389 58.207 44.583
134.900 34.350 44.061
178.427 -18.132 51.444
39.600 -69.000 42.199
134.050 34.350 43.697
-81.282 -4.582 45.178
103.853 1.262 47.585
135.183 34.333 45.334
174.033 -39.050 46.374
172.930 1.363 54.998
-5.600 36.000 40.091
176.183 -37.650 49.853
117.883 4.233 51.120
-16.240 28.480 55.829
133.640 -32.150 49.521
104.140 2.807 48.773
136.850 34.467 44.829
-6.064 56.623 41.891
-125.913 49.154 38.025
139.767 35.650 47.089
-109.048 25.600 48.765
132.967 32.783 46.547
5.913 43.117 42.679
146.833 -19.250 50.002
137.217 36.767 45.199
7.567 58.000 43.423
13.750 45.650 38.056
151.850 7.450 52.297
-78.730 1.817 42.126
22.101 60.428 19.081
138.883 35.017 45.562
-5.158 57.895 41.063
-166.537 53.880 50.425
133.950 34.483 44.525
135.900 33.567 44.820
132.550 33.233 48.691
21.571 63.081 -2.931
-146.362 61.125 37.003
-0.330 39.460 44.862
-71.633 -33.033 36.058
-123.110 49.287 42.145
12.217 57.100 37.057
31.100 70.333 40.085
12.426 45.419 38.904
-123.370 48.422 41.419
12.579 56.142 42.073
-8.770 42.601 49.465
18.284 57.639 41.394
135.150 34.217 45.467
166.617 19.283 50.679
141.683 45.400 46.529
14.500 -22.950 54.676
-77.022 38.873 61.394
174.783 -41.283 48.677
-2.448 50.608 45.952
-0.614 54.490 47.354
-3.086 58.441 44.997
-123.965 46.708 45.556
-73.782 40.793 61.822
-77.953 34.227 57.813
18.419 54.797 40.257
-62.700 45.683 63.109
-70.672 41.523 58.458
-3.568 54.651 41.586
128.102 -15.453 48.501
118.067 24.450 46.488
-139.733 59.548 35.250
138.128 9.508 49.644
-66.117 43.833 58.925
139.633 35.467 47.931
13.817 55.417 46.742
39.190 -6.155 50.967
111.833 21.583 45.783
