144.283 44.017 125.693
-2.075 57.143 130.868
131.417 31.583 136.533
-89.833 13.583 149.194
-99.912 16.840 140.309
-176.632 51.863 148.240
-122.298 37.772 138.640
-126.931 50.587 109.304
-5.433 36.117 111.290
-149.890 61.238 126.381
-76.482 38.983 163.155
-70.400 -23.650 114.948
-53.983 47.300 152.568
-13.530 28.972 146.834
-123.767 46.208 134.728
-74.418 39.355 167.804
-2.715 51.511 122.256
141.500 38.300 129.696
-79.573 8.962 142.639
-76.578 39.267 161.039
-90.285 -0.437 141.943
-125.136 48.836 129.086
2.163 41.342 128.969
-68.205 44.392 155.474
12.903 55.756 126.990
-1.515 43.527 120.367
109.083 21.483 128.582
-128.143 52.163 105.780
-64.700 32.400 159.298
-3.050 43.357 128.033
-6.340 36.800 123.939
141.917 -10.600 146.270
-71.052 42.355 159.034
1.578 50.727 133.849
-4.500 48.383 130.934
-73.182 41.173 159.660
153.167 -27.367 153.036
122.217 -18.000 149.568
-77.100 3.900 133.287
-58.500 -34.667 103.499
152.380 -24.767 154.273
145.915 -41.050 142.246
-109.908 22.880 154.492
-6.283 36.533 126.398
1.868 50.969 124.377
-77.150 -12.050 131.442
-76.068 38.573 165.029
-125.247 50.042 123.690
-47.925 -25.017 121.921
147.058 -19.277 140.418
18.433 -33.900 152.498
-74.960 38.968 161.626
113.652 -24.898 148.885
-75.533 10.383 145.035
-9.417 38.692 129.366
15.094 37.498 118.778
103.187 5.265 140.367
-5.317 35.900 115.660
91.050 22.217 117.743
-124.322 43.345 140.338
-79.925 32.782 155.867
-64.920 18.335 144.555
-63.117 46.233 157.026
-1.635 49.651 123.495
-76.113 36.967 165.346
142.200 27.100 153.245
140.867 35.750 137.958
-157.472 1.982 151.174
-94.200 58.783 58.712
96.883 -12.117 162.750
-1.890 47.277 129.272
-145.753 60.558 119.301
-97.217 27.580 137.475
91.833 21.450 115.517
-124.183 41.745 139.789
-79.915 9.355 146.274
1.302 52.934 134.527
8.717 53.867 128.506
130.850 -12.467 149.200
20.385 60.032 77.987
6.933 53.326 130.907
4.746 52.965 126.818
-4.185 50.368 133.410
1.085 49.929 144.274
-2.088 47.306 126.537
108.617 19.100 138.007
1.318 51.117 135.511
-75.740 36.183 168.535
2.367 51.048 129.656
31.050 -29.867 143.117
27.917 -33.017 155.613
-109.448 -27.150 112.048
-66.985 44.903 156.606
162.387 11.430 168.263
-116.633 31.850 155.802
8.433 55.467 129.880
-79.647 0.992 128.562
121.900 -33.867 143.727
-64.267 -65.250 -10.842
1.348 51.957 135.943
-81.467 30.672 152.913
-4.983 52.014 127.547
18.211 60.409 68.839
151.233 -33.850 146.432
-80.902 32.033 153.819
-95.308 28.948 141.756
115.717 -32.050 143.806
-166.288 23.868 162.767
139.933 40.650 135.103
128.850 32.700 150.019
-123.451 48.769 130.524
179.195 -8.525 154.027
-16.907 32.640 159.737
21.231 64.916 40.576
-94.793 29.310 136.833
73.152 -0.687 161.243
11.933 54.567 126.236
102.107 6.227 134.314
-5.350 36.117 119.252
-3.018 53.450 114.031
11.791 57.685 108.364
-89.957 29.263 123.514
144.650 13.433 154.701
-110.900 27.933 142.782
141.533 40.533 151.880
110.283 20.017 125.378
140.717 41.783 133.630
-63.583 44.667 162.065
132.067 34.900 125.316
27.179 60.563 98.863
145.567 43.283 150.889
22.977 59.823 97.711
1.284 51.947 140.280
9.101 63.425 95.123
24.956 60.154 100.558
-2.920 54.032 112.034
115.738 -31.825 143.814
-155.067 19.733 160.844
-3.134 51.215 127.439
89.467 21.783 119.845
147.330 -42.887 142.502
4.120 51.977 126.448
-4.631 53.308 125.988
114.217 22.300 129.110
159.957 -9.425 161.768
25.973 70.980 113.451
-157.867 21.307 165.073
12.467 56.100 124.607
131.683 32.417 135.795
-124.217 40.767 141.783
-4.111 51.211 129.650
-43.165 -22.897 127.836
-0.186 53.631 130.873
124.167 24.333 139.951
-169.530 16.738 155.431
103.792 1.462 141.227
-78.833 -33.622 120.209
-134.412 58.298 114.031
130.567 31.583 136.272
-156.467 20.900 164.943
23.096 65.697 44.766
121.282 28.088 121.004
-171.718 -2.810 151.478
120.288 22.615 139.536
154.777 1.098 153.858
21.215 62.344 46.717
139.750 35.517 148.775
121.745 25.157 131.588
101.358 3.050 136.044
102.153 2.215 146.230
24.515 65.673 41.496
70.220 -49.345 182.519
-131.625 55.333 121.534
-81.808 24.553 156.311
-5.050 58.457 118.185
12.894 55.522 133.211
23.033 -34.050 143.004
99.817 11.795 135.023
98.425 7.832 147.979
135.183 34.683 127.191
133.567 33.500 125.824
-152.512 57.732 136.415
134.583 34.017 128.778
116.067 5.983 139.770
103.430 3.975 142.157
130.200 32.600 144.577
103.443 1.325 145.595
15.589 56.105 125.575
11.127 58.997 98.305
135.767 33.483 133.457
144.367 42.983 125.797
167.733 8.733 164.185
-8.400 43.367 138.463
-117.257 32.867 150.532
-80.917 -2.200 137.079
-110.345 24.162 155.111
-1.221 46.158 121.528
-87.817 13.333 148.253
17.865 58.742 101.333
99.765 6.432 145.342
177.433 -17.600 148.917
-4.781 48.359 134.631
0.106 49.482 119.858
-1.765 47.205 123.204
123.750 13.150 150.207
-3.182 55.990 126.860
-1.140 60.155 129.363
-1.794 46.497 125.846
-75.120 38.782 158.775
119.417 34.750 134.327
-64.753 17.697 139.598
10.299 43.546 118.773
-3.825 53.332 114.090
-80.717 -6.933 130.250
159.067 -31.517 151.215
-118.272 33.720 140.448
-64.883 47.083 180.363
1.751 52.473 130.226
15.150 -26.650 160.489
100.613 4.240 137.294
121.617 32.133 123.695
5.113 61.934 115.845
-67.047 17.972 145.815
137.617 34.683 120.818
135.383 35.467 148.902
171.373 7.107 159.082
130.300 31.267 133.220
-4.417 36.717 127.754
134.463 7.330 157.646
73.527 4.190 156.514
-7.333 55.367 123.006
120.967 14.583 140.204
21.463 61.594 58.342
174.500 -35.833 143.720
16.837 58.554 104.194
173.200 52.833 154.524
-72.117 -17.000 129.681
132.717 33.867 141.633
-81.432 30.395 155.366
-106.422 23.198 146.249
139.817 34.917 139.959
15.563 38.196 124.752
-177.367 28.217 154.552
-5.014 51.702 129.064
-4.906 55.750 113.902
50.600 26.233 113.727
130.450 32.617 143.664
139.482 34.067 138.411
141.983 39.650 159.714
-157.800 21.433 165.370
7.421 43.729 119.218
-71.960 41.048 157.185
-121.888 36.605 148.059
22.133 -34.183 150.210
134.167 33.267 125.310
129.867 32.733 146.759
136.883 35.083 125.269
127.667 26.200 148.995
129.842 29.842 144.755
-1.634 47.194 127.133
-70.097 41.285 158.800
176.917 -39.483 151.480
14.269 40.841 124.019
166.905 -0.528 151.050
-159.350 21.967 157.932
129.495 28.382 149.306
-124.617 48.368 131.243
-72.087 41.355 155.356
-74.015 40.700 157.999
0.057 50.782 121.166
-5.542 50.102 133.188
-71.327 41.505 160.662
-122.910 49.200 125.801
130.992 30.735 147.074
-1.440 55.007 125.365
-60.250 46.217 168.480
166.437 -22.292 157.185
-175.167 -21.133 151.097
-140.082 -8.930 147.445
11.950 78.933 79.558
141.717 39.067 131.926
141.750 39.017 130.884
139.383 34.783 147.387
17.097 57.366 111.719
138.217 34.617 129.951
140.900 36.933 130.919
135.433 34.650 126.038
16.478 57.275 112.689
10.734 59.909 96.531
25.418 65.040 45.474
130.217 32.983 139.438
136.217 34.067 129.644
-170.683 -14.283 158.702
-81.167 -5.083 133.073
-149.567 -17.525 131.291
-123.451 48.654 128.118
100.347 5.422 135.809
-158.053 -8.977 138.164
-87.213 30.403 143.908
-75.142 39.933 166.211
22.690 63.709 49.486
158.243 6.987 155.980
-123.253 49.337 130.553
-25.672 37.735 157.942
-123.440 48.125 127.323
-59.133 47.567 168.892
-1.062 45.569 127.422
25.630 -33.960 152.531
118.575 -20.318 148.635
150.912 -34.473 150.384
57.495 -20.155 164.794
16.867 -29.250 153.999
-3.446 47.644 121.543
3.107 42.520 124.581
-127.489 50.722 108.868
-97.215 26.060 137.887
-70.247 43.657 160.303
141.600 -38.333 136.188
-5.120 54.843 121.116
-120.760 35.177 147.498
-1.112 50.803 123.101
-130.324 54.317 101.311
-71.401 41.807 155.596
-87.950 15.833 148.829
-15.417 28.133 149.055
-72.967 -41.483 78.420
-67.617 -54.933 58.002
-132.072 53.252 124.770
24.407 64.666 45.993
-159.775 -21.207 131.216
20.895 63.986 44.467
21.426 61.133 59.393
-75.573 39.558 172.882
-21.940 64.151 103.239
-134.953 -23.125 137.617
12.113 57.250 106.826
-97.047 28.022 140.635
63.418 -19.668 150.637
11.230 64.859 94.541
-3.966 48.718 127.990
150.790 -23.162 152.800
-17.750 28.683 157.370
-93.870 29.730 126.382
133.333 36.200 152.918
-2.246 47.140 124.792
-1.682 43.395 122.192
-2.028 48.641 127.168
-2.202 47.267 125.650
-66.063 45.251 156.156
145.742 15.227 138.256
133.250 35.550 126.464
17.950 -33.017 155.829
-95.203 16.160 144.242
-117.173 32.713 148.966
-80.108 -26.292 121.702
-122.465 37.807 138.071
-90.833 13.917 149.465
-66.117 18.460 147.148
-160.502 55.337 142.918
-74.009 40.467 157.774
-90.313 -0.755 150.789
-118.500 34.008 136.605
-122.339 47.603 127.448
104.115 1.932 138.814
-151.720 59.441 128.307
-149.427 60.120 125.600
-76.330 36.947 161.735
115.350 22.750 128.767
0.743 51.442 135.625
119.550 35.383 138.059
138.517 35.017 131.359
135.383 33.683 134.677
18.433 -34.183 153.964
14.358 55.557 131.522
-135.342 57.052 124.823
19.012 63.191 43.001
-135.327 59.450 115.652
12.829 55.417 130.040
11.218 58.354 100.466
-76.452 38.317 165.750
-124.043 44.625 136.352
17.531 62.363 48.272
147.933 -42.550 149.945
-78.918 33.655 154.450
-82.627 27.760 147.694
-52.717 47.567 164.994
11.832 58.093 108.566
-123.181 49.125 130.447
-2.117 49.183 128.806
18.082 59.325 89.445
-6.389 58.207 127.275
134.900 34.350 130.905
178.427 -18.132 150.248
39.600 -69.000 110.346
134.050 34.350 127.319
-81.282 -4.582 132.543
103.853 1.262 139.739
135.183 34.333 132.433
174.033 -39.050 129.933
-5.600 36.000 114.716
176.183 -37.650 138.736
117.883 4.233 146.472
-16.240 28.480 157.480
133.640 -32.150 140.856
104.140 2.807 141.897
136.850 34.467 130.134
-6.064 56.623 119.214
-125.913 49.154 122.398
139.767 35.650 135.973
132.967 32.783 130.971
5.913 43.117 119.192
146.833 -19.250 141.072
137.217 36.767 135.179
7.567 58.000 123.824
13.750 45.650 107.229
151.850 7.450 152.674
-78.730 1.817 127.710
22.101 60.428 79.570
138.883 35.017 134.553
-5.158 57.895 121.138
-166.537 53.880 150.065
133.950 34.483 126.443
135.900 33.567 128.647
132.550 33.233 142.418
21.571 63.081 43.767
-146.362 61.125 120.334
-0.330 39.460 125.630
-71.633 -33.033 106.296
-123.110 49.287 131.592
12.217 57.100 114.191
31.100 70.333 120.257
12.426 45.419 106.938
-123.370 48.422 126.195
12.579 56.142 120.877
18.284 57.639 118.825
135.150 34.217 132.281
166.617 19.283 145.935
141.683 45.400 140.457
14.500 -22.950 160.660
-77.022 38.873 157.576
174.783 -41.283 136.953
-2.448 50.608 124.917
-0.614 54.490 129.177
-3.086 58.441 130.921
-123.965 46.708 133.293
-73.782 40.793 158.490
-77.953 34.227 152.755
18.419 54.797 117.513
-62.700 45.683 164.589
-70.672 41.523 154.605
-3.568 54.651 119.450
128.102 -15.453 144.041
118.067 24.450 131.976
-139.733 59.548 118.414
138.128 9.508 142.389
-66.117 43.833 161.247
139.633 35.467 138.490
13.817 55.417 129.918
39.190 -6.155 145.946
111.833 21.583 132.883
