0.010 0.154
0.010 0.170
0.011 0.186
0.011 0.202
0.012 0.218
0.013 0.234
0.013 0.250
0.014 0.266
0.014 0.282
0.015 0.298
0.016 0.313
0.017 0.329
0.017 0.344
0.018 0.360
0.019 0.375
0.020 0.390
0.021 0.406
0.022 0.421
0.023 0.436
0.024 0.451
0.025 0.466
0.026 0.480
0.028 0.495
0.029 0.510
0.030 0.525
0.032 0.539
0.033 0.554
0.035 0.568
0.036 0.583
0.038 0.597
0.040 0.611
0.042 0.625
0.044 0.640
0.046 0.654
0.048 0.668
0.050 0.682
0.052 0.695
0.055 0.709
0.058 0.723
0.060 0.737
0.063 0.750
0.066 0.764
0.069 0.777
0.072 0.791
0.076 0.804
0.079 0.817
0.083 0.831
0.087 0.844
0.091 0.857
0.095 0.870
0.100 0.883
0.105 0.896
0.110 0.909
0.115 0.922
0.120 0.934
0.126 0.947
0.132 0.960
0.138 0.972
0.145 0.985
0.151 0.997
0.158 1.010
0.166 1.022
0.174 1.034
0.182 1.047
0.191 1.059
0.200 1.071
0.209 1.083
0.219 1.095
0.229 1.107
0.240 1.119
0.251 1.131
0.263 1.143
0.275 1.154
0.288 1.166
0.302 1.178
0.316 1.189
0.331 1.201
0.347 1.212
0.363 1.224
0.380 1.235
0.398 1.246
0.417 1.258
0.437 1.269
0.457 1.280
0.479 1.291
0.501 1.302
0.525 1.313
0.550 1.324
0.575 1.335
0.603 1.346
0.631 1.357
0.661 1.368
0.692 1.378
0.724 1.389
0.759 1.400
0.794 1.410
0.832 1.421
0.871 1.431
0.912 1.442
0.955 1.452
1.000 1.462
1.047 1.473
1.096 1.483
1.148 1.493
1.202 1.503
1.259 1.513
1.318 1.523
1.380 1.533
1.445 1.543
1.514 1.553
1.585 1.563
1.660 1.573
1.738 1.583
1.820 1.592
1.905 1.602
1.995 1.612
2.089 1.621
2.188 1.631
2.291 1.640
2.399 1.650
2.512 1.659
2.630 1.669
2.754 1.678
2.884 1.687
3.020 1.697
3.162 1.706
3.311 1.715
3.467 1.724
3.631 1.733
3.802 1.742
3.981 1.751
4.169 1.760
4.365 1.769
4.571 1.778
4.786 1.787
5.012 1.795
5.248 1.804
5.495 1.813
5.754 1.822
6.026 1.830
6.310 1.839
6.607 1.847
6.918 1.856
7.244 1.864
7.586 1.873
7.943 1.881
8.318 1.890
8.710 1.898
9.120 1.906
9.550 1.914
10.000 1.923
10.471 1.931
10.965 1.939
11.482 1.947
12.023 1.955
12.589 1.963
13.183 1.971
13.804 1.979
14.454 1.987
15.136 1.995
15.849 2.003
16.596 2.010
17.378 2.018
18.197 2.026
19.055 2.034
19.953 2.041
20.893 2.049
21.878 2.056
22.909 2.064
23.988 2.071
25.119 2.079
26.303 2.086
27.542 2.094
28.840 2.101
30.200 2.109
31.623 2.116
33.113 2.123
34.674 2.130
36.308 2.138
38.019 2.145
39.811 2.152
41.687 2.159
43.652 2.166
45.709 2.173
47.863 2.180
50.119 2.187
52.481 2.194
54.954 2.201
57.544 2.208
60.256 2.215
63.096 2.222
66.069 2.228
69.183 2.235
72.444 2.242
75.858 2.249
79.433 2.255
83.176 2.262
87.096 2.269
91.201 2.275
95.499 2.282
100.000 2.288
104.713 2.295
109.648 2.301
114.815 2.308
120.226 2.314
125.893 2.320
131.826 2.327
138.038 2.333
144.544 2.339
151.356 2.345
158.489 2.352
165.959 2.358
173.780 2.364
181.970 2.370
190.546 2.376
199.526 2.382
208.930 2.388
218.776 2.394
229.087 2.400
239.883 2.406
251.189 2.412
263.027 2.418
275.423 2.424
288.403 2.430
301.995 2.436
316.228 2.442
331.131 2.447
346.737 2.453
363.078 2.459
380.189 2.465
398.107 2.470
416.869 2.476
436.516 2.482
457.088 2.487
478.630 2.493
501.187 2.498
524.807 2.504
549.541 2.509
575.440 2.515
602.560 2.520
630.957 2.526
660.693 2.531
691.831 2.536
724.436 2.542
758.578 2.547
794.328 2.552
831.764 2.558
870.964 2.563
912.011 2.568
954.993 2.573
1000.000 2.579
1047.129 2.584
1096.478 2.589
1148.154 2.594
1202.264 2.599
1258.925 2.604
1318.257 2.609
1380.384 2.614
1445.440 2.619
1513.561 2.624
1584.893 2.629
1659.587 2.634
1737.801 2.639
1819.701 2.644
1905.461 2.649
1995.262 2.653
2089.296 2.658
2187.762 2.663
2290.868 2.668
2398.833 2.672
2511.886 2.677
2630.268 2.682
2754.229 2.687
2884.032 2.691
3019.952 2.696
3162.278 2.700
3311.311 2.705
3467.369 2.710
3630.781 2.714
3801.894 2.719
3981.072 2.723
4168.694 2.728
4365.158 2.732
4570.882 2.737
4786.301 2.741
5011.872 2.745
5248.075 2.750
5495.409 2.754
5754.399 2.759
6025.596 2.763
6309.573 2.767
6606.934 2.771
6918.310 2.776
7244.360 2.780
7585.776 2.784
7943.282 2.788
8317.638 2.793
8709.636 2.797
9120.108 2.801
9549.926 2.805
10000.000 2.809
