0.010 0.754
0.010 0.770
0.011 0.786
0.011 0.802
0.012 0.818
0.013 0.834
0.013 0.850
0.014 0.866
0.014 0.882
0.015 0.898
0.016 0.913
0.017 0.929
0.017 0.944
0.018 0.960
0.019 0.975
0.020 0.990
0.021 1.006
0.022 1.021
0.023 1.036
0.024 1.051
0.025 1.066
0.026 1.080
0.028 1.095
0.029 1.110
0.030 1.125
0.032 1.139
0.033 1.154
0.035 1.168
0.036 1.183
0.038 1.197
0.040 1.211
0.042 1.225
0.044 1.240
0.046 1.254
0.048 1.268
0.050 1.282
0.052 1.295
0.055 1.309
0.058 1.323
0.060 1.337
0.063 1.350
0.066 1.364
0.069 1.377
0.072 1.391
0.076 1.404
0.079 1.417
0.083 1.431
0.087 1.444
0.091 1.457
0.095 1.470
0.100 1.483
0.105 1.496
0.110 1.509
0.115 1.522
0.120 1.534
0.126 1.547
0.132 1.560
0.138 1.572
0.145 1.585
0.151 1.597
0.158 1.610
0.166 1.622
0.174 1.634
0.182 1.647
0.191 1.659
0.200 1.671
0.209 1.683
0.219 1.695
0.229 1.707
0.240 1.719
0.251 1.731
0.263 1.743
0.275 1.754
0.288 1.766
0.302 1.778
0.316 1.789
0.331 1.801
0.347 1.812
0.363 1.824
0.380 1.835
0.398 1.846
0.417 1.858
0.437 1.869
0.457 1.880
0.479 1.891
0.501 1.902
0.525 1.913
0.550 1.924
0.575 1.935
0.603 1.946
0.631 1.957
0.661 1.968
0.692 1.978
0.724 1.989
0.759 2.000
0.794 2.010
0.832 2.021
0.871 2.031
0.912 2.042
0.955 2.052
1.000 2.062
1.047 2.073
1.096 2.083
1.148 2.093
1.202 2.103
1.259 2.113
1.318 2.123
1.380 2.133
1.445 2.143
1.514 2.153
1.585 2.163
1.660 2.173
1.738 2.183
1.820 2.192
1.905 2.202
1.995 2.212
2.089 2.221
2.188 2.231
2.291 2.240
2.399 2.250
2.512 2.259
2.630 2.269
2.754 2.278
2.884 2.287
3.020 2.297
3.162 2.306
3.311 2.315
3.467 2.324
3.631 2.333
3.802 2.342
3.981 2.351
4.169 2.360
4.365 2.369
4.571 2.378
4.786 2.387
5.012 2.395
5.248 2.404
5.495 2.413
5.754 2.422
6.026 2.430
6.310 2.439
6.607 2.447
6.918 2.456
7.244 2.464
7.586 2.473
7.943 2.481
8.318 2.490
8.710 2.498
9.120 2.506
9.550 2.514
10.000 2.523
10.471 2.531
10.965 2.539
11.482 2.547
12.023 2.555
12.589 2.563
13.183 2.571
13.804 2.579
14.454 2.587
15.136 2.595
15.849 2.603
16.596 2.610
17.378 2.618
18.197 2.626
19.055 2.634
19.953 2.641
20.893 2.649
21.878 2.656
22.909 2.664
23.988 2.671
25.119 2.679
26.303 2.686
27.542 2.694
28.840 2.701
30.200 2.709
31.623 2.716
33.113 2.723
34.674 2.730
36.308 2.738
38.019 2.745
39.811 2.752
41.687 2.759
43.652 2.766
45.709 2.773
47.863 2.780
50.119 2.787
52.481 2.794
54.954 2.801
57.544 2.808
60.256 2.815
63.096 2.822
66.069 2.828
69.183 2.835
72.444 2.842
75.858 2.849
79.433 2.855
83.176 2.862
87.096 2.869
91.201 2.875
95.499 2.882
100.000 2.888
104.713 2.895
109.648 2.901
114.815 2.908
120.226 2.914
125.893 2.920
131.826 2.927
138.038 2.933
144.544 2.939
151.356 2.945
158.489 2.952
165.959 2.958
173.780 2.964
181.970 2.970
190.546 2.976
199.526 2.982
208.930 2.988
218.776 2.994
229.087 3.000
239.883 3.006
251.189 3.012
263.027 3.018
275.423 3.024
288.403 3.030
301.995 3.036
316.228 3.042
331.131 3.047
346.737 3.053
363.078 3.059
380.189 3.065
398.107 3.070
416.869 3.076
436.516 3.082
457.088 3.087
478.630 3.093
501.187 3.098
524.807 3.104
549.541 3.109
575.440 3.115
602.560 3.120
630.957 3.126
660.693 3.131
691.831 3.136
724.436 3.142
758.578 3.147
794.328 3.152
831.764 3.158
870.964 3.163
912.011 3.168
954.993 3.173
1000.000 3.179
1047.129 3.184
1096.478 3.189
1148.154 3.194
1202.264 3.199
1258.925 3.204
1318.257 3.209
1380.384 3.214
1445.440 3.219
1513.561 3.224
1584.893 3.229
1659.587 3.234
1737.801 3.239
1819.701 3.244
1905.461 3.249
1995.262 3.253
2089.296 3.258
2187.762 3.263
2290.868 3.268
2398.833 3.272
2511.886 3.277
2630.268 3.282
2754.229 3.287
2884.032 3.291
3019.952 3.296
3162.278 3.300
3311.311 3.305
3467.369 3.310
3630.781 3.314
3801.894 3.319
3981.072 3.323
4168.694 3.328
4365.158 3.332
4570.882 3.337
4786.301 3.341
5011.872 3.345
5248.075 3.350
5495.409 3.354
5754.399 3.359
6025.596 3.363
6309.573 3.367
6606.934 3.371
6918.310 3.376
7244.360 3.380
7585.776 3.384
7943.282 3.388
8317.638 3.393
8709.636 3.397
9120.108 3.401
9549.926 3.405
10000.000 3.409
