0.100 NaN
0.106 NaN
0.112 NaN
0.119 NaN
0.126 NaN
0.133 NaN
0.141 NaN
0.150 NaN
0.158 NaN
0.168 NaN
0.178 NaN
0.188 NaN
0.200 NaN
0.211 NaN
0.224 NaN
0.237 NaN
0.251 0.361
0.266 0.363
0.282 0.366
0.299 0.368
0.316 0.370
0.335 0.398
0.355 0.428
0.376 0.446
0.398 0.442
0.422 0.492
0.447 0.462
0.473 0.547
0.501 0.428
0.531 0.619
0.562 0.662
0.596 0.635
0.631 0.722
0.668 0.750
0.708 0.764
0.750 0.504
0.794 0.798
0.841 0.811
0.891 0.825
0.944 0.842
1.000 0.856
1.059 0.869
1.122 0.879
1.189 0.889
1.259 0.898
1.334 0.907
1.413 0.917
1.496 0.925
1.585 0.934
1.679 0.943
1.778 0.949
1.884 0.956
1.995 0.964
2.113 0.973
2.239 0.981
2.371 0.989
2.512 0.996
2.661 1.003
2.818 1.009
2.985 1.016
3.162 1.022
3.350 1.028
3.548 1.035
3.758 1.043
3.981 1.051
4.217 1.057
4.467 1.063
4.732 1.070
5.012 1.077
5.309 1.084
5.623 1.092
5.957 1.098
6.310 1.105
6.683 1.112
7.079 1.119
7.499 1.128
7.943 1.136
8.414 1.144
8.913 1.151
9.441 1.158
10.000 1.166
10.593 1.174
11.220 1.182
11.885 1.190
12.589 1.199
13.335 1.208
14.125 1.218
14.962 1.228
15.849 1.238
16.788 1.248
17.783 1.259
18.836 1.271
19.953 1.283
21.135 1.295
22.387 1.308
23.714 1.321
25.119 1.334
26.607 1.348
28.184 1.363
29.854 1.377
31.623 1.393
33.497 1.409
35.481 1.425
37.584 1.442
39.811 1.460
42.170 1.478
44.668 1.497
47.315 1.516
50.119 1.536
53.088 1.556
56.234 1.578
59.566 1.599
63.096 1.622
66.834 1.645
70.795 1.669
74.989 1.694
79.433 1.720
84.140 1.746
89.125 1.773
94.406 1.802
100.000 1.831
105.925 1.860
112.202 1.891
118.850 1.923
125.893 1.956
133.352 1.990
141.254 2.025
149.624 2.061
158.489 2.098
167.880 2.137
177.828 2.177
188.365 2.218
199.526 2.260
211.349 2.303
223.872 2.348
237.137 2.395
251.189 2.443
266.073 2.492
281.838 2.544
298.538 2.596
316.228 2.651
334.965 2.707
354.813 2.765
375.837 2.825
398.107 2.887
421.697 2.951
446.684 3.017
473.151 3.085
501.187 3.155
530.884 3.228
562.341 3.303
595.662 3.381
630.957 3.461
668.344 3.543
707.946 3.629
749.894 3.717
794.328 3.808
841.395 3.902
891.251 4.000
944.061 4.100
1000.000 4.204
