0.100 NaN
0.106 NaN
0.112 NaN
0.119 NaN
0.126 NaN
0.133 NaN
0.141 NaN
0.150 NaN
0.158 NaN
0.168 NaN
0.178 NaN
0.188 NaN
0.200 NaN
0.211 NaN
0.224 NaN
0.237 NaN
0.251 NaN
0.266 NaN
0.282 NaN
0.299 NaN
0.316 NaN
0.335 NaN
0.355 NaN
0.376 NaN
0.398 NaN
0.422 NaN
0.447 NaN
0.473 NaN
0.501 0.586
0.531 0.630
0.562 0.688
0.596 0.700
0.631 0.725
0.668 0.822
0.708 0.846
0.750 0.866
0.794 0.909
0.841 0.942
0.891 0.970
0.944 0.995
1.000 1.022
1.059 1.050
1.122 1.063
1.189 1.083
1.259 1.107
1.334 1.122
1.413 1.136
1.496 1.148
1.585 1.165
1.679 1.183
1.778 1.200
1.884 1.211
1.995 1.221
2.113 1.234
2.239 1.245
2.371 1.256
2.512 1.266
2.661 1.278
2.818 1.289
2.985 1.300
3.162 1.309
3.350 1.319
3.548 1.327
3.758 1.336
3.981 1.345
4.217 1.354
4.467 1.363
4.732 1.373
5.012 1.384
5.309 1.395
5.623 1.404
5.957 1.414
6.310 1.425
6.683 1.432
7.079 1.439
7.499 1.448
7.943 1.455
8.414 1.463
8.913 1.470
9.441 1.479
10.000 1.487
10.593 1.495
11.220 1.507
11.885 1.517
12.589 1.525
13.335 1.534
14.125 1.544
14.962 1.553
15.849 1.564
16.788 1.574
17.783 1.583
18.836 1.595
19.953 1.606
21.135 1.616
22.387 1.625
23.714 1.636
25.119 1.647
26.607 1.659
28.184 1.671
29.854 1.684
31.623 1.698
33.497 1.712
35.481 1.726
37.584 1.742
39.811 1.758
42.170 1.775
44.668 1.792
47.315 1.810
50.119 1.829
53.088 1.848
56.234 1.868
59.566 1.889
63.096 1.910
66.834 1.933
70.795 1.956
74.989 1.979
79.433 2.004
84.140 2.030
89.125 2.056
94.406 2.083
100.000 2.111
105.925 2.140
112.202 2.170
118.850 2.202
125.893 2.234
133.352 2.267
141.254 2.301
149.624 2.336
158.489 2.373
167.880 2.411
177.828 2.450
188.365 2.490
199.526 2.531
211.349 2.574
223.872 2.619
237.137 2.664
251.189 2.712
266.073 2.760
281.838 2.811
298.538 2.863
316.228 2.917
334.965 2.972
354.813 3.029
375.837 3.089
398.107 3.150
421.697 3.213
446.684 3.278
473.151 3.345
501.187 3.415
530.884 3.487
562.341 3.561
595.662 3.638
630.957 3.717
668.344 3.799
707.946 3.883
749.894 3.971
794.328 4.061
841.395 4.154
891.251 4.250
944.061 4.350
1000.000 4.453
