0.100 NaN
0.106 NaN
0.112 NaN
0.119 NaN
0.126 NaN
0.133 NaN
0.141 NaN
0.150 NaN
0.158 NaN
0.168 NaN
0.178 NaN
0.188 NaN
0.200 NaN
0.211 NaN
0.224 NaN
0.237 NaN
0.251 NaN
0.266 NaN
0.282 NaN
0.299 NaN
0.316 NaN
0.335 NaN
0.355 NaN
0.376 NaN
0.398 NaN
0.422 NaN
0.447 NaN
0.473 NaN
0.501 0.619
0.531 0.631
0.562 0.663
0.596 0.737
0.631 0.786
0.668 0.821
0.708 0.846
0.750 0.868
0.794 0.887
0.841 0.902
0.891 0.916
0.944 0.929
1.000 0.940
1.059 0.951
1.122 0.962
1.189 0.972
1.259 0.981
1.334 0.991
1.413 1.001
1.496 1.010
1.585 1.020
1.679 1.029
1.778 1.038
1.884 1.048
1.995 1.058
2.113 1.068
2.239 1.078
2.371 1.088
2.512 1.098
2.661 1.109
2.818 1.120
2.985 1.132
3.162 1.143
3.350 1.155
3.548 1.168
3.758 1.180
3.981 1.193
4.217 1.206
4.467 1.220
4.732 1.234
5.012 1.248
5.309 1.263
5.623 1.278
5.957 1.294
6.310 1.310
6.683 1.326
7.079 1.343
7.499 1.360
7.943 1.378
8.414 1.396
8.913 1.415
9.441 1.434
10.000 1.453
10.593 1.473
11.220 1.494
11.885 1.515
12.589 1.537
13.335 1.560
14.125 1.583
14.962 1.606
15.849 1.630
16.788 1.655
17.783 1.681
18.836 1.707
19.953 1.734
21.135 1.762
22.387 1.791
23.714 1.820
25.119 1.850
26.607 1.881
28.184 1.913
29.854 1.945
31.623 1.979
33.497 2.013
35.481 2.049
37.584 2.085
39.811 2.123
42.170 2.161
44.668 2.201
47.315 2.242
50.119 2.284
53.088 2.327
56.234 2.371
59.566 2.417
63.096 2.463
66.834 2.512
70.795 2.561
74.989 2.612
79.433 2.665
84.140 2.719
89.125 2.774
94.406 2.831
100.000 2.890
105.925 2.951
112.202 3.013
118.850 3.077
125.893 3.143
133.352 3.211
141.254 3.281
149.624 3.353
158.489 3.427
167.880 3.503
177.828 3.582
188.365 3.662
199.526 3.746
211.349 3.831
223.872 3.919
237.137 4.010
251.189 4.104
266.073 4.200
281.838 4.299
298.538 4.402
316.228 4.507
334.965 4.615
354.813 4.727
375.837 4.842
398.107 4.961
421.697 5.083
446.684 5.209
473.151 5.338
501.187 5.472
530.884 5.610
562.341 5.752
595.662 5.898
630.957 6.049
668.344 6.204
707.946 6.364
749.894 6.529
794.328 6.700
841.395 6.875
891.251 7.056
944.061 7.242
1000.000 7.434
