0.100 NaN
0.106 NaN
0.112 NaN
0.119 NaN
0.126 NaN
0.133 NaN
0.141 NaN
0.150 NaN
0.158 NaN
0.168 NaN
0.178 NaN
0.188 NaN
0.200 NaN
0.211 NaN
0.224 NaN
0.237 NaN
0.251 NaN
0.266 NaN
0.282 NaN
0.299 NaN
0.316 NaN
0.335 NaN
0.355 NaN
0.376 0.909
0.398 0.913
0.422 0.916
0.447 0.927
0.473 0.932
0.501 0.936
0.531 0.963
0.562 1.018
0.596 0.984
0.631 1.047
0.668 1.160
0.708 1.210
0.750 1.237
0.794 1.269
0.841 1.284
0.891 1.312
0.944 1.334
1.000 1.370
1.059 1.395
1.122 1.418
1.189 1.434
1.259 1.450
1.334 1.464
1.413 1.477
1.496 1.497
1.585 1.520
1.679 1.531
1.778 1.544
1.884 1.556
1.995 1.567
2.113 1.577
2.239 1.591
2.371 1.602
2.512 1.616
2.661 1.626
2.818 1.638
2.985 1.647
3.162 1.659
3.350 1.666
3.548 1.675
3.758 1.685
3.981 1.695
4.217 1.708
4.467 1.714
4.732 1.721
5.012 1.731
5.309 1.741
5.623 1.750
5.957 1.757
6.310 1.767
6.683 1.776
7.079 1.785
7.499 1.794
7.943 1.802
8.414 1.811
8.913 1.818
9.441 1.830
10.000 1.840
10.593 1.848
11.220 1.857
11.885 1.864
12.589 1.872
13.335 1.880
14.125 1.890
14.962 1.898
15.849 1.908
16.788 1.919
17.783 1.928
18.836 1.939
19.953 1.950
21.135 1.960
22.387 1.972
23.714 1.983
25.119 1.995
26.607 2.007
28.184 2.019
29.854 2.032
31.623 2.046
33.497 2.060
35.481 2.075
37.584 2.090
39.811 2.106
42.170 2.123
44.668 2.144
47.315 2.161
50.119 2.179
53.088 2.198
56.234 2.218
59.566 2.238
63.096 2.260
66.834 2.282
70.795 2.305
74.989 2.329
79.433 2.354
84.140 2.379
89.125 2.406
94.406 2.433
100.000 2.462
105.925 2.491
112.202 2.521
118.850 2.553
125.893 2.585
133.352 2.618
141.254 2.653
149.624 2.689
158.489 2.725
167.880 2.763
177.828 2.803
188.365 2.843
199.526 2.885
211.349 2.929
223.872 2.973
237.137 3.019
251.189 3.067
266.073 3.116
281.838 3.167
298.538 3.220
316.228 3.274
334.965 3.330
354.813 3.388
375.837 3.447
398.107 3.509
421.697 3.573
446.684 3.638
473.151 3.706
501.187 3.776
530.884 3.849
562.341 3.924
595.662 4.001
630.957 4.081
668.344 4.163
707.946 4.248
749.894 4.336
794.328 4.427
841.395 4.521
891.251 4.618
944.061 4.718
1000.000 4.821
