0.100 NaN
0.106 NaN
0.112 NaN
0.119 NaN
0.126 NaN
0.133 NaN
0.141 NaN
0.150 NaN
0.158 NaN
0.168 1.013
0.178 1.017
0.188 1.022
0.200 1.047
0.211 1.062
0.224 1.089
0.237 1.092
0.251 1.134
0.266 1.184
0.282 1.198
0.299 1.216
0.316 1.242
0.335 1.273
0.355 1.287
0.376 1.303
0.398 1.315
0.422 1.326
0.447 1.337
0.473 1.346
0.501 1.355
0.531 1.364
0.562 1.373
0.596 1.382
0.631 1.391
0.668 1.399
0.708 1.406
0.750 1.413
0.794 1.420
0.841 1.427
0.891 1.434
0.944 1.439
1.000 1.445
1.059 1.451
1.122 1.456
1.189 1.462
1.259 1.467
1.334 1.471
1.413 1.476
1.496 1.480
1.585 1.484
1.679 1.487
1.778 1.490
1.884 1.494
1.995 1.498
2.113 1.501
2.239 1.505
2.371 1.508
2.512 1.512
2.661 1.516
2.818 1.520
2.985 1.524
3.162 1.527
3.350 1.530
3.548 1.534
3.758 1.537
3.981 1.540
4.217 1.543
4.467 1.546
4.732 1.549
5.012 1.552
5.309 1.555
5.623 1.558
5.957 1.561
6.310 1.564
6.683 1.567
7.079 1.570
7.499 1.573
7.943 1.576
8.414 1.579
8.913 1.583
9.441 1.585
10.000 1.588
10.593 1.590
11.220 1.593
11.885 1.595
12.589 1.597
13.335 1.600
14.125 1.602
14.962 1.604
15.849 1.607
16.788 1.609
17.783 1.612
18.836 1.614
19.953 1.616
21.135 1.618
22.387 1.620
23.714 1.622
25.119 1.624
26.607 1.626
28.184 1.627
29.854 1.629
31.623 1.631
33.497 1.634
35.481 1.636
37.584 1.638
39.811 1.640
42.170 1.643
44.668 1.644
47.315 1.646
50.119 1.648
53.088 1.650
56.234 1.652
59.566 1.653
63.096 1.655
66.834 1.657
70.795 1.659
74.989 1.661
79.433 1.663
84.140 1.665
89.125 1.667
94.406 1.669
100.000 1.671
105.925 1.674
112.202 1.675
118.850 1.678
125.893 1.680
133.352 1.682
141.254 1.684
149.624 1.685
158.489 1.687
167.880 1.688
177.828 1.690
188.365 1.692
199.526 1.693
211.349 1.695
223.872 1.696
237.137 1.698
251.189 1.700
266.073 1.701
281.838 1.703
298.538 1.704
316.228 1.706
334.965 1.707
354.813 1.709
375.837 1.710
398.107 1.712
421.697 1.713
446.684 1.715
473.151 1.716
501.187 1.718
530.884 1.719
562.341 1.721
595.662 1.722
630.957 1.724
668.344 1.725
707.946 1.726
749.894 1.728
794.328 1.729
841.395 1.731
891.251 1.732
944.061 1.734
1000.000 1.735
