0.100 NaN
0.106 NaN
0.112 NaN
0.119 NaN
0.126 NaN
0.133 NaN
0.141 NaN
0.150 NaN
0.158 NaN
0.168 NaN
0.178 NaN
0.188 NaN
0.200 NaN
0.211 NaN
0.224 NaN
0.237 NaN
0.251 NaN
0.266 NaN
0.282 NaN
0.299 NaN
0.316 NaN
0.335 NaN
0.355 NaN
0.376 NaN
0.398 NaN
0.422 NaN
0.447 NaN
0.473 NaN
0.501 NaN
0.531 1.141
0.562 1.148
0.596 1.162
0.631 1.213
0.668 1.254
0.708 1.336
0.750 1.393
0.794 1.462
0.841 1.505
0.891 1.544
0.944 1.577
1.000 1.606
1.059 1.626
1.122 1.648
1.189 1.670
1.259 1.690
1.334 1.707
1.413 1.724
1.496 1.741
1.585 1.755
1.679 1.770
1.778 1.784
1.884 1.798
1.995 1.812
2.113 1.826
2.239 1.838
2.371 1.851
2.512 1.864
2.661 1.877
2.818 1.889
2.985 1.901
3.162 1.914
3.350 1.927
3.548 1.939
3.758 1.952
3.981 1.964
4.217 1.977
4.467 1.990
4.732 2.004
5.012 2.017
5.309 2.031
5.623 2.045
5.957 2.060
6.310 2.075
6.683 2.090
7.079 2.106
7.499 2.123
7.943 2.139
8.414 2.157
8.913 2.175
9.441 2.193
10.000 2.212
10.593 2.231
11.220 2.251
11.885 2.272
12.589 2.293
13.335 2.315
14.125 2.337
14.962 2.360
15.849 2.384
16.788 2.408
17.783 2.433
18.836 2.459
19.953 2.485
21.135 2.513
22.387 2.541
23.714 2.570
25.119 2.599
26.607 2.630
28.184 2.661
29.854 2.693
31.623 2.726
33.497 2.760
35.481 2.796
37.584 2.832
39.811 2.869
42.170 2.907
44.668 2.946
47.315 2.986
50.119 3.028
53.088 3.071
56.234 3.115
59.566 3.160
63.096 3.206
66.834 3.254
70.795 3.304
74.989 3.354
79.433 3.406
84.140 3.460
89.125 3.515
94.406 3.572
100.000 3.631
105.925 3.691
112.202 3.753
118.850 3.817
125.893 3.882
133.352 3.950
141.254 4.019
149.624 4.091
158.489 4.165
167.880 4.241
177.828 4.319
188.365 4.399
199.526 4.482
211.349 4.567
223.872 4.655
237.137 4.746
251.189 4.839
266.073 4.935
281.838 5.034
298.538 5.136
316.228 5.240
334.965 5.349
354.813 5.460
375.837 5.574
398.107 5.693
421.697 5.814
446.684 5.940
473.151 6.069
501.187 6.202
530.884 6.339
562.341 6.480
595.662 6.626
630.957 6.776
668.344 6.931
707.946 7.090
749.894 7.255
794.328 7.424
841.395 7.599
891.251 7.779
944.061 7.964
1000.000 8.156
