0.100 NaN
0.106 NaN
0.112 NaN
0.119 NaN
0.126 NaN
0.133 NaN
0.141 NaN
0.150 NaN
0.158 0.856
0.168 0.863
0.178 0.873
0.188 0.878
0.200 0.882
0.211 0.889
0.224 0.909
0.237 0.927
0.251 0.908
0.266 0.976
0.282 1.026
0.299 1.048
0.316 1.066
0.335 1.101
0.355 1.115
0.376 1.126
0.398 1.140
0.422 1.154
0.447 1.164
0.473 1.174
0.501 1.183
0.531 1.192
0.562 1.200
0.596 1.208
0.631 1.216
0.668 1.222
0.708 1.230
0.750 1.238
0.794 1.244
0.841 1.250
0.891 1.256
0.944 1.261
1.000 1.267
1.059 1.273
1.122 1.278
1.189 1.283
1.259 1.287
1.334 1.291
1.413 1.296
1.496 1.300
1.585 1.304
1.679 1.308
1.778 1.312
1.884 1.316
1.995 1.321
2.113 1.325
2.239 1.329
2.371 1.333
2.512 1.337
2.661 1.341
2.818 1.345
2.985 1.348
3.162 1.352
3.350 1.355
3.548 1.359
3.758 1.362
3.981 1.365
4.217 1.368
4.467 1.370
4.732 1.373
5.012 1.376
5.309 1.379
5.623 1.381
5.957 1.384
6.310 1.387
6.683 1.390
7.079 1.392
7.499 1.395
7.943 1.398
8.414 1.400
8.913 1.403
9.441 1.406
10.000 1.408
10.593 1.411
11.220 1.413
11.885 1.416
12.589 1.418
13.335 1.421
14.125 1.424
14.962 1.426
15.849 1.428
16.788 1.430
17.783 1.432
18.836 1.435
19.953 1.437
21.135 1.439
22.387 1.441
23.714 1.444
25.119 1.446
26.607 1.448
28.184 1.450
29.854 1.452
31.623 1.454
33.497 1.456
35.481 1.458
37.584 1.459
39.811 1.461
42.170 1.463
44.668 1.465
47.315 1.467
50.119 1.468
53.088 1.470
56.234 1.472
59.566 1.474
63.096 1.476
66.834 1.478
70.795 1.480
74.989 1.483
79.433 1.485
84.140 1.487
89.125 1.488
94.406 1.490
100.000 1.492
105.925 1.494
112.202 1.496
118.850 1.498
125.893 1.500
133.352 1.502
141.254 1.505
149.624 1.507
158.489 1.509
167.880 1.512
177.828 1.515
188.365 1.516
199.526 1.518
211.349 1.519
223.872 1.521
237.137 1.523
251.189 1.525
266.073 1.526
281.838 1.528
298.538 1.529
316.228 1.531
334.965 1.533
354.813 1.535
375.837 1.536
398.107 1.537
421.697 1.539
446.684 1.541
473.151 1.542
501.187 1.544
530.884 1.546
562.341 1.547
595.662 1.548
630.957 1.550
668.344 1.551
707.946 1.553
749.894 1.555
794.328 1.556
841.395 1.557
891.251 1.559
944.061 1.560
1000.000 1.562
