0.100 NaN
0.106 NaN
0.112 NaN
0.119 NaN
0.126 NaN
0.133 NaN
0.141 NaN
0.150 NaN
0.158 NaN
0.168 NaN
0.178 NaN
0.188 NaN
0.200 NaN
0.211 NaN
0.224 NaN
0.237 NaN
0.251 NaN
0.266 NaN
0.282 NaN
0.299 NaN
0.316 NaN
0.335 NaN
0.355 NaN
0.376 NaN
0.398 NaN
0.422 NaN
0.447 NaN
0.473 NaN
0.501 NaN
0.531 0.753
0.562 0.767
0.596 0.831
0.631 0.905
0.668 0.943
0.708 0.969
0.750 0.992
0.794 1.011
0.841 1.026
0.891 1.040
0.944 1.053
1.000 1.066
1.059 1.077
1.122 1.087
1.189 1.097
1.259 1.107
1.334 1.116
1.413 1.125
1.496 1.135
1.585 1.144
1.679 1.154
1.778 1.163
1.884 1.172
1.995 1.182
2.113 1.192
2.239 1.202
2.371 1.212
2.512 1.223
2.661 1.234
2.818 1.245
2.985 1.256
3.162 1.268
3.350 1.280
3.548 1.292
3.758 1.305
3.981 1.318
4.217 1.331
4.467 1.345
4.732 1.359
5.012 1.373
5.309 1.388
5.623 1.403
5.957 1.419
6.310 1.435
6.683 1.451
7.079 1.468
7.499 1.485
7.943 1.503
8.414 1.521
8.913 1.540
9.441 1.559
10.000 1.579
10.593 1.599
11.220 1.620
11.885 1.641
12.589 1.663
13.335 1.685
14.125 1.708
14.962 1.732
15.849 1.756
16.788 1.781
17.783 1.807
18.836 1.834
19.953 1.861
21.135 1.889
22.387 1.917
23.714 1.947
25.119 1.977
26.607 2.008
28.184 2.040
29.854 2.073
31.623 2.106
33.497 2.141
35.481 2.177
37.584 2.213
39.811 2.251
42.170 2.290
44.668 2.329
47.315 2.370
50.119 2.412
53.088 2.456
56.234 2.500
59.566 2.546
63.096 2.593
66.834 2.641
70.795 2.691
74.989 2.742
79.433 2.795
84.140 2.849
89.125 2.905
94.406 2.962
100.000 3.021
105.925 3.082
112.202 3.145
118.850 3.209
125.893 3.275
133.352 3.343
141.254 3.413
149.624 3.486
158.489 3.560
167.880 3.636
177.828 3.715
188.365 3.796
199.526 3.880
211.349 3.965
223.872 4.054
237.137 4.145
251.189 4.239
266.073 4.335
281.838 4.435
298.538 4.537
316.228 4.643
334.965 4.751
354.813 4.863
375.837 4.979
398.107 5.098
421.697 5.220
446.684 5.346
473.151 5.476
501.187 5.610
530.884 5.748
562.341 5.890
595.662 6.036
630.957 6.187
668.344 6.342
707.946 6.503
749.894 6.668
794.328 6.838
841.395 7.013
891.251 7.194
944.061 7.381
1000.000 7.573
