0.100 NaN
0.106 NaN
0.112 NaN
0.119 NaN
0.126 NaN
0.133 NaN
0.141 NaN
0.150 NaN
0.158 NaN
0.168 NaN
0.178 NaN
0.188 NaN
0.200 NaN
0.211 NaN
0.224 NaN
0.237 NaN
0.251 NaN
0.266 NaN
0.282 NaN
0.299 NaN
0.316 NaN
0.335 NaN
0.355 NaN
0.376 NaN
0.398 NaN
0.422 NaN
0.447 NaN
0.473 NaN
0.501 1.367
0.531 1.350
0.562 1.339
0.596 1.344
0.631 1.491
0.668 1.510
0.708 1.543
0.750 1.567
0.794 1.615
0.841 1.639
0.891 1.661
0.944 1.686
1.000 1.710
1.059 1.739
1.122 1.758
1.189 1.776
1.259 1.802
1.334 1.821
1.413 1.835
1.496 1.849
1.585 1.866
1.679 1.880
1.778 1.891
1.884 1.904
1.995 1.920
2.113 1.931
2.239 1.945
2.371 1.955
2.512 1.968
2.661 1.977
2.818 1.989
2.985 1.997
3.162 2.007
3.350 2.019
3.548 2.029
3.758 2.038
3.981 2.048
4.217 2.057
4.467 2.065
4.732 2.072
5.012 2.080
5.309 2.089
5.623 2.097
5.957 2.105
6.310 2.114
6.683 2.124
7.079 2.133
7.499 2.142
7.943 2.153
8.414 2.163
8.913 2.172
9.441 2.181
10.000 2.189
10.593 2.199
11.220 2.207
11.885 2.215
12.589 2.223
13.335 2.231
14.125 2.240
14.962 2.248
15.849 2.260
16.788 2.269
17.783 2.279
18.836 2.288
19.953 2.299
21.135 2.311
22.387 2.322
23.714 2.332
25.119 2.344
26.607 2.355
28.184 2.368
29.854 2.381
31.623 2.399
33.497 2.414
35.481 2.429
37.584 2.443
39.811 2.458
42.170 2.475
44.668 2.491
47.315 2.509
50.119 2.528
53.088 2.547
56.234 2.567
59.566 2.587
63.096 2.608
66.834 2.631
70.795 2.653
74.989 2.677
79.433 2.702
84.140 2.727
89.125 2.753
94.406 2.780
100.000 2.808
105.925 2.837
112.202 2.867
118.850 2.898
125.893 2.930
133.352 2.963
141.254 2.998
149.624 3.033
158.489 3.069
167.880 3.107
177.828 3.146
188.365 3.186
199.526 3.227
211.349 3.270
223.872 3.314
237.137 3.360
251.189 3.407
266.073 3.455
281.838 3.506
298.538 3.558
316.228 3.611
334.965 3.666
354.813 3.724
375.837 3.782
398.107 3.843
421.697 3.906
446.684 3.971
473.151 4.038
501.187 4.108
530.884 4.179
562.341 4.253
595.662 4.329
630.957 4.408
668.344 4.490
707.946 4.574
749.894 4.661
794.328 4.751
841.395 4.843
891.251 4.939
944.061 5.038
1000.000 5.141
