0.100 NaN
0.106 NaN
0.112 NaN
0.119 NaN
0.126 NaN
0.133 NaN
0.141 NaN
0.150 NaN
0.158 NaN
0.168 NaN
0.178 NaN
0.188 NaN
0.200 NaN
0.211 NaN
0.224 NaN
0.237 NaN
0.251 0.743
0.266 0.779
0.282 0.839
0.299 0.873
0.316 0.961
0.335 1.007
0.355 1.039
0.376 1.069
0.398 1.096
0.422 1.120
0.447 1.139
0.473 1.163
0.501 1.180
0.531 1.197
0.562 1.215
0.596 1.231
0.631 1.245
0.668 1.257
0.708 1.270
0.750 1.283
0.794 1.295
0.841 1.306
0.891 1.318
0.944 1.327
1.000 1.337
1.059 1.346
1.122 1.354
1.189 1.362
1.259 1.369
1.334 1.377
1.413 1.384
1.496 1.391
1.585 1.399
1.679 1.406
1.778 1.413
1.884 1.419
1.995 1.426
2.113 1.432
2.239 1.438
2.371 1.444
2.512 1.450
2.661 1.455
2.818 1.461
2.985 1.466
3.162 1.471
3.350 1.477
3.548 1.482
3.758 1.487
3.981 1.491
4.217 1.496
4.467 1.500
4.732 1.505
5.012 1.509
5.309 1.514
5.623 1.518
5.957 1.523
6.310 1.527
6.683 1.531
7.079 1.535
7.499 1.539
7.943 1.543
8.414 1.547
8.913 1.551
9.441 1.555
10.000 1.559
10.593 1.563
11.220 1.567
11.885 1.571
12.589 1.575
13.335 1.578
14.125 1.582
14.962 1.586
15.849 1.589
16.788 1.593
17.783 1.596
18.836 1.600
19.953 1.603
21.135 1.606
22.387 1.610
23.714 1.614
25.119 1.617
26.607 1.620
28.184 1.623
29.854 1.627
31.623 1.629
33.497 1.632
35.481 1.635
37.584 1.638
39.811 1.641
42.170 1.645
44.668 1.648
47.315 1.650
50.119 1.653
53.088 1.656
56.234 1.659
59.566 1.661
63.096 1.664
66.834 1.667
70.795 1.670
74.989 1.673
79.433 1.676
84.140 1.678
89.125 1.681
94.406 1.684
100.000 1.687
105.925 1.689
112.202 1.692
118.850 1.696
125.893 1.698
133.352 1.701
141.254 1.703
149.624 1.706
158.489 1.708
167.880 1.711
177.828 1.714
188.365 1.717
199.526 1.719
211.349 1.721
223.872 1.723
237.137 1.726
251.189 1.728
266.073 1.731
281.838 1.734
298.538 1.737
316.228 1.739
334.965 1.741
354.813 1.743
375.837 1.746
398.107 1.749
421.697 1.753
446.684 1.756
473.151 1.758
501.187 1.761
530.884 1.763
562.341 1.765
595.662 1.767
630.957 1.770
668.344 1.772
707.946 1.774
749.894 1.777
794.328 1.780
841.395 1.783
891.251 1.786
944.061 1.788
1000.000 1.790
