0.100 NaN
0.106 NaN
0.112 NaN
0.119 NaN
0.126 NaN
0.133 NaN
0.141 NaN
0.150 NaN
0.158 NaN
0.168 NaN
0.178 NaN
0.188 NaN
0.200 NaN
0.211 NaN
0.224 NaN
0.237 NaN
0.251 NaN
0.266 NaN
0.282 NaN
0.299 NaN
0.316 0.384
0.335 0.414
0.355 0.418
0.376 0.419
0.398 0.490
0.422 0.527
0.447 0.509
0.473 0.584
0.501 0.539
0.531 0.617
0.562 0.636
0.596 0.649
0.631 0.660
0.668 0.670
0.708 0.683
0.750 0.695
0.794 0.703
0.841 0.712
0.891 0.720
0.944 0.727
1.000 0.735
1.059 0.741
1.122 0.747
1.189 0.754
1.259 0.760
1.334 0.766
1.413 0.772
1.496 0.778
1.585 0.785
1.679 0.790
1.778 0.795
1.884 0.800
1.995 0.805
2.113 0.811
2.239 0.817
2.371 0.822
2.512 0.828
2.661 0.833
2.818 0.838
2.985 0.844
3.162 0.850
3.350 0.855
3.548 0.861
3.758 0.867
3.981 0.873
4.217 0.879
4.467 0.885
4.732 0.891
5.012 0.897
5.309 0.903
5.623 0.909
5.957 0.916
6.310 0.922
6.683 0.929
7.079 0.937
7.499 0.944
7.943 0.952
8.414 0.960
8.913 0.968
9.441 0.977
10.000 0.985
10.593 0.994
11.220 1.004
11.885 1.013
12.589 1.023
13.335 1.033
14.125 1.044
14.962 1.055
15.849 1.066
16.788 1.077
17.783 1.089
18.836 1.101
19.953 1.114
21.135 1.127
22.387 1.140
23.714 1.154
25.119 1.168
26.607 1.183
28.184 1.198
29.854 1.214
31.623 1.230
33.497 1.246
35.481 1.263
37.584 1.281
39.811 1.299
42.170 1.317
44.668 1.336
47.315 1.356
50.119 1.376
53.088 1.397
56.234 1.419
59.566 1.441
63.096 1.464
66.834 1.488
70.795 1.512
74.989 1.538
79.433 1.563
84.140 1.590
89.125 1.618
94.406 1.646
100.000 1.676
105.925 1.706
112.202 1.737
118.850 1.769
125.893 1.802
133.352 1.836
141.254 1.872
149.624 1.908
158.489 1.946
167.880 1.984
177.828 2.024
188.365 2.065
199.526 2.108
211.349 2.152
223.872 2.197
237.137 2.244
251.189 2.292
266.073 2.341
281.838 2.393
298.538 2.446
316.228 2.500
334.965 2.557
354.813 2.615
375.837 2.675
398.107 2.737
421.697 2.801
446.684 2.867
473.151 2.936
501.187 3.006
530.884 3.079
562.341 3.154
595.662 3.232
630.957 3.312
668.344 3.395
707.946 3.480
749.894 3.569
794.328 3.660
841.395 3.754
891.251 3.852
944.061 3.952
1000.000 4.056
