0.100 NaN
0.106 NaN
0.112 NaN
0.119 NaN
0.126 NaN
0.133 NaN
0.141 NaN
0.150 NaN
0.158 NaN
0.168 3.511
0.178 3.537
0.188 3.705
0.200 3.780
0.211 3.838
0.224 3.884
0.237 3.918
0.251 3.947
0.266 3.971
0.282 3.993
0.299 4.013
0.316 4.031
0.335 4.047
0.355 4.062
0.376 4.077
0.398 4.091
0.422 4.104
0.447 4.117
0.473 4.129
0.501 4.141
0.531 4.152
0.562 4.164
0.596 4.175
0.631 4.185
0.668 4.196
0.708 4.206
0.750 4.216
0.794 4.226
0.841 4.235
0.891 4.245
0.944 4.254
1.000 4.264
1.059 4.272
1.122 4.281
1.189 4.290
1.259 4.299
1.334 4.307
1.413 4.315
1.496 4.323
1.585 4.331
1.679 4.339
1.778 4.347
1.884 4.354
1.995 4.362
2.113 4.369
2.239 4.376
2.371 4.383
2.512 4.390
2.661 4.397
2.818 4.404
2.985 4.411
3.162 4.417
3.350 4.424
3.548 4.430
3.758 4.436
3.981 4.442
4.217 4.449
4.467 4.454
4.732 4.460
5.012 4.466
5.309 4.472
5.623 4.478
5.957 4.483
6.310 4.489
6.683 4.494
7.079 4.500
7.499 4.505
7.943 4.510
8.414 4.515
8.913 4.520
9.441 4.525
10.000 4.530
10.593 4.535
11.220 4.540
11.885 4.545
12.589 4.550
13.335 4.554
14.125 4.559
14.962 4.563
15.849 4.568
16.788 4.572
17.783 4.577
18.836 4.581
19.953 4.585
21.135 4.590
22.387 4.594
23.714 4.598
25.119 4.602
26.607 4.606
28.184 4.610
29.854 4.614
31.623 4.618
33.497 4.622
35.481 4.626
37.584 4.630
39.811 4.633
42.170 4.637
44.668 4.641
47.315 4.645
50.119 4.648
53.088 4.652
56.234 4.656
59.566 4.659
63.096 4.663
66.834 4.666
70.795 4.670
74.989 4.673
79.433 4.677
84.140 4.680
89.125 4.683
94.406 4.687
100.000 4.690
105.925 4.693
112.202 4.696
118.850 4.700
125.893 4.703
133.352 4.706
141.254 4.709
149.624 4.712
158.489 4.715
167.880 4.719
177.828 4.721
188.365 4.725
199.526 4.728
211.349 4.731
223.872 4.734
237.137 4.737
251.189 4.740
266.073 4.742
281.838 4.745
298.538 4.748
316.228 4.751
334.965 4.754
354.813 4.757
375.837 4.760
398.107 4.763
421.697 4.765
446.684 4.768
473.151 4.771
501.187 4.774
530.884 4.777
562.341 4.779
595.662 4.782
630.957 4.785
668.344 4.788
707.946 4.790
749.894 4.793
794.328 4.796
841.395 4.798
891.251 4.801
944.061 4.803
1000.000 4.806
