0.100 NaN
0.106 NaN
0.112 NaN
0.119 NaN
0.126 NaN
0.133 NaN
0.141 NaN
0.150 NaN
0.158 NaN
0.168 3.299
0.178 3.426
0.188 3.396
0.200 3.413
0.211 3.679
0.224 3.710
0.237 3.735
0.251 3.756
0.266 3.775
0.282 3.792
0.299 3.808
0.316 3.823
0.335 3.837
0.355 3.851
0.376 3.863
0.398 3.876
0.422 3.888
0.447 3.899
0.473 3.911
0.501 3.922
0.531 3.933
0.562 3.944
0.596 3.954
0.631 3.964
0.668 3.975
0.708 3.984
0.750 3.994
0.794 4.004
0.841 4.013
0.891 4.022
0.944 4.031
1.000 4.040
1.059 4.049
1.122 4.057
1.189 4.066
1.259 4.074
1.334 4.082
1.413 4.090
1.496 4.098
1.585 4.106
1.679 4.113
1.778 4.121
1.884 4.128
1.995 4.135
2.113 4.142
2.239 4.149
2.371 4.156
2.512 4.163
2.661 4.169
2.818 4.176
2.985 4.182
3.162 4.188
3.350 4.195
3.548 4.201
3.758 4.207
3.981 4.213
4.217 4.218
4.467 4.224
4.732 4.230
5.012 4.235
5.309 4.241
5.623 4.246
5.957 4.251
6.310 4.256
6.683 4.262
7.079 4.266
7.499 4.271
7.943 4.276
8.414 4.281
8.913 4.286
9.441 4.290
10.000 4.295
10.593 4.300
11.220 4.304
11.885 4.308
12.589 4.313
13.335 4.317
14.125 4.321
14.962 4.325
15.849 4.329
16.788 4.334
17.783 4.337
18.836 4.342
19.953 4.345
21.135 4.349
22.387 4.353
23.714 4.357
25.119 4.360
26.607 4.364
28.184 4.368
29.854 4.371
31.623 4.375
33.497 4.378
35.481 4.382
37.584 4.385
39.811 4.388
42.170 4.392
44.668 4.395
47.315 4.398
50.119 4.402
53.088 4.405
56.234 4.408
59.566 4.411
63.096 4.414
66.834 4.417
70.795 4.420
74.989 4.423
79.433 4.426
84.140 4.429
89.125 4.432
94.406 4.435
100.000 4.438
105.925 4.440
112.202 4.443
118.850 4.446
125.893 4.449
133.352 4.452
141.254 4.454
149.624 4.457
158.489 4.459
167.880 4.462
177.828 4.465
188.365 4.467
199.526 4.470
211.349 4.472
223.872 4.475
237.137 4.477
251.189 4.480
266.073 4.482
281.838 4.484
298.538 4.487
316.228 4.489
334.965 4.492
354.813 4.494
375.837 4.496
398.107 4.498
421.697 4.501
446.684 4.503
473.151 4.505
501.187 4.507
530.884 4.510
562.341 4.512
595.662 4.514
630.957 4.516
668.344 4.518
707.946 4.521
749.894 4.523
794.328 4.525
841.395 4.527
891.251 4.529
944.061 4.531
1000.000 4.533
