0.100 NaN
0.106 NaN
0.112 NaN
0.119 NaN
0.126 NaN
0.133 NaN
0.141 NaN
0.150 NaN
0.158 NaN
0.168 NaN
0.178 0.590
0.188 0.594
0.200 0.597
0.211 0.616
0.224 0.687
0.237 0.700
0.251 0.773
0.266 0.822
0.282 0.847
0.299 0.871
0.316 0.889
0.335 0.913
0.355 0.930
0.376 0.946
0.398 0.960
0.422 0.973
0.447 0.984
0.473 0.994
0.501 1.004
0.531 1.013
0.562 1.022
0.596 1.030
0.631 1.038
0.668 1.045
0.708 1.052
0.750 1.059
0.794 1.066
0.841 1.072
0.891 1.077
0.944 1.083
1.000 1.089
1.059 1.094
1.122 1.100
1.189 1.105
1.259 1.110
1.334 1.114
1.413 1.119
1.496 1.123
1.585 1.128
1.679 1.132
1.778 1.136
1.884 1.140
1.995 1.144
2.113 1.148
2.239 1.152
2.371 1.156
2.512 1.159
2.661 1.163
2.818 1.166
2.985 1.170
3.162 1.173
3.350 1.176
3.548 1.179
3.758 1.182
3.981 1.185
4.217 1.188
4.467 1.191
4.732 1.194
5.012 1.197
5.309 1.200
5.623 1.203
5.957 1.206
6.310 1.209
6.683 1.212
7.079 1.214
7.499 1.217
7.943 1.220
8.414 1.222
8.913 1.225
9.441 1.228
10.000 1.230
10.593 1.232
11.220 1.235
11.885 1.237
12.589 1.240
13.335 1.242
14.125 1.245
14.962 1.247
15.849 1.249
16.788 1.252
17.783 1.254
18.836 1.256
19.953 1.259
21.135 1.261
22.387 1.263
23.714 1.265
25.119 1.267
26.607 1.269
28.184 1.271
29.854 1.273
31.623 1.275
33.497 1.277
35.481 1.279
37.584 1.281
39.811 1.283
42.170 1.285
44.668 1.288
47.315 1.289
50.119 1.291
53.088 1.293
56.234 1.295
59.566 1.297
63.096 1.299
66.834 1.301
70.795 1.303
74.989 1.305
79.433 1.307
84.140 1.309
89.125 1.310
94.406 1.312
100.000 1.314
105.925 1.315
112.202 1.317
118.850 1.319
125.893 1.321
133.352 1.322
141.254 1.324
149.624 1.326
158.489 1.328
167.880 1.329
177.828 1.331
188.365 1.333
199.526 1.335
211.349 1.336
223.872 1.338
237.137 1.340
251.189 1.341
266.073 1.343
281.838 1.345
298.538 1.347
316.228 1.349
334.965 1.350
354.813 1.351
375.837 1.353
398.107 1.355
421.697 1.356
446.684 1.358
473.151 1.360
501.187 1.361
530.884 1.363
562.341 1.364
595.662 1.366
630.957 1.368
668.344 1.370
707.946 1.372
749.894 1.374
794.328 1.376
841.395 1.378
891.251 1.380
944.061 1.381
1000.000 1.382
