0.100 NaN
0.106 NaN
0.112 NaN
0.119 NaN
0.126 NaN
0.133 NaN
0.141 NaN
0.150 NaN
0.158 0.668
0.168 0.675
0.178 0.682
0.188 0.700
0.200 0.686
0.211 0.745
0.224 0.764
0.237 0.782
0.251 0.817
0.266 0.829
0.282 0.849
0.299 0.865
0.316 0.880
0.335 0.891
0.355 0.901
0.376 0.911
0.398 0.919
0.422 0.926
0.447 0.934
0.473 0.941
0.501 0.947
0.531 0.954
0.562 0.959
0.596 0.964
0.631 0.969
0.668 0.974
0.708 0.979
0.750 0.983
0.794 0.988
0.841 0.992
0.891 0.996
0.944 1.000
1.000 1.005
1.059 1.008
1.122 1.011
1.189 1.015
1.259 1.018
1.334 1.021
1.413 1.025
1.496 1.027
1.585 1.030
1.679 1.034
1.778 1.037
1.884 1.039
1.995 1.042
2.113 1.045
2.239 1.048
2.371 1.050
2.512 1.053
2.661 1.056
2.818 1.058
2.985 1.061
3.162 1.063
3.350 1.066
3.548 1.068
3.758 1.070
3.981 1.072
4.217 1.075
4.467 1.077
4.732 1.079
5.012 1.081
5.309 1.083
5.623 1.085
5.957 1.087
6.310 1.089
6.683 1.091
7.079 1.094
7.499 1.096
7.943 1.098
8.414 1.100
8.913 1.102
9.441 1.104
10.000 1.106
10.593 1.108
11.220 1.109
11.885 1.111
12.589 1.113
13.335 1.115
14.125 1.117
14.962 1.118
15.849 1.120
16.788 1.122
17.783 1.124
18.836 1.126
19.953 1.127
21.135 1.129
22.387 1.130
23.714 1.132
25.119 1.134
26.607 1.135
28.184 1.137
29.854 1.138
31.623 1.140
33.497 1.141
35.481 1.143
37.584 1.145
39.811 1.146
42.170 1.148
44.668 1.149
47.315 1.150
50.119 1.152
53.088 1.154
56.234 1.155
59.566 1.157
63.096 1.158
66.834 1.159
70.795 1.161
74.989 1.162
79.433 1.164
84.140 1.165
89.125 1.167
94.406 1.168
100.000 1.169
105.925 1.170
112.202 1.172
118.850 1.174
125.893 1.175
133.352 1.176
141.254 1.177
149.624 1.179
158.489 1.180
167.880 1.181
177.828 1.183
188.365 1.184
199.526 1.186
211.349 1.187
223.872 1.188
237.137 1.189
251.189 1.190
266.073 1.192
281.838 1.193
298.538 1.195
316.228 1.196
334.965 1.197
354.813 1.198
375.837 1.199
398.107 1.200
421.697 1.201
446.684 1.203
473.151 1.204
501.187 1.206
530.884 1.206
562.341 1.208
595.662 1.209
630.957 1.210
668.344 1.211
707.946 1.212
749.894 1.214
794.328 1.215
841.395 1.216
891.251 1.217
944.061 1.218
1000.000 1.219
