0.100 NaN
0.106 NaN
0.112 NaN
0.119 NaN
0.126 NaN
0.133 NaN
0.141 NaN
0.150 NaN
0.158 NaN
0.168 0.646
0.178 0.650
0.188 0.672
0.200 0.708
0.211 0.728
0.224 0.761
0.237 0.784
0.251 0.802
0.266 0.814
0.282 0.826
0.299 0.839
0.316 0.849
0.335 0.857
0.355 0.865
0.376 0.872
0.398 0.879
0.422 0.885
0.447 0.891
0.473 0.896
0.501 0.901
0.531 0.906
0.562 0.911
0.596 0.915
0.631 0.919
0.668 0.923
0.708 0.926
0.750 0.930
0.794 0.934
0.841 0.937
0.891 0.941
0.944 0.944
1.000 0.947
1.059 0.950
1.122 0.953
1.189 0.956
1.259 0.959
1.334 0.962
1.413 0.964
1.496 0.967
1.585 0.969
1.679 0.972
1.778 0.974
1.884 0.977
1.995 0.979
2.113 0.981
2.239 0.984
2.371 0.986
2.512 0.988
2.661 0.990
2.818 0.993
2.985 0.995
3.162 0.997
3.350 0.999
3.548 1.001
3.758 1.003
3.981 1.005
4.217 1.007
4.467 1.009
4.732 1.011
5.012 1.013
5.309 1.015
5.623 1.016
5.957 1.018
6.310 1.020
6.683 1.022
7.079 1.024
7.499 1.025
7.943 1.027
8.414 1.029
8.913 1.031
9.441 1.033
10.000 1.034
10.593 1.036
11.220 1.038
11.885 1.039
12.589 1.041
13.335 1.043
14.125 1.044
14.962 1.046
15.849 1.048
16.788 1.049
17.783 1.051
18.836 1.053
19.953 1.054
21.135 1.055
22.387 1.057
23.714 1.058
25.119 1.060
26.607 1.062
28.184 1.063
29.854 1.064
31.623 1.066
33.497 1.067
35.481 1.069
37.584 1.070
39.811 1.072
42.170 1.073
44.668 1.074
47.315 1.076
50.119 1.077
53.088 1.078
56.234 1.080
59.566 1.081
63.096 1.083
66.834 1.084
70.795 1.085
74.989 1.086
79.433 1.088
84.140 1.089
89.125 1.091
94.406 1.092
100.000 1.093
105.925 1.094
112.202 1.095
118.850 1.097
125.893 1.098
133.352 1.099
141.254 1.101
149.624 1.102
158.489 1.103
167.880 1.104
177.828 1.105
188.365 1.107
199.526 1.108
211.349 1.109
223.872 1.111
237.137 1.112
251.189 1.113
266.073 1.114
281.838 1.115
298.538 1.116
316.228 1.117
334.965 1.119
354.813 1.120
375.837 1.121
398.107 1.123
421.697 1.124
446.684 1.125
473.151 1.126
501.187 1.127
530.884 1.128
562.341 1.129
595.662 1.130
630.957 1.132
668.344 1.133
707.946 1.134
749.894 1.135
794.328 1.136
841.395 1.137
891.251 1.138
944.061 1.139
1000.000 1.140
