0.100 NaN
0.106 NaN
0.112 NaN
0.119 NaN
0.126 NaN
0.133 NaN
0.141 NaN
0.150 NaN
0.158 NaN
0.168 3.321
0.178 3.447
0.188 3.542
0.200 3.578
0.211 3.603
0.224 3.624
0.237 3.642
0.251 3.658
0.266 3.673
0.282 3.686
0.299 3.700
0.316 3.713
0.335 3.725
0.355 3.737
0.376 3.750
0.398 3.761
0.422 3.773
0.447 3.784
0.473 3.795
0.501 3.806
0.531 3.817
0.562 3.827
0.596 3.838
0.631 3.848
0.668 3.858
0.708 3.868
0.750 3.877
0.794 3.887
0.841 3.896
0.891 3.905
0.944 3.914
1.000 3.923
1.059 3.931
1.122 3.940
1.189 3.948
1.259 3.956
1.334 3.964
1.413 3.972
1.496 3.979
1.585 3.987
1.679 3.994
1.778 4.001
1.884 4.009
1.995 4.016
2.113 4.023
2.239 4.029
2.371 4.036
2.512 4.042
2.661 4.049
2.818 4.055
2.985 4.061
3.162 4.067
3.350 4.073
3.548 4.079
3.758 4.085
3.981 4.090
4.217 4.096
4.467 4.101
4.732 4.107
5.012 4.112
5.309 4.117
5.623 4.122
5.957 4.127
6.310 4.132
6.683 4.137
7.079 4.142
7.499 4.146
7.943 4.151
8.414 4.155
8.913 4.160
9.441 4.164
10.000 4.168
10.593 4.173
11.220 4.176
11.885 4.181
12.589 4.185
13.335 4.189
14.125 4.193
14.962 4.196
15.849 4.200
16.788 4.204
17.783 4.207
18.836 4.211
19.953 4.215
21.135 4.218
22.387 4.222
23.714 4.225
25.119 4.228
26.607 4.232
28.184 4.235
29.854 4.238
31.623 4.241
33.497 4.244
35.481 4.247
37.584 4.250
39.811 4.253
42.170 4.256
44.668 4.259
47.315 4.262
50.119 4.265
53.088 4.267
56.234 4.270
59.566 4.273
63.096 4.276
66.834 4.278
70.795 4.281
74.989 4.284
79.433 4.286
84.140 4.288
89.125 4.291
94.406 4.294
100.000 4.296
105.925 4.298
112.202 4.301
118.850 4.303
125.893 4.305
133.352 4.308
141.254 4.310
149.624 4.312
158.489 4.314
167.880 4.316
177.828 4.319
188.365 4.321
199.526 4.323
211.349 4.325
223.872 4.327
237.137 4.329
251.189 4.332
266.073 4.334
281.838 4.335
298.538 4.337
316.228 4.339
334.965 4.342
354.813 4.343
375.837 4.345
398.107 4.347
421.697 4.349
446.684 4.351
473.151 4.353
501.187 4.355
530.884 4.356
562.341 4.358
595.662 4.360
630.957 4.362
668.344 4.364
707.946 4.365
749.894 4.367
794.328 4.369
841.395 4.370
891.251 4.372
944.061 4.374
1000.000 4.375
