0.100 NaN
0.106 NaN
0.112 NaN
0.119 NaN
0.126 NaN
0.133 NaN
0.141 NaN
0.150 NaN
0.158 NaN
0.168 NaN
0.178 NaN
0.188 NaN
0.200 NaN
0.211 NaN
0.224 NaN
0.237 NaN
0.251 NaN
0.266 NaN
0.282 NaN
0.299 NaN
0.316 NaN
0.335 0.561
0.355 0.556
0.376 0.611
0.398 0.627
0.422 0.646
0.447 0.676
0.473 0.693
0.501 0.721
0.531 0.735
0.562 0.750
0.596 0.762
0.631 0.776
0.668 0.789
0.708 0.798
0.750 0.807
0.794 0.816
0.841 0.825
0.891 0.833
0.944 0.841
1.000 0.848
1.059 0.856
1.122 0.862
1.189 0.869
1.259 0.875
1.334 0.881
1.413 0.887
1.496 0.893
1.585 0.899
1.679 0.904
1.778 0.910
1.884 0.916
1.995 0.921
2.113 0.926
2.239 0.932
2.371 0.937
2.512 0.943
2.661 0.949
2.818 0.954
2.985 0.959
3.162 0.965
3.350 0.970
3.548 0.976
3.758 0.982
3.981 0.987
4.217 0.993
4.467 0.999
4.732 1.005
5.012 1.011
5.309 1.017
5.623 1.023
5.957 1.030
6.310 1.037
6.683 1.044
7.079 1.052
7.499 1.059
7.943 1.067
8.414 1.075
8.913 1.083
9.441 1.092
10.000 1.101
10.593 1.110
11.220 1.119
11.885 1.129
12.589 1.139
13.335 1.149
14.125 1.160
14.962 1.170
15.849 1.182
16.788 1.193
17.783 1.205
18.836 1.218
19.953 1.230
21.135 1.243
22.387 1.257
23.714 1.271
25.119 1.285
26.607 1.300
28.184 1.315
29.854 1.331
31.623 1.347
33.497 1.364
35.481 1.381
37.584 1.398
39.811 1.417
42.170 1.435
44.668 1.455
47.315 1.475
50.119 1.495
53.088 1.516
56.234 1.538
59.566 1.561
63.096 1.584
66.834 1.608
70.795 1.632
74.989 1.658
79.433 1.684
84.140 1.711
89.125 1.739
94.406 1.767
100.000 1.797
105.925 1.827
112.202 1.859
118.850 1.891
125.893 1.925
133.352 1.959
141.254 1.995
149.624 2.032
158.489 2.069
167.880 2.108
177.828 2.149
188.365 2.190
199.526 2.233
211.349 2.277
223.872 2.323
237.137 2.370
251.189 2.419
266.073 2.469
281.838 2.521
298.538 2.574
316.228 2.629
334.965 2.686
354.813 2.745
375.837 2.806
398.107 2.868
421.697 2.933
446.684 2.999
473.151 3.068
501.187 3.140
530.884 3.213
562.341 3.289
595.662 3.367
630.957 3.448
668.344 3.532
707.946 3.618
749.894 3.707
794.328 3.799
841.395 3.894
891.251 3.993
944.061 4.094
1000.000 4.199
