0.100 NaN
0.106 NaN
0.112 NaN
0.119 NaN
0.126 NaN
0.133 NaN
0.141 NaN
0.150 NaN
0.158 NaN
0.168 NaN
0.178 NaN
0.188 NaN
0.200 NaN
0.211 NaN
0.224 NaN
0.237 NaN
0.251 NaN
0.266 NaN
0.282 NaN
0.299 NaN
0.316 NaN
0.335 NaN
0.355 NaN
0.376 NaN
0.398 NaN
0.422 NaN
0.447 NaN
0.473 NaN
0.501 0.982
0.531 0.988
0.562 1.021
0.596 1.068
0.631 1.110
0.668 1.082
0.708 1.256
0.750 1.290
0.794 1.314
0.841 1.340
0.891 1.364
0.944 1.386
1.000 1.405
1.059 1.422
1.122 1.437
1.189 1.451
1.259 1.465
1.334 1.477
1.413 1.489
1.496 1.501
1.585 1.512
1.679 1.524
1.778 1.535
1.884 1.546
1.995 1.557
2.113 1.568
2.239 1.579
2.371 1.590
2.512 1.600
2.661 1.611
2.818 1.622
2.985 1.633
3.162 1.645
3.350 1.657
3.548 1.669
3.758 1.681
3.981 1.693
4.217 1.706
4.467 1.720
4.732 1.733
5.012 1.747
5.309 1.762
5.623 1.777
5.957 1.792
6.310 1.808
6.683 1.824
7.079 1.840
7.499 1.857
7.943 1.875
8.414 1.893
8.913 1.911
9.441 1.930
10.000 1.949
10.593 1.969
11.220 1.990
11.885 2.011
12.589 2.033
13.335 2.055
14.125 2.078
14.962 2.101
15.849 2.125
16.788 2.150
17.783 2.176
18.836 2.202
19.953 2.229
21.135 2.257
22.387 2.285
23.714 2.314
25.119 2.344
26.607 2.375
28.184 2.407
29.854 2.440
31.623 2.473
33.497 2.508
35.481 2.543
37.584 2.580
39.811 2.617
42.170 2.656
44.668 2.695
47.315 2.736
50.119 2.778
53.088 2.821
56.234 2.866
59.566 2.911
63.096 2.958
66.834 3.007
70.795 3.056
74.989 3.107
79.433 3.160
84.140 3.214
89.125 3.270
94.406 3.327
100.000 3.386
105.925 3.447
112.202 3.509
118.850 3.573
125.893 3.639
133.352 3.707
141.254 3.777
149.624 3.850
158.489 3.924
167.880 4.000
177.828 4.079
188.365 4.160
199.526 4.243
211.349 4.329
223.872 4.418
237.137 4.509
251.189 4.603
266.073 4.699
281.838 4.799
298.538 4.901
316.228 5.007
334.965 5.115
354.813 5.227
375.837 5.343
398.107 5.461
421.697 5.584
446.684 5.710
473.151 5.840
501.187 5.974
530.884 6.112
562.341 6.254
595.662 6.401
630.957 6.552
668.344 6.708
707.946 6.868
749.894 7.033
794.328 7.204
841.395 7.380
891.251 7.561
944.061 7.748
1000.000 7.940
