0.100 NaN
0.106 NaN
0.112 NaN
0.119 NaN
0.126 NaN
0.133 NaN
0.141 NaN
0.150 NaN
0.158 NaN
0.168 NaN
0.178 NaN
0.188 NaN
0.200 NaN
0.211 NaN
0.224 NaN
0.237 NaN
0.251 NaN
0.266 NaN
0.282 NaN
0.299 NaN
0.316 NaN
0.335 NaN
0.355 NaN
0.376 NaN
0.398 NaN
0.422 NaN
0.447 NaN
0.473 NaN
0.501 NaN
0.531 0.623
0.562 0.635
0.596 0.688
0.631 0.709
0.668 0.743
0.708 0.878
0.750 0.915
0.794 0.946
0.841 0.968
0.891 0.995
0.944 1.015
1.000 1.033
1.059 1.049
1.122 1.065
1.189 1.079
1.259 1.092
1.334 1.104
1.413 1.117
1.496 1.129
1.585 1.140
1.679 1.151
1.778 1.163
1.884 1.174
1.995 1.185
2.113 1.196
2.239 1.207
2.371 1.218
2.512 1.228
2.661 1.239
2.818 1.251
2.985 1.262
3.162 1.274
3.350 1.285
3.548 1.297
3.758 1.309
3.981 1.322
4.217 1.335
4.467 1.348
4.732 1.362
5.012 1.376
5.309 1.390
5.623 1.405
5.957 1.420
6.310 1.436
6.683 1.452
7.079 1.468
7.499 1.485
7.943 1.502
8.414 1.520
8.913 1.539
9.441 1.557
10.000 1.577
10.593 1.597
11.220 1.617
11.885 1.638
12.589 1.660
13.335 1.682
14.125 1.705
14.962 1.728
15.849 1.752
16.788 1.777
17.783 1.802
18.836 1.828
19.953 1.855
21.135 1.883
22.387 1.911
23.714 1.940
25.119 1.970
26.607 2.001
28.184 2.032
29.854 2.065
31.623 2.098
33.497 2.133
35.481 2.168
37.584 2.204
39.811 2.242
42.170 2.280
44.668 2.320
47.315 2.360
50.119 2.402
53.088 2.445
56.234 2.489
59.566 2.534
63.096 2.581
66.834 2.629
70.795 2.679
74.989 2.730
79.433 2.782
84.140 2.836
89.125 2.891
94.406 2.948
100.000 3.007
105.925 3.067
112.202 3.130
118.850 3.194
125.893 3.260
133.352 3.327
141.254 3.397
149.624 3.469
158.489 3.543
167.880 3.619
177.828 3.697
188.365 3.778
199.526 3.861
211.349 3.947
223.872 4.035
237.137 4.126
251.189 4.219
266.073 4.316
281.838 4.415
298.538 4.517
316.228 4.622
334.965 4.731
354.813 4.842
375.837 4.957
398.107 5.076
421.697 5.198
446.684 5.324
473.151 5.453
501.187 5.587
530.884 5.725
562.341 5.867
595.662 6.013
630.957 6.163
668.344 6.319
707.946 6.479
749.894 6.644
794.328 6.814
841.395 6.989
891.251 7.170
944.061 7.357
1000.000 7.549
