0.100 NaN
0.106 NaN
0.112 NaN
0.119 NaN
0.126 NaN
0.133 NaN
0.141 NaN
0.150 NaN
0.158 NaN
0.168 NaN
0.178 NaN
0.188 NaN
0.200 NaN
0.211 NaN
0.224 NaN
0.237 NaN
0.251 NaN
0.266 NaN
0.282 NaN
0.299 NaN
0.316 NaN
0.335 NaN
0.355 NaN
0.376 NaN
0.398 NaN
0.422 NaN
0.447 NaN
0.473 NaN
0.501 NaN
0.531 0.734
0.562 0.750
0.596 0.763
0.631 0.802
0.668 0.890
0.708 0.922
0.750 1.027
0.794 1.088
0.841 1.127
0.891 1.161
0.944 1.197
1.000 1.225
1.059 1.250
1.122 1.275
1.189 1.296
1.259 1.315
1.334 1.334
1.413 1.350
1.496 1.367
1.585 1.382
1.679 1.396
1.778 1.409
1.884 1.422
1.995 1.435
2.113 1.447
2.239 1.459
2.371 1.473
2.512 1.486
2.661 1.499
2.818 1.511
2.985 1.524
3.162 1.536
3.350 1.549
3.548 1.561
3.758 1.574
3.981 1.588
4.217 1.601
4.467 1.613
4.732 1.627
5.012 1.641
5.309 1.655
5.623 1.669
5.957 1.684
6.310 1.699
6.683 1.714
7.079 1.730
7.499 1.747
7.943 1.764
8.414 1.781
8.913 1.799
9.441 1.817
10.000 1.836
10.593 1.855
11.220 1.875
11.885 1.895
12.589 1.916
13.335 1.938
14.125 1.960
14.962 1.983
15.849 2.007
16.788 2.031
17.783 2.056
18.836 2.081
19.953 2.108
21.135 2.135
22.387 2.163
23.714 2.191
25.119 2.221
26.607 2.251
28.184 2.282
29.854 2.314
31.623 2.347
33.497 2.381
35.481 2.416
37.584 2.452
39.811 2.489
42.170 2.527
44.668 2.566
47.315 2.606
50.119 2.647
53.088 2.690
56.234 2.733
59.566 2.778
63.096 2.824
66.834 2.872
70.795 2.921
74.989 2.971
79.433 3.023
84.140 3.076
89.125 3.131
94.406 3.188
100.000 3.246
105.925 3.306
112.202 3.367
118.850 3.430
125.893 3.496
133.352 3.563
141.254 3.632
149.624 3.703
158.489 3.776
167.880 3.851
177.828 3.929
188.365 4.009
199.526 4.091
211.349 4.176
223.872 4.263
237.137 4.353
251.189 4.445
266.073 4.540
281.838 4.638
298.538 4.739
316.228 4.843
334.965 4.950
354.813 5.061
375.837 5.174
398.107 5.291
421.697 5.412
446.684 5.536
473.151 5.664
501.187 5.796
530.884 5.932
562.341 6.072
595.662 6.216
630.957 6.365
668.344 6.518
707.946 6.676
749.894 6.839
794.328 7.006
841.395 7.179
891.251 7.357
944.061 7.541
1000.000 7.731
