0.100 NaN
0.106 NaN
0.112 NaN
0.119 NaN
0.126 NaN
0.133 NaN
0.141 NaN
0.150 NaN
0.158 NaN
0.168 3.426
0.178 3.533
0.188 3.590
0.200 3.625
0.211 3.651
0.224 3.671
0.237 3.689
0.251 3.705
0.266 3.720
0.282 3.734
0.299 3.747
0.316 3.760
0.335 3.773
0.355 3.785
0.376 3.797
0.398 3.809
0.422 3.820
0.447 3.832
0.473 3.843
0.501 3.854
0.531 3.864
0.562 3.875
0.596 3.885
0.631 3.895
0.668 3.905
0.708 3.915
0.750 3.925
0.794 3.934
0.841 3.943
0.891 3.952
0.944 3.961
1.000 3.970
1.059 3.978
1.122 3.987
1.189 3.995
1.259 4.003
1.334 4.011
1.413 4.019
1.496 4.027
1.585 4.034
1.679 4.042
1.778 4.049
1.884 4.056
1.995 4.063
2.113 4.070
2.239 4.076
2.371 4.083
2.512 4.090
2.661 4.096
2.818 4.102
2.985 4.108
3.162 4.114
3.350 4.120
3.548 4.126
3.758 4.132
3.981 4.138
4.217 4.143
4.467 4.149
4.732 4.154
5.012 4.159
5.309 4.164
5.623 4.169
5.957 4.174
6.310 4.179
6.683 4.184
7.079 4.189
7.499 4.193
7.943 4.198
8.414 4.203
8.913 4.207
9.441 4.211
10.000 4.215
10.593 4.220
11.220 4.224
11.885 4.228
12.589 4.232
13.335 4.236
14.125 4.240
14.962 4.244
15.849 4.247
16.788 4.251
17.783 4.255
18.836 4.258
19.953 4.262
21.135 4.265
22.387 4.269
23.714 4.272
25.119 4.275
26.607 4.279
28.184 4.282
29.854 4.285
31.623 4.288
33.497 4.292
35.481 4.295
37.584 4.298
39.811 4.301
42.170 4.303
44.668 4.306
47.315 4.309
50.119 4.312
53.088 4.315
56.234 4.318
59.566 4.321
63.096 4.323
66.834 4.326
70.795 4.328
74.989 4.331
79.433 4.333
84.140 4.336
89.125 4.339
94.406 4.341
100.000 4.343
105.925 4.346
112.202 4.348
118.850 4.351
125.893 4.353
133.352 4.355
141.254 4.357
149.624 4.360
158.489 4.362
167.880 4.364
177.828 4.366
188.365 4.369
199.526 4.371
211.349 4.373
223.872 4.375
237.137 4.377
251.189 4.379
266.073 4.381
281.838 4.383
298.538 4.385
316.228 4.387
334.965 4.389
354.813 4.391
375.837 4.393
398.107 4.395
421.697 4.397
446.684 4.399
473.151 4.401
501.187 4.402
530.884 4.404
562.341 4.406
595.662 4.408
630.957 4.410
668.344 4.412
707.946 4.413
749.894 4.415
794.328 4.417
841.395 4.419
891.251 4.421
944.061 4.422
1000.000 4.424
