0.100 NaN
0.106 NaN
0.112 NaN
0.119 NaN
0.126 NaN
0.133 NaN
0.141 NaN
0.150 NaN
0.158 NaN
0.168 NaN
0.178 NaN
0.188 NaN
0.200 NaN
0.211 NaN
0.224 NaN
0.237 NaN
0.251 NaN
0.266 NaN
0.282 NaN
0.299 NaN
0.316 NaN
0.335 NaN
0.355 NaN
0.376 NaN
0.398 NaN
0.422 NaN
0.447 NaN
0.473 NaN
0.501 NaN
0.531 1.462
0.562 1.469
0.596 1.536
0.631 1.538
0.668 1.563
0.708 1.703
0.750 1.787
0.794 1.836
0.841 1.872
0.891 1.915
0.944 1.945
1.000 1.977
1.059 2.000
1.122 2.023
1.189 2.044
1.259 2.063
1.334 2.081
1.413 2.097
1.496 2.113
1.585 2.129
1.679 2.143
1.778 2.157
1.884 2.172
1.995 2.185
2.113 2.198
2.239 2.211
2.371 2.223
2.512 2.236
2.661 2.248
2.818 2.261
2.985 2.273
3.162 2.285
3.350 2.297
3.548 2.309
3.758 2.322
3.981 2.335
4.217 2.348
4.467 2.361
4.732 2.375
5.012 2.389
5.309 2.403
5.623 2.418
5.957 2.433
6.310 2.447
6.683 2.463
7.079 2.478
7.499 2.496
7.943 2.512
8.414 2.529
8.913 2.547
9.441 2.565
10.000 2.584
10.593 2.603
11.220 2.623
11.885 2.643
12.589 2.664
13.335 2.686
14.125 2.708
14.962 2.731
15.849 2.754
16.788 2.778
17.783 2.803
18.836 2.828
19.953 2.855
21.135 2.882
22.387 2.909
23.714 2.938
25.119 2.967
26.607 2.997
28.184 3.028
29.854 3.060
31.623 3.093
33.497 3.127
35.481 3.162
37.584 3.197
39.811 3.234
42.170 3.272
44.668 3.310
47.315 3.350
50.119 3.391
53.088 3.434
56.234 3.477
59.566 3.522
63.096 3.568
66.834 3.615
70.795 3.664
74.989 3.714
79.433 3.765
84.140 3.818
89.125 3.873
94.406 3.929
100.000 3.987
105.925 4.046
112.202 4.108
118.850 4.171
125.893 4.235
133.352 4.302
141.254 4.371
149.624 4.441
158.489 4.514
167.880 4.589
177.828 4.666
188.365 4.745
199.526 4.827
211.349 4.911
223.872 4.998
237.137 5.087
251.189 5.179
266.073 5.273
281.838 5.371
298.538 5.471
316.228 5.575
334.965 5.681
354.813 5.791
375.837 5.903
398.107 6.020
421.697 6.140
446.684 6.263
473.151 6.390
501.187 6.521
530.884 6.656
562.341 6.795
595.662 6.939
630.957 7.086
668.344 7.239
707.946 7.395
749.894 7.557
794.328 7.724
841.395 7.895
891.251 8.072
944.061 8.255
1000.000 8.443
