0.100 NaN
0.106 NaN
0.112 NaN
0.119 NaN
0.126 NaN
0.133 NaN
0.141 NaN
0.150 NaN
0.158 NaN
0.168 NaN
0.178 NaN
0.188 NaN
0.200 NaN
0.211 NaN
0.224 NaN
0.237 NaN
0.251 0.352
0.266 0.354
0.282 0.356
0.299 0.359
0.316 0.361
0.335 0.386
0.355 0.401
0.376 0.441
0.398 0.487
0.422 0.511
0.447 0.552
0.473 0.578
0.501 0.389
0.531 0.529
0.562 0.643
0.596 0.662
0.631 0.678
0.668 0.692
0.708 0.709
0.750 0.726
0.794 0.738
0.841 0.749
0.891 0.762
0.944 0.772
1.000 0.781
1.059 0.791
1.122 0.798
1.189 0.806
1.259 0.813
1.334 0.821
1.413 0.828
1.496 0.835
1.585 0.842
1.679 0.848
1.778 0.854
1.884 0.861
1.995 0.867
2.113 0.873
2.239 0.879
2.371 0.885
2.512 0.892
2.661 0.898
2.818 0.904
2.985 0.910
3.162 0.916
3.350 0.923
3.548 0.929
3.758 0.935
3.981 0.941
4.217 0.947
4.467 0.953
4.732 0.960
5.012 0.966
5.309 0.972
5.623 0.978
5.957 0.985
6.310 0.992
6.683 0.999
7.079 1.006
7.499 1.013
7.943 1.020
8.414 1.028
8.913 1.036
9.441 1.044
10.000 1.053
10.593 1.061
11.220 1.070
11.885 1.080
12.589 1.089
13.335 1.099
14.125 1.109
14.962 1.120
15.849 1.131
16.788 1.142
17.783 1.153
18.836 1.165
19.953 1.178
21.135 1.191
22.387 1.204
23.714 1.217
25.119 1.231
26.607 1.246
28.184 1.261
29.854 1.276
31.623 1.292
33.497 1.308
35.481 1.325
37.584 1.342
39.811 1.360
42.170 1.379
44.668 1.398
47.315 1.417
50.119 1.438
53.088 1.458
56.234 1.480
59.566 1.502
63.096 1.525
66.834 1.549
70.795 1.573
74.989 1.598
79.433 1.624
84.140 1.651
89.125 1.678
94.406 1.706
100.000 1.736
105.925 1.766
112.202 1.797
118.850 1.829
125.893 1.862
133.352 1.896
141.254 1.932
149.624 1.968
158.489 2.005
167.880 2.044
177.828 2.084
188.365 2.125
199.526 2.167
211.349 2.211
223.872 2.257
237.137 2.303
251.189 2.351
266.073 2.401
281.838 2.452
298.538 2.505
316.228 2.560
334.965 2.616
354.813 2.674
375.837 2.735
398.107 2.797
421.697 2.861
446.684 2.927
473.151 2.995
501.187 3.066
530.884 3.138
562.341 3.214
595.662 3.291
630.957 3.371
668.344 3.454
707.946 3.540
749.894 3.628
794.328 3.719
841.395 3.814
891.251 3.911
944.061 4.012
1000.000 4.116
