0.100 NaN
0.106 NaN
0.112 NaN
0.119 NaN
0.126 NaN
0.133 NaN
0.141 NaN
0.150 NaN
0.158 NaN
0.168 NaN
0.178 NaN
0.188 NaN
0.200 NaN
0.211 NaN
0.224 NaN
0.237 NaN
0.251 NaN
0.266 NaN
0.282 NaN
0.299 NaN
0.316 NaN
0.335 NaN
0.355 NaN
0.376 NaN
0.398 NaN
0.422 NaN
0.447 NaN
0.473 NaN
0.501 0.808
0.531 0.812
0.562 0.837
0.596 0.862
0.631 0.899
0.668 0.992
0.708 1.061
0.750 1.098
0.794 1.129
0.841 1.157
0.891 1.183
0.944 1.204
1.000 1.220
1.059 1.235
1.122 1.250
1.189 1.264
1.259 1.278
1.334 1.290
1.413 1.303
1.496 1.315
1.585 1.326
1.679 1.337
1.778 1.348
1.884 1.359
1.995 1.370
2.113 1.381
2.239 1.391
2.371 1.402
2.512 1.413
2.661 1.424
2.818 1.435
2.985 1.446
3.162 1.458
3.350 1.469
3.548 1.481
3.758 1.494
3.981 1.506
4.217 1.519
4.467 1.532
4.732 1.546
5.012 1.560
5.309 1.574
5.623 1.589
5.957 1.604
6.310 1.620
6.683 1.635
7.079 1.652
7.499 1.669
7.943 1.686
8.414 1.704
8.913 1.722
9.441 1.741
10.000 1.760
10.593 1.780
11.220 1.800
11.885 1.821
12.589 1.843
13.335 1.865
14.125 1.887
14.962 1.911
15.849 1.935
16.788 1.959
17.783 1.984
18.836 2.010
19.953 2.037
21.135 2.064
22.387 2.092
23.714 2.121
25.119 2.151
26.607 2.182
28.184 2.213
29.854 2.245
31.623 2.278
33.497 2.313
35.481 2.348
37.584 2.384
39.811 2.421
42.170 2.459
44.668 2.498
47.315 2.538
50.119 2.579
53.088 2.622
56.234 2.666
59.566 2.711
63.096 2.757
66.834 2.805
70.795 2.854
74.989 2.904
79.433 2.956
84.140 3.009
89.125 3.064
94.406 3.120
100.000 3.178
105.925 3.238
112.202 3.299
118.850 3.363
125.893 3.428
133.352 3.495
141.254 3.563
149.624 3.634
158.489 3.707
167.880 3.782
177.828 3.860
188.365 3.939
199.526 4.021
211.349 4.106
223.872 4.192
237.137 4.282
251.189 4.374
266.073 4.469
281.838 4.566
298.538 4.667
316.228 4.770
334.965 4.877
354.813 4.987
375.837 5.100
398.107 5.216
421.697 5.336
446.684 5.460
473.151 5.587
501.187 5.718
530.884 5.854
562.341 5.993
595.662 6.136
630.957 6.284
668.344 6.436
707.946 6.593
749.894 6.755
794.328 6.922
841.395 7.094
891.251 7.271
944.061 7.453
1000.000 7.642
