0.100 NaN
0.106 NaN
0.112 NaN
0.119 NaN
0.126 NaN
0.133 NaN
0.141 NaN
0.150 NaN
0.158 NaN
0.168 NaN
0.178 NaN
0.188 NaN
0.200 NaN
0.211 NaN
0.224 NaN
0.237 NaN
0.251 NaN
0.266 NaN
0.282 NaN
0.299 NaN
0.316 NaN
0.335 NaN
0.355 NaN
0.376 NaN
0.398 NaN
0.422 NaN
0.447 NaN
0.473 NaN
0.501 0.663
0.531 0.682
0.562 0.713
0.596 0.748
0.631 0.824
0.668 0.856
0.708 0.887
0.750 0.910
0.794 0.927
0.841 0.944
0.891 0.959
0.944 0.973
1.000 0.986
1.059 0.997
1.122 1.008
1.189 1.019
1.259 1.029
1.334 1.038
1.413 1.048
1.496 1.058
1.585 1.067
1.679 1.076
1.778 1.086
1.884 1.096
1.995 1.105
2.113 1.115
2.239 1.125
2.371 1.136
2.512 1.146
2.661 1.157
2.818 1.168
2.985 1.179
3.162 1.191
3.350 1.203
3.548 1.215
3.758 1.227
3.981 1.240
4.217 1.254
4.467 1.267
4.732 1.281
5.012 1.295
5.309 1.310
5.623 1.325
5.957 1.340
6.310 1.356
6.683 1.373
7.079 1.389
7.499 1.406
7.943 1.424
8.414 1.442
8.913 1.461
9.441 1.480
10.000 1.499
10.593 1.519
11.220 1.540
11.885 1.561
12.589 1.583
13.335 1.605
14.125 1.628
14.962 1.651
15.849 1.675
16.788 1.700
17.783 1.726
18.836 1.752
19.953 1.779
21.135 1.806
22.387 1.835
23.714 1.864
25.119 1.894
26.607 1.924
28.184 1.956
29.854 1.988
31.623 2.022
33.497 2.056
35.481 2.091
37.584 2.128
39.811 2.165
42.170 2.203
44.668 2.242
47.315 2.283
50.119 2.324
53.088 2.367
56.234 2.411
59.566 2.456
63.096 2.503
66.834 2.551
70.795 2.600
74.989 2.650
79.433 2.702
84.140 2.756
89.125 2.811
94.406 2.868
100.000 2.926
105.925 2.986
112.202 3.047
118.850 3.111
125.893 3.176
133.352 3.243
141.254 3.312
149.624 3.384
158.489 3.457
167.880 3.532
177.828 3.610
188.365 3.690
199.526 3.772
211.349 3.857
223.872 3.944
237.137 4.034
251.189 4.126
266.073 4.221
281.838 4.319
298.538 4.420
316.228 4.524
334.965 4.631
354.813 4.742
375.837 4.855
398.107 4.972
421.697 5.093
446.684 5.217
473.151 5.345
501.187 5.476
530.884 5.612
562.341 5.752
595.662 5.896
630.957 6.045
668.344 6.198
707.946 6.355
749.894 6.518
794.328 6.685
841.395 6.858
891.251 7.036
944.061 7.219
1000.000 7.408
