0.100 NaN
0.106 NaN
0.112 NaN
0.119 NaN
0.126 NaN
0.133 NaN
0.141 NaN
0.150 NaN
0.158 NaN
0.168 3.549
0.178 3.634
0.188 3.741
0.200 3.804
0.211 3.846
0.224 3.877
0.237 3.903
0.251 3.923
0.266 3.942
0.282 3.959
0.299 3.975
0.316 3.989
0.335 4.003
0.355 4.016
0.376 4.029
0.398 4.041
0.422 4.053
0.447 4.065
0.473 4.077
0.501 4.088
0.531 4.098
0.562 4.109
0.596 4.120
0.631 4.130
0.668 4.140
0.708 4.150
0.750 4.159
0.794 4.169
0.841 4.178
0.891 4.188
0.944 4.197
1.000 4.206
1.059 4.214
1.122 4.223
1.189 4.231
1.259 4.239
1.334 4.248
1.413 4.256
1.496 4.263
1.585 4.271
1.679 4.279
1.778 4.286
1.884 4.293
1.995 4.300
2.113 4.308
2.239 4.314
2.371 4.321
2.512 4.328
2.661 4.335
2.818 4.341
2.985 4.347
3.162 4.354
3.350 4.360
3.548 4.366
3.758 4.372
3.981 4.378
4.217 4.383
4.467 4.389
4.732 4.395
5.012 4.400
5.309 4.406
5.623 4.411
5.957 4.416
6.310 4.421
6.683 4.426
7.079 4.431
7.499 4.436
7.943 4.441
8.414 4.446
8.913 4.450
9.441 4.455
10.000 4.460
10.593 4.464
11.220 4.469
11.885 4.473
12.589 4.477
13.335 4.482
14.125 4.486
14.962 4.490
15.849 4.494
16.788 4.498
17.783 4.502
18.836 4.506
19.953 4.510
21.135 4.513
22.387 4.517
23.714 4.521
25.119 4.525
26.607 4.528
28.184 4.532
29.854 4.535
31.623 4.539
33.497 4.542
35.481 4.546
37.584 4.549
39.811 4.552
42.170 4.556
44.668 4.559
47.315 4.562
50.119 4.565
53.088 4.569
56.234 4.572
59.566 4.575
63.096 4.578
66.834 4.581
70.795 4.584
74.989 4.587
79.433 4.590
84.140 4.592
89.125 4.595
94.406 4.598
100.000 4.601
105.925 4.604
112.202 4.607
118.850 4.609
125.893 4.612
133.352 4.615
141.254 4.618
149.624 4.620
158.489 4.622
167.880 4.625
177.828 4.628
188.365 4.630
199.526 4.633
211.349 4.635
223.872 4.638
237.137 4.640
251.189 4.642
266.073 4.645
281.838 4.647
298.538 4.650
316.228 4.652
334.965 4.654
354.813 4.657
375.837 4.659
398.107 4.661
421.697 4.663
446.684 4.666
473.151 4.668
501.187 4.670
530.884 4.672
562.341 4.674
595.662 4.677
630.957 4.679
668.344 4.681
707.946 4.683
749.894 4.685
794.328 4.687
841.395 4.689
891.251 4.691
944.061 4.693
1000.000 4.695
