0.100 NaN
0.106 NaN
0.112 NaN
0.119 NaN
0.126 NaN
0.133 NaN
0.141 NaN
0.150 NaN
0.158 NaN
0.168 NaN
0.178 0.787
0.188 0.783
0.200 0.796
0.211 0.848
0.224 0.882
0.237 0.903
0.251 0.922
0.266 0.937
0.282 0.949
0.299 0.960
0.316 0.968
0.335 0.977
0.355 0.985
0.376 0.991
0.398 0.998
0.422 1.004
0.447 1.009
0.473 1.015
0.501 1.020
0.531 1.025
0.562 1.030
0.596 1.034
0.631 1.038
0.668 1.042
0.708 1.046
0.750 1.049
0.794 1.053
0.841 1.056
0.891 1.060
0.944 1.063
1.000 1.066
1.059 1.069
1.122 1.072
1.189 1.075
1.259 1.078
1.334 1.081
1.413 1.083
1.496 1.085
1.585 1.088
1.679 1.091
1.778 1.093
1.884 1.095
1.995 1.098
2.113 1.100
2.239 1.103
2.371 1.105
2.512 1.107
2.661 1.109
2.818 1.112
2.985 1.114
3.162 1.115
3.350 1.118
3.548 1.120
3.758 1.122
3.981 1.123
4.217 1.125
4.467 1.127
4.732 1.129
5.012 1.131
5.309 1.133
5.623 1.135
5.957 1.137
6.310 1.139
6.683 1.141
7.079 1.142
7.499 1.144
7.943 1.146
8.414 1.147
8.913 1.149
9.441 1.151
10.000 1.153
10.593 1.154
11.220 1.156
11.885 1.157
12.589 1.159
13.335 1.161
14.125 1.162
14.962 1.164
15.849 1.165
16.788 1.167
17.783 1.168
18.836 1.170
19.953 1.171
21.135 1.173
22.387 1.174
23.714 1.176
25.119 1.177
26.607 1.179
28.184 1.180
29.854 1.182
31.623 1.183
33.497 1.184
35.481 1.185
37.584 1.187
39.811 1.188
42.170 1.190
44.668 1.191
47.315 1.193
50.119 1.194
53.088 1.195
56.234 1.196
59.566 1.198
63.096 1.199
66.834 1.201
70.795 1.202
74.989 1.203
79.433 1.204
84.140 1.205
89.125 1.207
94.406 1.208
100.000 1.210
105.925 1.211
112.202 1.212
118.850 1.213
125.893 1.214
133.352 1.215
141.254 1.217
149.624 1.218
158.489 1.219
167.880 1.221
177.828 1.222
188.365 1.223
199.526 1.224
211.349 1.225
223.872 1.226
237.137 1.227
251.189 1.229
266.073 1.230
281.838 1.231
298.538 1.232
316.228 1.233
334.965 1.234
354.813 1.235
375.837 1.236
398.107 1.237
421.697 1.239
446.684 1.240
473.151 1.241
501.187 1.242
530.884 1.243
562.341 1.244
595.662 1.245
630.957 1.246
668.344 1.247
707.946 1.248
749.894 1.249
794.328 1.251
841.395 1.251
891.251 1.252
944.061 1.253
1000.000 1.254
