0.100 NaN
0.106 NaN
0.112 NaN
0.119 NaN
0.126 NaN
0.133 NaN
0.141 NaN
0.150 NaN
0.158 NaN
0.168 NaN
0.178 NaN
0.188 NaN
0.200 NaN
0.211 NaN
0.224 1.117
0.237 1.116
0.251 1.138
0.266 1.132
0.282 1.186
0.299 1.269
0.316 1.329
0.335 1.358
0.355 1.400
0.376 1.424
0.398 1.450
0.422 1.474
0.447 1.494
0.473 1.517
0.501 1.535
0.531 1.553
0.562 1.569
0.596 1.583
0.631 1.597
0.668 1.610
0.708 1.625
0.750 1.638
0.794 1.649
0.841 1.659
0.891 1.669
0.944 1.678
1.000 1.688
1.059 1.698
1.122 1.707
1.189 1.715
1.259 1.723
1.334 1.731
1.413 1.738
1.496 1.745
1.585 1.753
1.679 1.760
1.778 1.766
1.884 1.773
1.995 1.780
2.113 1.787
2.239 1.793
2.371 1.800
2.512 1.806
2.661 1.811
2.818 1.817
2.985 1.822
3.162 1.827
3.350 1.833
3.548 1.837
3.758 1.842
3.981 1.847
4.217 1.852
4.467 1.856
4.732 1.861
5.012 1.866
5.309 1.871
5.623 1.875
5.957 1.880
6.310 1.884
6.683 1.888
7.079 1.893
7.499 1.897
7.943 1.901
8.414 1.905
8.913 1.909
9.441 1.913
10.000 1.917
10.593 1.921
11.220 1.925
11.885 1.928
12.589 1.932
13.335 1.935
14.125 1.939
14.962 1.943
15.849 1.946
16.788 1.949
17.783 1.953
18.836 1.956
19.953 1.959
21.135 1.962
22.387 1.966
23.714 1.970
25.119 1.973
26.607 1.977
28.184 1.980
29.854 1.983
31.623 1.986
33.497 1.990
35.481 1.993
37.584 1.996
39.811 1.999
42.170 2.002
44.668 2.005
47.315 2.008
50.119 2.011
53.088 2.014
56.234 2.016
59.566 2.019
63.096 2.022
66.834 2.025
70.795 2.027
74.989 2.030
79.433 2.033
84.140 2.036
89.125 2.039
94.406 2.042
100.000 2.044
105.925 2.047
112.202 2.050
118.850 2.052
125.893 2.054
133.352 2.057
141.254 2.059
149.624 2.062
158.489 2.064
167.880 2.067
177.828 2.069
188.365 2.072
199.526 2.074
211.349 2.076
223.872 2.079
237.137 2.081
251.189 2.084
266.073 2.086
281.838 2.088
298.538 2.091
316.228 2.092
334.965 2.094
354.813 2.096
375.837 2.098
398.107 2.100
421.697 2.102
446.684 2.104
473.151 2.106
501.187 2.109
530.884 2.111
562.341 2.114
595.662 2.116
630.957 2.119
668.344 2.121
707.946 2.124
749.894 2.126
794.328 2.129
841.395 2.132
891.251 2.135
944.061 2.138
1000.000 2.141
