0.100 NaN
0.106 NaN
0.112 NaN
0.119 NaN
0.126 NaN
0.133 NaN
0.141 NaN
0.150 NaN
0.158 NaN
0.168 NaN
0.178 NaN
0.188 NaN
0.200 1.464
0.211 1.457
0.224 1.469
0.237 1.477
0.251 1.510
0.266 1.555
0.282 1.579
0.299 1.632
0.316 1.671
0.335 1.705
0.355 1.743
0.376 1.777
0.398 1.805
0.422 1.827
0.447 1.847
0.473 1.866
0.501 1.887
0.531 1.905
0.562 1.922
0.596 1.937
0.631 1.951
0.668 1.965
0.708 1.978
0.750 1.990
0.794 2.001
0.841 2.012
0.891 2.023
0.944 2.033
1.000 2.042
1.059 2.051
1.122 2.061
1.189 2.070
1.259 2.078
1.334 2.086
1.413 2.094
1.496 2.102
1.585 2.109
1.679 2.115
1.778 2.122
1.884 2.129
1.995 2.135
2.113 2.142
2.239 2.148
2.371 2.153
2.512 2.159
2.661 2.165
2.818 2.171
2.985 2.176
3.162 2.181
3.350 2.187
3.548 2.191
3.758 2.196
3.981 2.201
4.217 2.206
4.467 2.210
4.732 2.215
5.012 2.219
5.309 2.223
5.623 2.227
5.957 2.231
6.310 2.235
6.683 2.239
7.079 2.244
7.499 2.248
7.943 2.252
8.414 2.257
8.913 2.260
9.441 2.264
10.000 2.268
10.593 2.272
11.220 2.276
11.885 2.279
12.589 2.283
13.335 2.287
14.125 2.290
14.962 2.294
15.849 2.297
16.788 2.301
17.783 2.304
18.836 2.307
19.953 2.311
21.135 2.315
22.387 2.318
23.714 2.322
25.119 2.325
26.607 2.329
28.184 2.333
29.854 2.337
31.623 2.340
33.497 2.344
35.481 2.347
37.584 2.350
39.811 2.353
42.170 2.356
44.668 2.359
47.315 2.362
50.119 2.365
53.088 2.368
56.234 2.371
59.566 2.374
63.096 2.378
66.834 2.381
70.795 2.385
74.989 2.388
79.433 2.390
84.140 2.393
89.125 2.396
94.406 2.399
100.000 2.402
105.925 2.405
112.202 2.407
118.850 2.410
125.893 2.412
133.352 2.414
141.254 2.417
149.624 2.420
158.489 2.423
167.880 2.426
177.828 2.429
188.365 2.431
199.526 2.434
211.349 2.437
223.872 2.439
237.137 2.441
251.189 2.443
266.073 2.445
281.838 2.447
298.538 2.449
316.228 2.451
334.965 2.454
354.813 2.456
375.837 2.458
398.107 2.460
421.697 2.463
446.684 2.465
473.151 2.468
501.187 2.471
530.884 2.475
562.341 2.478
595.662 2.481
630.957 2.484
668.344 2.486
707.946 2.488
749.894 2.490
794.328 2.492
841.395 2.494
891.251 2.496
944.061 2.498
1000.000 2.499
