0.100 NaN
0.106 NaN
0.112 NaN
0.119 NaN
0.126 NaN
0.133 NaN
0.141 NaN
0.150 NaN
0.158 NaN
0.168 4.128
0.178 4.206
0.188 4.347
0.200 4.442
0.211 4.500
0.224 4.545
0.237 4.581
0.251 4.609
0.266 4.635
0.282 4.657
0.299 4.676
0.316 4.695
0.335 4.713
0.355 4.728
0.376 4.743
0.398 4.756
0.422 4.769
0.447 4.782
0.473 4.794
0.501 4.806
0.531 4.817
0.562 4.829
0.596 4.840
0.631 4.850
0.668 4.861
0.708 4.871
0.750 4.881
0.794 4.891
0.841 4.900
0.891 4.910
0.944 4.919
1.000 4.928
1.059 4.937
1.122 4.946
1.189 4.955
1.259 4.963
1.334 4.971
1.413 4.980
1.496 4.988
1.585 4.996
1.679 5.003
1.778 5.011
1.884 5.019
1.995 5.026
2.113 5.033
2.239 5.041
2.371 5.048
2.512 5.055
2.661 5.062
2.818 5.068
2.985 5.075
3.162 5.081
3.350 5.088
3.548 5.094
3.758 5.101
3.981 5.107
4.217 5.113
4.467 5.119
4.732 5.125
5.012 5.131
5.309 5.136
5.623 5.142
5.957 5.147
6.310 5.153
6.683 5.158
7.079 5.164
7.499 5.169
7.943 5.174
8.414 5.179
8.913 5.184
9.441 5.190
10.000 5.194
10.593 5.199
11.220 5.204
11.885 5.209
12.589 5.214
13.335 5.218
14.125 5.223
14.962 5.227
15.849 5.232
16.788 5.236
17.783 5.241
18.836 5.245
19.953 5.249
21.135 5.253
22.387 5.258
23.714 5.262
25.119 5.266
26.607 5.270
28.184 5.274
29.854 5.278
31.623 5.282
33.497 5.285
35.481 5.289
37.584 5.293
39.811 5.297
42.170 5.301
44.668 5.304
47.315 5.308
50.119 5.311
53.088 5.315
56.234 5.319
59.566 5.322
63.096 5.325
66.834 5.329
70.795 5.332
74.989 5.336
79.433 5.339
84.140 5.342
89.125 5.345
94.406 5.349
100.000 5.352
105.925 5.355
112.202 5.358
118.850 5.361
125.893 5.364
133.352 5.368
141.254 5.371
149.624 5.374
158.489 5.377
167.880 5.380
177.828 5.383
188.365 5.385
199.526 5.389
211.349 5.391
223.872 5.394
237.137 5.397
251.189 5.400
266.073 5.403
281.838 5.405
298.538 5.408
316.228 5.411
334.965 5.414
354.813 5.416
375.837 5.419
398.107 5.422
421.697 5.424
446.684 5.427
473.151 5.430
501.187 5.432
530.884 5.435
562.341 5.437
595.662 5.440
630.957 5.443
668.344 5.445
707.946 5.448
749.894 5.450
794.328 5.453
841.395 5.455
891.251 5.458
944.061 5.460
1000.000 5.462
