0.100 NaN
0.106 NaN
0.112 NaN
0.119 NaN
0.126 NaN
0.133 NaN
0.141 NaN
0.150 NaN
0.158 NaN
0.168 NaN
0.178 NaN
0.188 NaN
0.200 NaN
0.211 NaN
0.224 NaN
0.237 NaN
0.251 NaN
0.266 NaN
0.282 NaN
0.299 0.772
0.316 0.776
0.335 0.781
0.355 0.785
0.376 0.794
0.398 0.844
0.422 0.853
0.447 0.803
0.473 0.894
0.501 0.936
0.531 0.942
0.562 1.014
0.596 1.044
0.631 1.064
0.668 1.082
0.708 1.105
0.750 1.129
0.794 1.142
0.841 1.159
0.891 1.173
0.944 1.188
1.000 1.199
1.059 1.212
1.122 1.222
1.189 1.232
1.259 1.241
1.334 1.252
1.413 1.261
1.496 1.272
1.585 1.282
1.679 1.292
1.778 1.299
1.884 1.306
1.995 1.313
2.113 1.319
2.239 1.327
2.371 1.335
2.512 1.342
2.661 1.349
2.818 1.357
2.985 1.365
3.162 1.373
3.350 1.379
3.548 1.386
3.758 1.392
3.981 1.399
4.217 1.405
4.467 1.412
4.732 1.419
5.012 1.425
5.309 1.432
5.623 1.439
5.957 1.447
6.310 1.454
6.683 1.460
7.079 1.467
7.499 1.474
7.943 1.482
8.414 1.489
8.913 1.496
9.441 1.504
10.000 1.512
10.593 1.521
11.220 1.530
11.885 1.538
12.589 1.547
13.335 1.556
14.125 1.565
14.962 1.575
15.849 1.585
16.788 1.595
17.783 1.606
18.836 1.618
19.953 1.629
21.135 1.641
22.387 1.654
23.714 1.667
25.119 1.680
26.607 1.694
28.184 1.708
29.854 1.723
31.623 1.738
33.497 1.754
35.481 1.770
37.584 1.787
39.811 1.804
42.170 1.822
44.668 1.841
47.315 1.860
50.119 1.879
53.088 1.900
56.234 1.921
59.566 1.942
63.096 1.964
66.834 1.987
70.795 2.011
74.989 2.036
79.433 2.061
84.140 2.087
89.125 2.114
94.406 2.141
100.000 2.170
105.925 2.200
112.202 2.230
118.850 2.261
125.893 2.294
133.352 2.327
141.254 2.362
149.624 2.397
158.489 2.434
167.880 2.472
177.828 2.511
188.365 2.551
199.526 2.592
211.349 2.635
223.872 2.680
237.137 2.725
251.189 2.772
266.073 2.821
281.838 2.871
298.538 2.923
316.228 2.976
334.965 3.031
354.813 3.088
375.837 3.147
398.107 3.208
421.697 3.270
446.684 3.335
473.151 3.401
501.187 3.470
530.884 3.541
562.341 3.615
595.662 3.691
630.957 3.769
668.344 3.850
707.946 3.933
749.894 4.019
794.328 4.108
841.395 4.200
891.251 4.295
944.061 4.393
1000.000 4.495
