0.100 NaN
0.106 NaN
0.112 NaN
0.119 NaN
0.126 NaN
0.133 NaN
0.141 NaN
0.150 NaN
0.158 NaN
0.168 3.493
0.178 3.594
0.188 3.653
0.200 3.689
0.211 3.715
0.224 3.735
0.237 3.752
0.251 3.768
0.266 3.783
0.282 3.797
0.299 3.810
0.316 3.823
0.335 3.836
0.355 3.848
0.376 3.860
0.398 3.872
0.422 3.883
0.447 3.895
0.473 3.906
0.501 3.917
0.531 3.927
0.562 3.938
0.596 3.948
0.631 3.958
0.668 3.968
0.708 3.978
0.750 3.988
0.794 3.997
0.841 4.006
0.891 4.015
0.944 4.024
1.000 4.033
1.059 4.042
1.122 4.050
1.189 4.058
1.259 4.066
1.334 4.074
1.413 4.082
1.496 4.090
1.585 4.097
1.679 4.105
1.778 4.112
1.884 4.119
1.995 4.126
2.113 4.133
2.239 4.140
2.371 4.146
2.512 4.153
2.661 4.159
2.818 4.165
2.985 4.172
3.162 4.177
3.350 4.184
3.548 4.189
3.758 4.195
3.981 4.201
4.217 4.206
4.467 4.212
4.732 4.217
5.012 4.222
5.309 4.227
5.623 4.232
5.957 4.237
6.310 4.242
6.683 4.247
7.079 4.252
7.499 4.256
7.943 4.261
8.414 4.265
8.913 4.270
9.441 4.274
10.000 4.278
10.593 4.283
11.220 4.287
11.885 4.291
12.589 4.295
13.335 4.299
14.125 4.303
14.962 4.306
15.849 4.310
16.788 4.314
17.783 4.317
18.836 4.321
19.953 4.325
21.135 4.328
22.387 4.332
23.714 4.335
25.119 4.338
26.607 4.342
28.184 4.345
29.854 4.348
31.623 4.351
33.497 4.354
35.481 4.357
37.584 4.360
39.811 4.363
42.170 4.366
44.668 4.369
47.315 4.372
50.119 4.375
53.088 4.377
56.234 4.380
59.566 4.383
63.096 4.386
66.834 4.388
70.795 4.391
74.989 4.394
79.433 4.396
84.140 4.398
89.125 4.401
94.406 4.404
100.000 4.406
105.925 4.408
112.202 4.411
118.850 4.413
125.893 4.415
133.352 4.417
141.254 4.420
149.624 4.422
158.489 4.424
167.880 4.426
177.828 4.429
188.365 4.431
199.526 4.433
211.349 4.435
223.872 4.437
237.137 4.439
251.189 4.441
266.073 4.444
281.838 4.445
298.538 4.447
316.228 4.449
334.965 4.451
354.813 4.453
375.837 4.455
398.107 4.457
421.697 4.459
446.684 4.461
473.151 4.463
501.187 4.465
530.884 4.466
562.341 4.468
595.662 4.470
630.957 4.472
668.344 4.474
707.946 4.475
749.894 4.477
794.328 4.479
841.395 4.481
891.251 4.483
944.061 4.484
1000.000 4.486
