0.100 NaN
0.106 NaN
0.112 NaN
0.119 NaN
0.126 NaN
0.133 NaN
0.141 NaN
0.150 NaN
0.158 NaN
0.168 NaN
0.178 NaN
0.188 NaN
0.200 NaN
0.211 NaN
0.224 NaN
0.237 NaN
0.251 NaN
0.266 NaN
0.282 NaN
0.299 NaN
0.316 NaN
0.335 NaN
0.355 NaN
0.376 NaN
0.398 NaN
0.422 NaN
0.447 NaN
0.473 NaN
0.501 NaN
0.531 0.805
0.562 0.830
0.596 0.850
0.631 0.940
0.668 0.982
0.708 1.009
0.750 1.034
0.794 1.052
0.841 1.069
0.891 1.083
0.944 1.097
1.000 1.109
1.059 1.120
1.122 1.132
1.189 1.143
1.259 1.153
1.334 1.163
1.413 1.173
1.496 1.182
1.585 1.192
1.679 1.201
1.778 1.210
1.884 1.220
1.995 1.230
2.113 1.240
2.239 1.250
2.371 1.260
2.512 1.270
2.661 1.281
2.818 1.292
2.985 1.304
3.162 1.315
3.350 1.327
3.548 1.339
3.758 1.352
3.981 1.365
4.217 1.378
4.467 1.391
4.732 1.405
5.012 1.420
5.309 1.434
5.623 1.449
5.957 1.465
6.310 1.481
6.683 1.497
7.079 1.514
7.499 1.531
7.943 1.548
8.414 1.566
8.913 1.585
9.441 1.604
10.000 1.623
10.593 1.643
11.220 1.664
11.885 1.685
12.589 1.707
13.335 1.729
14.125 1.752
14.962 1.776
15.849 1.800
16.788 1.825
17.783 1.850
18.836 1.876
19.953 1.903
21.135 1.931
22.387 1.959
23.714 1.988
25.119 2.018
26.607 2.049
28.184 2.081
29.854 2.113
31.623 2.146
33.497 2.181
35.481 2.216
37.584 2.252
39.811 2.290
42.170 2.328
44.668 2.367
47.315 2.408
50.119 2.450
53.088 2.492
56.234 2.537
59.566 2.582
63.096 2.629
66.834 2.676
70.795 2.726
74.989 2.777
79.433 2.829
84.140 2.882
89.125 2.938
94.406 2.994
100.000 3.053
105.925 3.113
112.202 3.175
118.850 3.239
125.893 3.304
133.352 3.372
141.254 3.441
149.624 3.513
158.489 3.586
167.880 3.662
177.828 3.740
188.365 3.821
199.526 3.903
211.349 3.988
223.872 4.076
237.137 4.166
251.189 4.259
266.073 4.355
281.838 4.454
298.538 4.555
316.228 4.660
334.965 4.768
354.813 4.879
375.837 4.993
398.107 5.111
421.697 5.232
446.684 5.357
473.151 5.486
501.187 5.619
530.884 5.756
562.341 5.897
595.662 6.042
630.957 6.192
668.344 6.346
707.946 6.505
749.894 6.669
794.328 6.838
841.395 7.012
891.251 7.192
944.061 7.377
1000.000 7.568
