0.100 NaN
0.106 NaN
0.112 NaN
0.119 NaN
0.126 NaN
0.133 NaN
0.141 NaN
0.150 NaN
0.158 NaN
0.168 3.760
0.178 3.893
0.188 4.010
0.200 4.107
0.211 4.172
0.224 4.216
0.237 4.248
0.251 4.278
0.266 4.303
0.282 4.325
0.299 4.345
0.316 4.362
0.335 4.379
0.355 4.394
0.376 4.409
0.398 4.423
0.422 4.436
0.447 4.448
0.473 4.461
0.501 4.473
0.531 4.485
0.562 4.496
0.596 4.507
0.631 4.518
0.668 4.528
0.708 4.539
0.750 4.549
0.794 4.559
0.841 4.568
0.891 4.578
0.944 4.587
1.000 4.596
1.059 4.605
1.122 4.614
1.189 4.623
1.259 4.631
1.334 4.640
1.413 4.648
1.496 4.656
1.585 4.664
1.679 4.672
1.778 4.679
1.884 4.687
1.995 4.694
2.113 4.702
2.239 4.709
2.371 4.716
2.512 4.723
2.661 4.730
2.818 4.737
2.985 4.743
3.162 4.750
3.350 4.756
3.548 4.763
3.758 4.769
3.981 4.775
4.217 4.781
4.467 4.787
4.732 4.793
5.012 4.799
5.309 4.805
5.623 4.810
5.957 4.816
6.310 4.822
6.683 4.827
7.079 4.832
7.499 4.838
7.943 4.843
8.414 4.848
8.913 4.853
9.441 4.858
10.000 4.863
10.593 4.868
11.220 4.873
11.885 4.878
12.589 4.882
13.335 4.887
14.125 4.892
14.962 4.896
15.849 4.901
16.788 4.905
17.783 4.910
18.836 4.914
19.953 4.919
21.135 4.923
22.387 4.927
23.714 4.931
25.119 4.935
26.607 4.939
28.184 4.943
29.854 4.947
31.623 4.951
33.497 4.955
35.481 4.959
37.584 4.963
39.811 4.967
42.170 4.971
44.668 4.974
47.315 4.978
50.119 4.982
53.088 4.985
56.234 4.989
59.566 4.993
63.096 4.996
66.834 5.000
70.795 5.003
74.989 5.007
79.433 5.010
84.140 5.013
89.125 5.017
94.406 5.020
100.000 5.023
105.925 5.027
112.202 5.030
118.850 5.033
125.893 5.037
133.352 5.040
141.254 5.043
149.624 5.046
158.489 5.049
167.880 5.052
177.828 5.055
188.365 5.059
199.526 5.062
211.349 5.065
223.872 5.068
237.137 5.071
251.189 5.073
266.073 5.077
281.838 5.080
298.538 5.082
316.228 5.085
334.965 5.088
354.813 5.091
375.837 5.094
398.107 5.097
421.697 5.100
446.684 5.102
473.151 5.105
501.187 5.108
530.884 5.111
562.341 5.113
595.662 5.116
630.957 5.119
668.344 5.121
707.946 5.124
749.894 5.127
794.328 5.129
841.395 5.132
891.251 5.134
944.061 5.137
1000.000 5.140
