0.100 NaN
0.106 NaN
0.112 NaN
0.119 NaN
0.126 NaN
0.133 NaN
0.141 NaN
0.150 NaN
0.158 NaN
0.168 NaN
0.178 NaN
0.188 NaN
0.200 NaN
0.211 NaN
0.224 NaN
0.237 NaN
0.251 NaN
0.266 0.479
0.282 0.485
0.299 0.490
0.316 0.493
0.335 0.496
0.355 0.516
0.376 0.554
0.398 0.594
0.422 0.597
0.447 0.674
0.473 0.698
0.501 0.587
0.531 0.746
0.562 0.763
0.596 0.786
0.631 0.802
0.668 0.820
0.708 0.831
0.750 0.843
0.794 0.856
0.841 0.868
0.891 0.877
0.944 0.887
1.000 0.897
1.059 0.905
1.122 0.914
1.189 0.922
1.259 0.930
1.334 0.938
1.413 0.946
1.496 0.953
1.585 0.959
1.679 0.965
1.778 0.971
1.884 0.978
1.995 0.984
2.113 0.990
2.239 0.996
2.371 1.002
2.512 1.009
2.661 1.015
2.818 1.022
2.985 1.028
3.162 1.034
3.350 1.040
3.548 1.045
3.758 1.051
3.981 1.057
4.217 1.063
4.467 1.069
4.732 1.075
5.012 1.081
5.309 1.087
5.623 1.093
5.957 1.100
6.310 1.107
6.683 1.114
7.079 1.121
7.499 1.128
7.943 1.136
8.414 1.143
8.913 1.151
9.441 1.160
10.000 1.168
10.593 1.177
11.220 1.186
11.885 1.195
12.589 1.205
13.335 1.215
14.125 1.225
14.962 1.236
15.849 1.247
16.788 1.258
17.783 1.269
18.836 1.281
19.953 1.294
21.135 1.307
22.387 1.320
23.714 1.334
25.119 1.348
26.607 1.362
28.184 1.377
29.854 1.392
31.623 1.408
33.497 1.425
35.481 1.442
37.584 1.459
39.811 1.477
42.170 1.496
44.668 1.515
47.315 1.534
50.119 1.555
53.088 1.576
56.234 1.597
59.566 1.619
63.096 1.642
66.834 1.666
70.795 1.691
74.989 1.716
79.433 1.742
84.140 1.768
89.125 1.796
94.406 1.825
100.000 1.854
105.925 1.884
112.202 1.915
118.850 1.948
125.893 1.981
133.352 2.015
141.254 2.051
149.624 2.087
158.489 2.125
167.880 2.164
177.828 2.204
188.365 2.245
199.526 2.288
211.349 2.332
223.872 2.377
237.137 2.424
251.189 2.473
266.073 2.523
281.838 2.574
298.538 2.627
316.228 2.682
334.965 2.739
354.813 2.798
375.837 2.858
398.107 2.921
421.697 2.985
446.684 3.052
473.151 3.121
501.187 3.192
530.884 3.265
562.341 3.341
595.662 3.419
630.957 3.500
668.344 3.583
707.946 3.670
749.894 3.759
794.328 3.851
841.395 3.946
891.251 4.044
944.061 4.146
1000.000 4.251
