0.100 NaN
0.106 NaN
0.112 NaN
0.119 NaN
0.126 NaN
0.133 NaN
0.141 NaN
0.150 NaN
0.158 NaN
0.168 3.688
0.178 3.781
0.188 3.910
0.200 3.970
0.211 4.011
0.224 4.041
0.237 4.067
0.251 4.088
0.266 4.107
0.282 4.124
0.299 4.140
0.316 4.155
0.335 4.169
0.355 4.182
0.376 4.194
0.398 4.207
0.422 4.219
0.447 4.230
0.473 4.242
0.501 4.253
0.531 4.264
0.562 4.274
0.596 4.285
0.631 4.295
0.668 4.305
0.708 4.315
0.750 4.325
0.794 4.334
0.841 4.344
0.891 4.353
0.944 4.362
1.000 4.371
1.059 4.380
1.122 4.388
1.189 4.397
1.259 4.405
1.334 4.413
1.413 4.421
1.496 4.429
1.585 4.436
1.679 4.444
1.778 4.452
1.884 4.459
1.995 4.466
2.113 4.473
2.239 4.480
2.371 4.487
2.512 4.494
2.661 4.500
2.818 4.507
2.985 4.513
3.162 4.519
3.350 4.525
3.548 4.531
3.758 4.537
3.981 4.543
4.217 4.549
4.467 4.555
4.732 4.560
5.012 4.566
5.309 4.571
5.623 4.576
5.957 4.582
6.310 4.587
6.683 4.592
7.079 4.597
7.499 4.602
7.943 4.607
8.414 4.612
8.913 4.616
9.441 4.621
10.000 4.625
10.593 4.630
11.220 4.634
11.885 4.639
12.589 4.643
13.335 4.647
14.125 4.652
14.962 4.656
15.849 4.660
16.788 4.664
17.783 4.668
18.836 4.672
19.953 4.675
21.135 4.679
22.387 4.683
23.714 4.687
25.119 4.691
26.607 4.694
28.184 4.698
29.854 4.701
31.623 4.705
33.497 4.708
35.481 4.712
37.584 4.715
39.811 4.718
42.170 4.722
44.668 4.725
47.315 4.728
50.119 4.731
53.088 4.734
56.234 4.737
59.566 4.741
63.096 4.744
66.834 4.747
70.795 4.750
74.989 4.753
79.433 4.756
84.140 4.758
89.125 4.761
94.406 4.764
100.000 4.767
105.925 4.770
112.202 4.773
118.850 4.775
125.893 4.778
133.352 4.781
141.254 4.783
149.624 4.786
158.489 4.788
167.880 4.791
177.828 4.794
188.365 4.796
199.526 4.799
211.349 4.801
223.872 4.804
237.137 4.806
251.189 4.808
266.073 4.811
281.838 4.813
298.538 4.815
316.228 4.818
334.965 4.820
354.813 4.823
375.837 4.825
398.107 4.827
421.697 4.829
446.684 4.832
473.151 4.834
501.187 4.836
530.884 4.838
562.341 4.840
595.662 4.843
630.957 4.845
668.344 4.847
707.946 4.849
749.894 4.851
794.328 4.853
841.395 4.855
891.251 4.857
944.061 4.859
1000.000 4.861
