0.100 NaN
0.106 NaN
0.112 NaN
0.119 NaN
0.126 NaN
0.133 NaN
0.141 NaN
0.150 NaN
0.158 0.754
0.168 0.757
0.178 0.761
0.188 0.801
0.200 0.844
0.211 0.859
0.224 0.805
0.237 0.914
0.251 0.934
0.266 0.935
0.282 0.968
0.299 0.985
0.316 0.998
0.335 1.010
0.355 1.021
0.376 1.030
0.398 1.039
0.422 1.048
0.447 1.055
0.473 1.061
0.501 1.067
0.531 1.074
0.562 1.079
0.596 1.084
0.631 1.089
0.668 1.095
0.708 1.099
0.750 1.104
0.794 1.108
0.841 1.112
0.891 1.116
0.944 1.120
1.000 1.123
1.059 1.127
1.122 1.130
1.189 1.133
1.259 1.136
1.334 1.139
1.413 1.142
1.496 1.145
1.585 1.148
1.679 1.151
1.778 1.154
1.884 1.156
1.995 1.159
2.113 1.162
2.239 1.165
2.371 1.167
2.512 1.170
2.661 1.173
2.818 1.175
2.985 1.177
3.162 1.180
3.350 1.182
3.548 1.184
3.758 1.186
3.981 1.189
4.217 1.191
4.467 1.193
4.732 1.195
5.012 1.197
5.309 1.199
5.623 1.202
5.957 1.204
6.310 1.206
6.683 1.208
7.079 1.210
7.499 1.212
7.943 1.214
8.414 1.216
8.913 1.218
9.441 1.220
10.000 1.222
10.593 1.224
11.220 1.226
11.885 1.227
12.589 1.229
13.335 1.231
14.125 1.233
14.962 1.235
15.849 1.236
16.788 1.238
17.783 1.240
18.836 1.242
19.953 1.244
21.135 1.245
22.387 1.247
23.714 1.249
25.119 1.251
26.607 1.253
28.184 1.254
29.854 1.256
31.623 1.257
33.497 1.259
35.481 1.260
37.584 1.262
39.811 1.264
42.170 1.265
44.668 1.267
47.315 1.268
50.119 1.270
53.088 1.271
56.234 1.273
59.566 1.274
63.096 1.276
66.834 1.277
70.795 1.278
74.989 1.280
79.433 1.282
84.140 1.283
89.125 1.285
94.406 1.286
100.000 1.287
105.925 1.289
112.202 1.290
118.850 1.292
125.893 1.293
133.352 1.295
141.254 1.297
149.624 1.298
158.489 1.300
167.880 1.302
177.828 1.304
188.365 1.305
199.526 1.306
211.349 1.308
223.872 1.309
237.137 1.311
251.189 1.312
266.073 1.314
281.838 1.315
298.538 1.316
316.228 1.317
334.965 1.319
354.813 1.320
375.837 1.322
398.107 1.323
421.697 1.324
446.684 1.326
473.151 1.327
501.187 1.328
530.884 1.329
562.341 1.331
595.662 1.332
630.957 1.334
668.344 1.335
707.946 1.336
749.894 1.337
794.328 1.339
841.395 1.340
891.251 1.341
944.061 1.343
1000.000 1.344
