0.100 NaN
0.106 NaN
0.112 NaN
0.119 NaN
0.126 NaN
0.133 NaN
0.141 NaN
0.150 NaN
0.158 NaN
0.168 NaN
0.178 NaN
0.188 NaN
0.200 NaN
0.211 NaN
0.224 NaN
0.237 NaN
0.251 NaN
0.266 NaN
0.282 NaN
0.299 0.536
0.316 0.542
0.335 0.559
0.355 0.597
0.376 0.636
0.398 0.660
0.422 0.638
0.447 0.654
0.473 0.701
0.501 0.746
0.531 0.807
0.562 0.853
0.596 0.633
0.631 0.900
0.668 0.919
0.708 0.895
0.750 0.950
0.794 0.967
0.841 0.739
0.891 0.998
0.944 1.011
1.000 0.989
1.059 1.036
1.122 1.048
1.189 1.058
1.259 1.068
1.334 1.078
1.413 1.088
1.496 1.096
1.585 1.105
1.679 1.114
1.778 1.122
1.884 1.130
1.995 1.139
2.113 1.147
2.239 1.154
2.371 1.162
2.512 1.170
2.661 1.177
2.818 1.184
2.985 1.190
3.162 1.197
3.350 1.205
3.548 1.212
3.758 1.219
3.981 1.225
4.217 1.231
4.467 1.237
4.732 1.243
5.012 1.250
5.309 1.258
5.623 1.264
5.957 1.271
6.310 1.278
6.683 1.286
7.079 1.294
7.499 1.301
7.943 1.308
8.414 1.316
8.913 1.323
9.441 1.331
10.000 1.339
10.593 1.347
11.220 1.355
11.885 1.363
12.589 1.372
13.335 1.382
14.125 1.391
14.962 1.401
15.849 1.412
16.788 1.422
17.783 1.433
18.836 1.444
19.953 1.456
21.135 1.468
22.387 1.480
23.714 1.493
25.119 1.506
26.607 1.520
28.184 1.534
29.854 1.549
31.623 1.564
33.497 1.580
35.481 1.596
37.584 1.613
39.811 1.630
42.170 1.648
44.668 1.667
47.315 1.686
50.119 1.705
53.088 1.726
56.234 1.747
59.566 1.768
63.096 1.791
66.834 1.813
70.795 1.837
74.989 1.862
79.433 1.887
84.140 1.913
89.125 1.940
94.406 1.967
100.000 1.996
105.925 2.025
112.202 2.056
118.850 2.087
125.893 2.119
133.352 2.153
141.254 2.187
149.624 2.223
158.489 2.259
167.880 2.297
177.828 2.336
188.365 2.376
199.526 2.417
211.349 2.460
223.872 2.504
237.137 2.550
251.189 2.597
266.073 2.645
281.838 2.695
298.538 2.747
316.228 2.800
334.965 2.855
354.813 2.912
375.837 2.970
398.107 3.031
421.697 3.093
446.684 3.157
473.151 3.224
501.187 3.292
530.884 3.363
562.341 3.436
595.662 3.512
630.957 3.589
668.344 3.670
707.946 3.753
749.894 3.839
794.328 3.927
841.395 4.019
891.251 4.113
944.061 4.211
1000.000 4.312
