0.100 NaN
0.106 NaN
0.112 NaN
0.119 NaN
0.126 NaN
0.133 NaN
0.141 NaN
0.150 NaN
0.158 NaN
0.168 3.530
0.178 3.638
0.188 3.698
0.200 3.733
0.211 3.760
0.224 3.781
0.237 3.799
0.251 3.815
0.266 3.830
0.282 3.844
0.299 3.858
0.316 3.871
0.335 3.884
0.355 3.896
0.376 3.908
0.398 3.920
0.422 3.931
0.447 3.943
0.473 3.954
0.501 3.965
0.531 3.975
0.562 3.986
0.596 3.996
0.631 4.006
0.668 4.016
0.708 4.026
0.750 4.036
0.794 4.045
0.841 4.054
0.891 4.063
0.944 4.072
1.000 4.081
1.059 4.090
1.122 4.098
1.189 4.106
1.259 4.114
1.334 4.122
1.413 4.130
1.496 4.138
1.585 4.145
1.679 4.153
1.778 4.160
1.884 4.167
1.995 4.174
2.113 4.181
2.239 4.188
2.371 4.194
2.512 4.201
2.661 4.207
2.818 4.213
2.985 4.220
3.162 4.226
3.350 4.232
3.548 4.237
3.758 4.243
3.981 4.249
4.217 4.254
4.467 4.260
4.732 4.265
5.012 4.271
5.309 4.276
5.623 4.281
5.957 4.286
6.310 4.291
6.683 4.295
7.079 4.300
7.499 4.305
7.943 4.310
8.414 4.314
8.913 4.318
9.441 4.323
10.000 4.327
10.593 4.331
11.220 4.335
11.885 4.340
12.589 4.344
13.335 4.348
14.125 4.352
14.962 4.355
15.849 4.359
16.788 4.363
17.783 4.366
18.836 4.370
19.953 4.374
21.135 4.377
22.387 4.381
23.714 4.384
25.119 4.387
26.607 4.391
28.184 4.394
29.854 4.397
31.623 4.400
33.497 4.403
35.481 4.406
37.584 4.410
39.811 4.413
42.170 4.415
44.668 4.418
47.315 4.421
50.119 4.424
53.088 4.427
56.234 4.430
59.566 4.433
63.096 4.435
66.834 4.438
70.795 4.441
74.989 4.443
79.433 4.446
84.140 4.448
89.125 4.451
94.406 4.453
100.000 4.456
105.925 4.458
112.202 4.461
118.850 4.463
125.893 4.465
133.352 4.468
141.254 4.470
149.624 4.472
158.489 4.475
167.880 4.477
177.828 4.479
188.365 4.481
199.526 4.483
211.349 4.486
223.872 4.488
237.137 4.490
251.189 4.492
266.073 4.494
281.838 4.496
298.538 4.498
316.228 4.500
334.965 4.502
354.813 4.504
375.837 4.506
398.107 4.508
421.697 4.510
446.684 4.512
473.151 4.514
501.187 4.516
530.884 4.518
562.341 4.520
595.662 4.522
630.957 4.523
668.344 4.525
707.946 4.527
749.894 4.529
794.328 4.531
841.395 4.532
891.251 4.534
944.061 4.535
1000.000 4.537
