0.100 0.487
0.106 0.490
0.112 0.493
0.119 0.496
0.126 0.499
0.133 0.503
0.141 0.506
0.150 0.509
0.158 0.513
0.168 0.516
0.178 0.520
0.188 0.523
0.200 0.527
0.211 0.531
0.224 0.535
0.237 0.539
0.251 0.543
0.266 0.547
0.282 0.552
0.299 0.556
0.316 0.561
0.335 0.565
0.355 0.570
0.376 0.575
0.398 0.580
0.422 0.585
0.447 0.590
0.473 0.596
0.501 0.601
0.531 0.607
0.562 0.613
0.596 0.618
0.631 0.625
0.668 0.631
0.708 0.637
0.750 0.644
0.794 0.650
0.841 0.657
0.891 0.664
0.944 0.671
1.000 0.679
1.059 0.686
1.122 0.694
1.189 0.702
1.259 0.710
1.334 0.718
1.413 0.727
1.496 0.736
1.585 0.744
1.679 0.754
1.778 0.763
1.884 0.773
1.995 0.783
2.113 0.793
2.239 0.803
2.371 0.814
2.512 0.825
2.661 0.836
2.818 0.847
2.985 0.859
3.162 0.871
3.350 0.883
3.548 0.896
3.758 0.909
3.981 0.922
4.217 0.936
4.467 0.950
4.732 0.965
5.012 0.979
5.309 0.994
5.623 1.010
5.957 1.026
6.310 1.042
6.683 1.059
7.079 1.076
7.499 1.094
7.943 1.112
8.414 1.130
8.913 1.149
9.441 1.169
10.000 1.189
10.593 1.209
11.220 1.230
11.885 1.252
12.589 1.274
13.335 1.297
14.125 1.320
14.962 1.344
15.849 1.369
16.788 1.394
17.783 1.420
18.836 1.447
19.953 1.474
21.135 1.502
22.387 1.531
23.714 1.560
25.119 1.591
26.607 1.622
28.184 1.654
29.854 1.687
31.623 1.720
33.497 1.755
35.481 1.790
37.584 1.827
39.811 1.864
42.170 1.903
44.668 1.942
47.315 1.982
50.119 2.024
53.088 2.067
56.234 2.111
59.566 2.156
63.096 2.202
66.834 2.249
70.795 2.298
74.989 2.348
79.433 2.400
84.140 2.453
89.125 2.507
94.406 2.563
100.000 2.620
105.925 2.679
112.202 2.740
118.850 2.802
125.893 2.866
133.352 2.931
141.254 2.999
149.624 3.068
158.489 3.139
167.880 3.212
177.828 3.287
188.365 3.365
199.526 3.444
211.349 3.526
223.872 3.609
237.137 3.696
251.189 3.784
266.073 3.875
281.838 3.969
298.538 4.065
316.228 4.164
334.965 4.266
354.813 4.370
375.837 4.477
398.107 4.588
421.697 4.701
446.684 4.818
473.151 4.938
501.187 5.061
530.884 5.188
562.341 5.319
595.662 5.453
630.957 5.591
668.344 5.733
707.946 5.879
749.894 6.029
794.328 6.183
841.395 6.342
891.251 6.505
944.061 6.673
1000.000 6.845
