0.100 0.579
0.106 0.583
0.112 0.587
0.119 0.592
0.126 0.596
0.133 0.600
0.141 0.604
0.150 0.608
0.158 0.611
0.168 0.613
0.178 0.616
0.188 0.619
0.200 0.621
0.211 0.624
0.224 0.626
0.237 0.629
0.251 0.631
0.266 0.634
0.282 0.636
0.299 0.639
0.316 0.641
0.335 0.643
0.355 0.646
0.376 0.648
0.398 0.650
0.422 0.652
0.447 0.655
0.473 0.657
0.501 0.659
0.531 0.661
0.562 0.663
0.596 0.665
0.631 0.667
0.668 0.669
0.708 0.671
0.750 0.673
0.794 0.675
0.841 0.677
0.891 0.679
0.944 0.681
1.000 0.683
1.059 0.685
1.122 0.686
1.189 0.688
1.259 0.690
1.334 0.692
1.413 0.693
1.496 0.695
1.585 0.697
1.679 0.698
1.778 0.700
1.884 0.701
1.995 0.703
2.113 0.704
2.239 0.706
2.371 0.707
2.512 0.709
2.661 0.710
2.818 0.711
2.985 0.713
3.162 0.714
3.350 0.715
3.548 0.717
3.758 0.718
3.981 0.719
4.217 0.720
4.467 0.722
4.732 0.723
5.012 0.724
5.309 0.725
5.623 0.726
5.957 0.727
6.310 0.728
6.683 0.729
7.079 0.730
7.499 0.731
7.943 0.732
8.414 0.733
8.913 0.734
9.441 0.735
10.000 0.736
10.593 0.737
11.220 0.737
11.885 0.738
12.589 0.739
13.335 0.740
14.125 0.741
14.962 0.741
15.849 0.742
16.788 0.743
17.783 0.743
18.836 0.744
19.953 0.745
21.135 0.745
22.387 0.746
23.714 0.747
25.119 0.747
26.607 0.748
28.184 0.748
29.854 0.749
31.623 0.750
33.497 0.750
35.481 0.751
37.584 0.751
39.811 0.752
42.170 0.752
44.668 0.753
47.315 0.753
50.119 0.754
53.088 0.754
56.234 0.754
59.566 0.755
63.096 0.755
66.834 0.756
70.795 0.756
74.989 0.757
79.433 0.757
84.140 0.757
89.125 0.758
94.406 0.758
100.000 0.758
105.925 0.759
112.202 0.759
118.850 0.759
125.893 0.760
133.352 0.760
141.254 0.760
149.624 0.761
158.489 0.761
167.880 0.761
177.828 0.761
188.365 0.762
199.526 0.762
211.349 0.762
223.872 0.763
237.137 0.763
251.189 0.763
266.073 0.763
281.838 0.764
298.538 0.764
316.228 0.764
334.965 0.764
354.813 0.764
375.837 0.765
398.107 0.765
421.697 0.765
446.684 0.765
473.151 0.765
501.187 0.766
530.884 0.766
562.341 0.766
595.662 0.766
630.957 0.766
668.344 0.767
707.946 0.767
749.894 0.767
794.328 0.767
841.395 0.767
891.251 0.767
944.061 0.768
1000.000 0.768
1000.000 0.839
944.061 0.839
891.251 0.838
841.395 0.838
794.328 0.837
749.894 0.836
707.946 0.836
668.344 0.835
630.957 0.834
595.662 0.834
562.341 0.833
530.884 0.832
501.187 0.831
473.151 0.831
446.684 0.830
421.697 0.829
398.107 0.829
375.837 0.828
354.813 0.827
334.965 0.826
316.228 0.826
298.538 0.825
281.838 0.824
266.073 0.823
251.189 0.822
237.137 0.822
223.872 0.821
211.349 0.820
199.526 0.819
188.365 0.818
177.828 0.818
167.880 0.817
158.489 0.816
149.624 0.815
141.254 0.814
133.352 0.813
125.893 0.812
118.850 0.812
112.202 0.811
105.925 0.810
100.000 0.809
94.406 0.808
89.125 0.807
84.140 0.806
79.433 0.805
74.989 0.804
70.795 0.803
66.834 0.802
63.096 0.801
59.566 0.800
56.234 0.799
53.088 0.798
50.119 0.797
47.315 0.796
44.668 0.795
42.170 0.794
39.811 0.793
37.584 0.792
35.481 0.791
33.497 0.790
31.623 0.789
29.854 0.788
28.184 0.787
26.607 0.786
25.119 0.785
23.714 0.783
22.387 0.782
21.135 0.781
19.953 0.780
18.836 0.779
17.783 0.778
16.788 0.776
15.849 0.775
14.962 0.774
14.125 0.773
13.335 0.772
12.589 0.770
11.885 0.769
11.220 0.768
10.593 0.767
10.000 0.765
9.441 0.764
8.913 0.763
8.414 0.761
7.943 0.760
7.499 0.759
7.079 0.757
6.683 0.756
6.310 0.754
5.957 0.753
5.623 0.752
5.309 0.750
5.012 0.749
4.732 0.747
4.467 0.746
4.217 0.744
3.981 0.743
3.758 0.741
3.548 0.740
3.350 0.738
3.162 0.737
2.985 0.735
2.818 0.734
2.661 0.732
2.512 0.730
2.371 0.729
2.239 0.727
2.113 0.725
1.995 0.723
1.884 0.722
1.778 0.720
1.679 0.718
1.585 0.716
1.496 0.715
1.413 0.713
1.334 0.711
1.259 0.709
1.189 0.707
1.122 0.705
1.059 0.703
1.000 0.701
0.944 0.699
0.891 0.697
0.841 0.695
0.794 0.692
0.750 0.690
0.708 0.688
0.668 0.686
0.631 0.683
0.596 0.681
0.562 0.679
0.531 0.676
0.501 0.674
0.473 0.671
0.447 0.668
0.422 0.666
0.398 0.663
0.376 0.660
0.355 0.658
0.335 0.655
0.316 0.652
0.299 0.649
0.282 0.646
0.266 0.643
0.251 0.639
0.237 0.636
0.224 0.633
0.211 0.630
0.200 0.626
0.188 0.623
0.178 0.619
0.168 0.615
0.158 0.612
0.150 0.608
0.141 0.605
0.133 0.603
0.126 0.600
0.119 0.597
0.112 0.594
0.106 0.591
0.100 0.588
