0.100 0.456
0.106 0.460
0.112 0.464
0.119 0.469
0.126 0.473
0.133 0.477
0.141 0.482
0.150 0.486
0.158 0.491
0.168 0.496
0.178 0.501
0.188 0.505
0.200 0.510
0.211 0.515
0.224 0.520
0.237 0.526
0.251 0.531
0.266 0.536
0.282 0.542
0.299 0.547
0.316 0.553
0.335 0.559
0.355 0.565
0.376 0.571
0.398 0.577
0.422 0.583
0.447 0.589
0.473 0.595
0.501 0.600
0.531 0.605
0.562 0.610
0.596 0.614
0.631 0.619
0.668 0.625
0.708 0.630
0.750 0.635
0.794 0.641
0.841 0.647
0.891 0.653
0.944 0.659
1.000 0.665
1.059 0.672
1.122 0.678
1.189 0.685
1.259 0.692
1.334 0.699
1.413 0.706
1.496 0.714
1.585 0.722
1.679 0.729
1.778 0.738
1.884 0.746
1.995 0.754
2.113 0.763
2.239 0.771
2.371 0.780
2.512 0.789
2.661 0.799
2.818 0.808
2.985 0.817
3.162 0.827
3.350 0.837
3.548 0.847
3.758 0.857
3.981 0.868
4.217 0.879
4.467 0.890
4.732 0.901
5.012 0.913
5.309 0.924
5.623 0.935
5.957 0.947
6.310 0.959
6.683 0.971
7.079 0.984
7.499 0.997
7.943 1.009
8.414 1.023
8.913 1.036
9.441 1.050
10.000 1.063
10.593 1.077
11.220 1.091
11.885 1.105
12.589 1.120
13.335 1.134
14.125 1.149
14.962 1.164
15.849 1.179
16.788 1.195
17.783 1.211
18.836 1.227
19.953 1.243
21.135 1.259
22.387 1.276
23.714 1.293
25.119 1.310
26.607 1.328
28.184 1.345
29.854 1.363
31.623 1.380
33.497 1.398
35.481 1.418
37.584 1.437
39.811 1.455
42.170 1.475
44.668 1.495
47.315 1.515
50.119 1.535
53.088 1.555
56.234 1.577
59.566 1.598
63.096 1.620
66.834 1.641
70.795 1.664
74.989 1.688
79.433 1.710
84.140 1.734
89.125 1.758
94.406 1.783
100.000 1.807
105.925 1.832
112.202 1.858
118.850 1.885
125.893 1.911
133.352 1.938
141.254 1.965
149.624 1.993
158.489 2.020
167.880 2.049
177.828 2.077
188.365 2.107
199.526 2.137
211.349 2.169
223.872 2.201
237.137 2.233
251.189 2.266
266.073 2.296
281.838 2.329
298.538 2.362
316.228 2.396
334.965 2.431
354.813 2.465
375.837 2.500
398.107 2.536
421.697 2.571
446.684 2.608
473.151 2.645
501.187 2.681
530.884 2.718
562.341 2.756
595.662 2.796
630.957 2.835
668.344 2.876
707.946 2.918
749.894 2.961
794.328 3.004
841.395 3.046
891.251 3.091
944.061 3.137
1000.000 3.182
1000.000 13.058
944.061 12.644
891.251 12.241
841.395 11.850
794.328 11.474
749.894 11.110
707.946 10.763
668.344 10.429
630.957 10.100
595.662 9.774
562.341 9.467
530.884 9.178
501.187 8.897
473.151 8.620
446.684 8.342
421.697 8.083
398.107 7.836
375.837 7.588
354.813 7.348
334.965 7.124
316.228 6.909
298.538 6.700
281.838 6.495
266.073 6.298
251.189 6.107
237.137 5.922
223.872 5.745
211.349 5.569
199.526 5.397
188.365 5.232
177.828 5.072
167.880 4.919
158.489 4.773
149.624 4.636
141.254 4.501
133.352 4.368
125.893 4.239
118.850 4.113
112.202 3.993
105.925 3.880
100.000 3.768
94.406 3.660
89.125 3.556
84.140 3.453
79.433 3.355
74.989 3.262
70.795 3.172
66.834 3.083
63.096 2.995
59.566 2.911
56.234 2.832
53.088 2.753
50.119 2.677
47.315 2.604
44.668 2.533
42.170 2.464
39.811 2.401
37.584 2.335
35.481 2.275
33.497 2.216
31.623 2.158
29.854 2.103
28.184 2.049
26.607 1.998
25.119 1.948
23.714 1.901
22.387 1.854
21.135 1.809
19.953 1.766
18.836 1.723
17.783 1.681
16.788 1.641
15.849 1.602
14.962 1.563
14.125 1.528
13.335 1.493
12.589 1.459
11.885 1.427
11.220 1.396
10.593 1.365
10.000 1.337
9.441 1.308
8.913 1.281
8.414 1.255
7.943 1.229
7.499 1.204
7.079 1.180
6.683 1.157
6.310 1.134
5.957 1.113
5.623 1.092
5.309 1.072
5.012 1.053
4.732 1.034
4.467 1.016
4.217 0.998
3.981 0.981
3.758 0.964
3.548 0.948
3.350 0.932
3.162 0.916
2.985 0.902
2.818 0.888
2.661 0.874
2.512 0.861
2.371 0.848
2.239 0.835
2.113 0.823
1.995 0.811
1.884 0.799
1.778 0.788
1.679 0.777
1.585 0.767
1.496 0.757
1.413 0.747
1.334 0.737
1.259 0.727
1.189 0.718
1.122 0.709
1.059 0.700
1.000 0.692
0.944 0.683
0.891 0.675
0.841 0.667
0.794 0.659
0.750 0.652
0.708 0.644
0.668 0.637
0.631 0.629
0.596 0.622
0.562 0.615
0.531 0.609
0.501 0.602
0.473 0.596
0.447 0.592
0.422 0.587
0.398 0.583
0.376 0.579
0.355 0.576
0.335 0.572
0.316 0.568
0.299 0.565
0.282 0.561
0.266 0.558
0.251 0.555
0.237 0.552
0.224 0.549
0.211 0.546
0.200 0.543
0.188 0.541
0.178 0.538
0.168 0.536
0.158 0.533
0.150 0.531
0.141 0.528
0.133 0.526
0.126 0.524
0.119 0.522
0.112 0.520
0.106 0.518
0.100 0.516
