0.100 3.176
0.106 3.196
0.112 3.215
0.119 3.234
0.126 3.252
0.133 3.270
0.141 3.288
0.150 3.305
0.158 3.322
0.168 3.337
0.178 3.351
0.188 3.365
0.200 3.379
0.211 3.393
0.224 3.406
0.237 3.419
0.251 3.432
0.266 3.445
0.282 3.458
0.299 3.470
0.316 3.482
0.335 3.494
0.355 3.505
0.376 3.517
0.398 3.528
0.422 3.539
0.447 3.550
0.473 3.561
0.501 3.571
0.531 3.581
0.562 3.592
0.596 3.601
0.631 3.611
0.668 3.621
0.708 3.630
0.750 3.639
0.794 3.648
0.841 3.657
0.891 3.666
0.944 3.675
1.000 3.683
1.059 3.691
1.122 3.699
1.189 3.708
1.259 3.715
1.334 3.723
1.413 3.731
1.496 3.738
1.585 3.745
1.679 3.752
1.778 3.759
1.884 3.766
1.995 3.773
2.113 3.780
2.239 3.786
2.371 3.793
2.512 3.799
2.661 3.805
2.818 3.811
2.985 3.817
3.162 3.823
3.350 3.828
3.548 3.834
3.758 3.839
3.981 3.845
4.217 3.850
4.467 3.855
4.732 3.860
5.012 3.865
5.309 3.870
5.623 3.874
5.957 3.879
6.310 3.884
6.683 3.888
7.079 3.893
7.499 3.897
7.943 3.901
8.414 3.905
8.913 3.909
9.441 3.913
10.000 3.917
10.593 3.921
11.220 3.924
11.885 3.928
12.589 3.932
13.335 3.935
14.125 3.939
14.962 3.942
15.849 3.945
16.788 3.948
17.783 3.951
18.836 3.955
19.953 3.958
21.135 3.960
22.387 3.963
23.714 3.966
25.119 3.969
26.607 3.972
28.184 3.974
29.854 3.977
31.623 3.979
33.497 3.982
35.481 3.984
37.584 3.987
39.811 3.989
42.170 3.991
44.668 3.993
47.315 3.996
50.119 3.998
53.088 4.000
56.234 4.002
59.566 4.004
63.096 4.006
66.834 4.008
70.795 4.010
74.989 4.011
79.433 4.013
84.140 4.015
89.125 4.017
94.406 4.018
100.000 4.020
105.925 4.021
112.202 4.023
118.850 4.025
125.893 4.026
133.352 4.027
141.254 4.029
149.624 4.030
158.489 4.032
167.880 4.033
177.828 4.034
188.365 4.036
199.526 4.037
211.349 4.038
223.872 4.040
237.137 4.041
251.189 4.042
266.073 4.043
281.838 4.044
298.538 4.045
316.228 4.047
334.965 4.048
354.813 4.049
375.837 4.050
398.107 4.051
421.697 4.052
446.684 4.053
473.151 4.054
501.187 4.054
530.884 4.055
562.341 4.056
595.662 4.057
630.957 4.058
668.344 4.059
707.946 4.059
749.894 4.060
794.328 4.061
841.395 4.062
891.251 4.062
944.061 4.063
1000.000 4.064
1000.000 4.132
944.061 4.131
891.251 4.130
841.395 4.129
794.328 4.128
749.894 4.127
707.946 4.126
668.344 4.125
630.957 4.123
595.662 4.122
562.341 4.121
530.884 4.120
501.187 4.118
473.151 4.117
446.684 4.116
421.697 4.114
398.107 4.113
375.837 4.112
354.813 4.110
334.965 4.109
316.228 4.107
298.538 4.106
281.838 4.104
266.073 4.103
251.189 4.101
237.137 4.100
223.872 4.098
211.349 4.096
199.526 4.095
188.365 4.093
177.828 4.091
167.880 4.090
158.489 4.088
149.624 4.086
141.254 4.084
133.352 4.082
125.893 4.080
118.850 4.078
112.202 4.076
105.925 4.074
100.000 4.072
94.406 4.070
89.125 4.068
84.140 4.066
79.433 4.064
74.989 4.062
70.795 4.059
66.834 4.057
63.096 4.055
59.566 4.052
56.234 4.050
53.088 4.047
50.119 4.045
47.315 4.042
44.668 4.040
42.170 4.037
39.811 4.034
37.584 4.032
35.481 4.029
33.497 4.026
31.623 4.023
29.854 4.020
28.184 4.017
26.607 4.014
25.119 4.011
23.714 4.008
22.387 4.005
21.135 4.002
19.953 3.998
18.836 3.995
17.783 3.992
16.788 3.988
15.849 3.985
14.962 3.981
14.125 3.978
13.335 3.974
12.589 3.970
11.885 3.966
11.220 3.962
10.593 3.958
10.000 3.954
9.441 3.950
8.913 3.946
8.414 3.942
7.943 3.937
7.499 3.933
7.079 3.928
6.683 3.924
6.310 3.919
5.957 3.914
5.623 3.909
5.309 3.904
5.012 3.899
4.732 3.894
4.467 3.889
4.217 3.884
3.981 3.878
3.758 3.873
3.548 3.867
3.350 3.862
3.162 3.856
2.985 3.850
2.818 3.844
2.661 3.837
2.512 3.831
2.371 3.825
2.239 3.818
2.113 3.812
1.995 3.805
1.884 3.798
1.778 3.791
1.679 3.784
1.585 3.777
1.496 3.769
1.413 3.761
1.334 3.754
1.259 3.746
1.189 3.738
1.122 3.730
1.059 3.721
1.000 3.713
0.944 3.704
0.891 3.695
0.841 3.686
0.794 3.677
0.750 3.667
0.708 3.657
0.668 3.648
0.631 3.637
0.596 3.627
0.562 3.617
0.531 3.606
0.501 3.595
0.473 3.584
0.447 3.573
0.422 3.561
0.398 3.549
0.376 3.537
0.355 3.525
0.335 3.512
0.316 3.499
0.299 3.486
0.282 3.473
0.266 3.459
0.251 3.445
0.237 3.431
0.224 3.416
0.211 3.401
0.200 3.386
0.188 3.370
0.178 3.355
0.168 3.338
0.158 3.322
0.150 3.307
0.141 3.292
0.133 3.277
0.126 3.261
0.119 3.245
0.112 3.229
0.106 3.212
0.100 3.196
