0.100 0.584
0.106 0.587
0.112 0.591
0.119 0.594
0.126 0.598
0.133 0.601
0.141 0.605
0.150 0.608
0.158 0.611
0.168 0.614
0.178 0.618
0.188 0.621
0.200 0.624
0.211 0.627
0.224 0.630
0.237 0.633
0.251 0.635
0.266 0.638
0.282 0.641
0.299 0.644
0.316 0.646
0.335 0.649
0.355 0.652
0.376 0.654
0.398 0.657
0.422 0.659
0.447 0.662
0.473 0.664
0.501 0.666
0.531 0.669
0.562 0.671
0.596 0.673
0.631 0.676
0.668 0.678
0.708 0.680
0.750 0.682
0.794 0.684
0.841 0.686
0.891 0.688
0.944 0.690
1.000 0.692
1.059 0.694
1.122 0.696
1.189 0.698
1.259 0.700
1.334 0.701
1.413 0.703
1.496 0.705
1.585 0.707
1.679 0.708
1.778 0.710
1.884 0.712
1.995 0.713
2.113 0.715
2.239 0.717
2.371 0.718
2.512 0.720
2.661 0.721
2.818 0.723
2.985 0.724
3.162 0.725
3.350 0.727
3.548 0.728
3.758 0.730
3.981 0.731
4.217 0.732
4.467 0.734
4.732 0.735
5.012 0.736
5.309 0.737
5.623 0.739
5.957 0.740
6.310 0.741
6.683 0.742
7.079 0.743
7.499 0.745
7.943 0.746
8.414 0.747
8.913 0.748
9.441 0.749
10.000 0.750
10.593 0.751
11.220 0.752
11.885 0.753
12.589 0.754
13.335 0.755
14.125 0.756
14.962 0.757
15.849 0.758
16.788 0.759
17.783 0.760
18.836 0.761
19.953 0.761
21.135 0.762
22.387 0.763
23.714 0.764
25.119 0.765
26.607 0.766
28.184 0.767
29.854 0.767
31.623 0.768
33.497 0.769
35.481 0.770
37.584 0.770
39.811 0.771
42.170 0.772
44.668 0.773
47.315 0.773
50.119 0.774
53.088 0.775
56.234 0.775
59.566 0.776
63.096 0.777
66.834 0.777
70.795 0.778
74.989 0.779
79.433 0.779
84.140 0.780
89.125 0.780
94.406 0.781
100.000 0.782
105.925 0.782
112.202 0.783
118.850 0.783
125.893 0.784
133.352 0.784
141.254 0.785
149.624 0.785
158.489 0.786
167.880 0.786
177.828 0.787
188.365 0.787
199.526 0.788
211.349 0.788
223.872 0.789
237.137 0.789
251.189 0.790
266.073 0.790
281.838 0.791
298.538 0.791
316.228 0.792
334.965 0.792
354.813 0.793
375.837 0.793
398.107 0.793
421.697 0.794
446.684 0.794
473.151 0.795
501.187 0.795
530.884 0.795
562.341 0.796
595.662 0.796
630.957 0.796
668.344 0.797
707.946 0.797
749.894 0.798
794.328 0.798
841.395 0.798
891.251 0.799
944.061 0.799
1000.000 0.799
