0.100 3.186
0.106 3.204
0.112 3.222
0.119 3.239
0.126 3.257
0.133 3.273
0.141 3.290
0.150 3.306
0.158 3.322
0.168 3.338
0.178 3.353
0.188 3.368
0.200 3.383
0.211 3.397
0.224 3.411
0.237 3.425
0.251 3.439
0.266 3.452
0.282 3.465
0.299 3.478
0.316 3.491
0.335 3.503
0.355 3.515
0.376 3.527
0.398 3.539
0.422 3.550
0.447 3.561
0.473 3.572
0.501 3.583
0.531 3.594
0.562 3.604
0.596 3.614
0.631 3.624
0.668 3.634
0.708 3.644
0.750 3.653
0.794 3.663
0.841 3.672
0.891 3.681
0.944 3.689
1.000 3.698
1.059 3.706
1.122 3.715
1.189 3.723
1.259 3.731
1.334 3.739
1.413 3.746
1.496 3.754
1.585 3.761
1.679 3.768
1.778 3.775
1.884 3.782
1.995 3.789
2.113 3.796
2.239 3.802
2.371 3.809
2.512 3.815
2.661 3.821
2.818 3.827
2.985 3.833
3.162 3.839
3.350 3.845
3.548 3.851
3.758 3.856
3.981 3.861
4.217 3.867
4.467 3.872
4.732 3.877
5.012 3.882
5.309 3.887
5.623 3.892
5.957 3.897
6.310 3.901
6.683 3.906
7.079 3.910
7.499 3.915
7.943 3.919
8.414 3.923
8.913 3.927
9.441 3.931
10.000 3.935
10.593 3.939
11.220 3.943
11.885 3.947
12.589 3.951
13.335 3.954
14.125 3.958
14.962 3.961
15.849 3.965
16.788 3.968
17.783 3.971
18.836 3.974
19.953 3.978
21.135 3.981
22.387 3.984
23.714 3.987
25.119 3.990
26.607 3.993
28.184 3.995
29.854 3.998
31.623 4.001
33.497 4.004
35.481 4.006
37.584 4.009
39.811 4.011
42.170 4.014
44.668 4.016
47.315 4.018
50.119 4.021
53.088 4.023
56.234 4.025
59.566 4.028
63.096 4.030
66.834 4.032
70.795 4.034
74.989 4.036
79.433 4.038
84.140 4.040
89.125 4.042
94.406 4.044
100.000 4.046
105.925 4.047
112.202 4.049
118.850 4.051
125.893 4.053
133.352 4.054
141.254 4.056
149.624 4.058
158.489 4.059
167.880 4.061
177.828 4.062
188.365 4.064
199.526 4.065
211.349 4.067
223.872 4.068
237.137 4.069
251.189 4.071
266.073 4.072
281.838 4.074
298.538 4.075
316.228 4.076
334.965 4.077
354.813 4.079
375.837 4.080
398.107 4.081
421.697 4.082
446.684 4.083
473.151 4.084
501.187 4.085
530.884 4.086
562.341 4.087
595.662 4.088
630.957 4.089
668.344 4.090
707.946 4.091
749.894 4.092
794.328 4.093
841.395 4.094
891.251 4.095
944.061 4.096
1000.000 4.097
