0.100 0.390
0.106 0.392
0.112 0.394
0.119 0.396
0.126 0.398
0.133 0.400
0.141 0.402
0.150 0.404
0.158 0.407
0.168 0.409
0.178 0.411
0.188 0.413
0.200 0.416
0.211 0.418
0.224 0.420
0.237 0.423
0.251 0.425
0.266 0.427
0.282 0.428
0.299 0.430
0.316 0.432
0.335 0.433
0.355 0.435
0.376 0.437
0.398 0.439
0.422 0.441
0.447 0.443
0.473 0.445
0.501 0.447
0.531 0.449
0.562 0.451
0.596 0.454
0.631 0.456
0.668 0.458
0.708 0.461
0.750 0.463
0.794 0.466
0.841 0.469
0.891 0.471
0.944 0.474
1.000 0.477
1.059 0.479
1.122 0.482
1.189 0.485
1.259 0.488
1.334 0.491
1.413 0.495
1.496 0.498
1.585 0.501
1.679 0.504
1.778 0.508
1.884 0.511
1.995 0.515
2.113 0.518
2.239 0.522
2.371 0.525
2.512 0.529
2.661 0.532
2.818 0.536
2.985 0.540
3.162 0.544
3.350 0.547
3.548 0.551
3.758 0.555
3.981 0.560
4.217 0.564
4.467 0.568
4.732 0.572
5.012 0.576
5.309 0.580
5.623 0.585
5.957 0.589
6.310 0.593
6.683 0.598
7.079 0.602
7.499 0.607
7.943 0.612
8.414 0.616
8.913 0.621
9.441 0.626
10.000 0.631
10.593 0.636
11.220 0.641
11.885 0.646
12.589 0.651
13.335 0.656
14.125 0.662
14.962 0.667
15.849 0.672
16.788 0.677
17.783 0.683
18.836 0.688
19.953 0.694
21.135 0.699
22.387 0.705
23.714 0.711
25.119 0.717
26.607 0.723
28.184 0.729
29.854 0.735
31.623 0.741
33.497 0.748
35.481 0.754
37.584 0.761
39.811 0.767
42.170 0.774
44.668 0.781
47.315 0.788
50.119 0.795
53.088 0.801
56.234 0.808
59.566 0.815
63.096 0.823
66.834 0.830
70.795 0.838
74.989 0.845
79.433 0.853
84.140 0.861
89.125 0.869
94.406 0.877
100.000 0.886
105.925 0.894
112.202 0.903
118.850 0.911
125.893 0.919
133.352 0.928
141.254 0.936
149.624 0.946
158.489 0.954
167.880 0.964
177.828 0.972
188.365 0.982
199.526 0.991
211.349 1.001
223.872 1.010
237.137 1.019
251.189 1.029
266.073 1.039
281.838 1.049
298.538 1.059
316.228 1.070
334.965 1.080
354.813 1.090
375.837 1.100
398.107 1.110
421.697 1.120
446.684 1.132
473.151 1.144
501.187 1.156
530.884 1.166
562.341 1.178
595.662 1.190
630.957 1.202
668.344 1.213
707.946 1.225
749.894 1.238
794.328 1.250
841.395 1.262
891.251 1.275
944.061 1.287
1000.000 1.301
1000.000 8.039
944.061 7.781
891.251 7.539
841.395 7.301
794.328 7.066
749.894 6.837
707.946 6.616
668.344 6.407
630.957 6.201
595.662 6.003
562.341 5.814
530.884 5.628
501.187 5.443
473.151 5.265
446.684 5.099
421.697 4.941
398.107 4.788
375.837 4.642
354.813 4.499
334.965 4.364
316.228 4.231
298.538 4.099
281.838 3.970
266.073 3.847
251.189 3.729
237.137 3.615
223.872 3.505
211.349 3.397
199.526 3.297
188.365 3.201
177.828 3.104
167.880 3.013
158.489 2.922
149.624 2.836
141.254 2.753
133.352 2.673
125.893 2.596
118.850 2.522
112.202 2.448
105.925 2.379
100.000 2.312
94.406 2.247
89.125 2.183
84.140 2.119
79.433 2.060
74.989 2.004
70.795 1.950
66.834 1.898
63.096 1.846
59.566 1.797
56.234 1.747
53.088 1.703
50.119 1.660
47.315 1.615
44.668 1.573
42.170 1.533
39.811 1.492
37.584 1.454
35.481 1.418
33.497 1.386
31.623 1.351
29.854 1.318
28.184 1.286
26.607 1.256
25.119 1.226
23.714 1.199
22.387 1.172
21.135 1.145
19.953 1.119
18.836 1.095
17.783 1.071
16.788 1.047
15.849 1.025
14.962 1.003
14.125 0.983
13.335 0.963
12.589 0.943
11.885 0.924
11.220 0.906
10.593 0.888
10.000 0.871
9.441 0.855
8.913 0.840
8.414 0.824
7.943 0.810
7.499 0.795
7.079 0.781
6.683 0.767
6.310 0.754
5.957 0.742
5.623 0.729
5.309 0.718
5.012 0.707
4.732 0.696
4.467 0.685
4.217 0.675
3.981 0.665
3.758 0.655
3.548 0.646
3.350 0.637
3.162 0.629
2.985 0.620
2.818 0.612
2.661 0.604
2.512 0.597
2.371 0.589
2.239 0.582
2.113 0.575
1.995 0.569
1.884 0.563
1.778 0.556
1.679 0.550
1.585 0.545
1.496 0.539
1.413 0.534
1.334 0.528
1.259 0.523
1.189 0.519
1.122 0.514
1.059 0.509
1.000 0.505
0.944 0.500
0.891 0.496
0.841 0.492
0.794 0.488
0.750 0.484
0.708 0.480
0.668 0.477
0.631 0.473
0.596 0.469
0.562 0.466
0.531 0.463
0.501 0.459
0.473 0.456
0.447 0.453
0.422 0.450
0.398 0.447
0.376 0.444
0.355 0.441
0.335 0.439
0.316 0.436
0.299 0.433
0.282 0.431
0.266 0.428
0.251 0.425
0.237 0.424
0.224 0.422
0.211 0.421
0.200 0.419
0.188 0.418
0.178 0.417
0.168 0.415
0.158 0.414
0.150 0.413
0.141 0.412
0.133 0.411
0.126 0.410
0.119 0.408
0.112 0.407
0.106 0.407
0.100 0.406
