150.933 4.100
75.466 4.034
50.311 4.031
37.733 3.992
30.187 3.990
25.155 3.984
21.562 3.981
18.867 3.977
16.770 3.975
15.093 3.970
13.721 3.967
12.578 3.963
11.610 3.949
10.781 3.942
10.062 3.939
9.433 3.937
8.878 3.934
8.385 3.929
7.944 3.929
7.547 3.922
7.187 3.917
6.861 3.914
6.562 3.911
6.289 3.910
6.037 3.910
5.805 3.881
5.590 3.879
5.390 3.877
5.205 3.876
5.031 3.876
4.869 3.873
4.717 3.873
4.574 3.871
4.439 3.869
4.312 3.866
4.193 3.865
4.079 3.863
3.972 3.858
3.870 3.858
3.773 3.856
3.681 3.854
3.594 3.852
3.510 3.851
3.430 3.850
3.354 3.845
3.281 3.845
3.211 3.844
3.144 3.843
3.080 3.841
3.019 3.836
2.959 3.834
2.903 3.834
2.848 3.831
2.795 3.830
2.744 3.825
2.695 3.825
2.648 3.825
2.602 3.824
2.558 3.821
2.516 3.817
2.474 3.814
2.434 3.810
2.396 3.810
2.358 3.807
2.322 3.806
2.287 3.803
2.253 3.803
2.220 3.800
2.187 3.797
2.156 3.796
2.126 3.794
2.096 3.794
2.068 3.794
2.040 3.779
2.012 3.778
1.986 3.775
1.960 3.774
1.935 3.773
1.911 3.771
1.887 3.766
1.863 3.766
1.841 3.765
1.818 3.763
1.797 3.760
1.776 3.760
1.755 3.758
1.735 3.756
1.715 3.756
1.696 3.756
1.677 3.751
1.659 3.749
1.641 3.746
1.623 3.745
1.606 3.744
1.589 3.744
1.572 3.744
1.556 3.744
1.540 3.741
1.525 3.741
1.509 3.738
1.494 3.737
1.480 3.733
1.465 3.731
1.451 3.731
1.437 3.730
1.424 3.730
1.411 3.729
1.398 3.728
1.385 3.727
1.372 3.726
1.360 3.726
1.348 3.725
1.336 3.724
1.324 3.724
1.312 3.720
1.301 3.720
1.290 3.720
1.279 3.720
1.268 3.719
1.258 3.717
1.247 3.716
1.237 3.715
1.227 3.714
1.217 3.714
1.207 3.714
1.198 3.712
1.188 3.711
1.179 3.711
1.170 3.709
1.161 3.709
1.152 3.704
1.143 3.703
1.135 3.702
1.126 3.701
1.118 3.701
1.110 3.699
1.102 3.697
1.094 3.696
1.086 3.696
1.078 3.694
1.070 3.693
1.063 3.692
1.055 3.691
1.048 3.691
1.041 3.690
1.034 3.688
1.027 3.688
1.020 3.686
1.013 3.685
1.006 3.685
1.000 3.683
0.993 3.683
0.986 3.683
0.980 3.682
0.974 3.682
0.968 3.682
0.961 3.681
0.955 3.681
0.949 3.681
0.943 3.680
0.937 3.680
0.932 3.679
0.926 3.675
0.920 3.675
0.915 3.674
0.909 3.674
0.904 3.671
0.898 3.668
0.893 3.667
0.888 3.666
0.883 3.666
0.878 3.666
0.872 3.665
0.867 3.665
0.862 3.665
0.858 3.665
0.853 3.664
0.848 3.664
0.843 3.663
0.839 3.662
0.834 3.662
0.829 3.661
0.825 3.661
0.820 3.660
0.816 3.659
0.811 3.658
0.807 3.658
0.803 3.657
0.799 3.657
0.794 3.657
0.790 3.656
0.786 3.656
0.782 3.655
0.778 3.654
0.774 3.654
0.770 3.652
0.766 3.650
0.762 3.650
0.758 3.650
0.755 3.648
0.751 3.647
0.747 3.646
0.744 3.646
0.740 3.643
0.736 3.642
0.733 3.641
0.729 3.641
0.726 3.641
0.722 3.637
0.719 3.636
0.715 3.635
0.712 3.634
0.709 3.634
0.705 3.633
0.702 3.633
0.699 3.633
0.696 3.633
0.692 3.632
0.689 3.631
0.686 3.631
0.683 3.631
0.680 3.630
0.677 3.629
0.674 3.628
0.671 3.628
0.668 3.627
0.665 3.627
0.662 3.626
0.659 3.626
0.656 3.625
0.653 3.625
0.651 3.624
0.648 3.624
0.645 3.624
0.642 3.623
0.640 3.623
0.637 3.621
0.634 3.621
0.632 3.621
0.629 3.620
0.626 3.617
0.624 3.617
0.621 3.616
0.619 3.616
0.616 3.615
0.614 3.614
0.611 3.614
0.609 3.613
0.606 3.613
0.604 3.612
0.601 3.612
0.599 3.611
0.597 3.611
0.594 3.610
0.592 3.609
0.590 3.609
0.587 3.608
0.585 3.608
0.583 3.608
0.581 3.608
0.578 3.608
0.576 3.607
0.574 3.607
0.572 3.607
0.570 3.607
0.567 3.606
0.565 3.604
0.563 3.602
0.561 3.602
0.559 3.601
0.557 3.599
0.555 3.598
0.553 3.598
0.551 3.598
0.549 3.597
0.547 3.597
0.545 3.596
0.543 3.595
0.541 3.595
0.539 3.594
0.537 3.594
0.535 3.593
0.533 3.591
0.531 3.591
0.530 3.591
0.528 3.591
0.526 3.590
0.524 3.589
0.522 3.589
0.520 3.587
0.519 3.587
0.517 3.585
0.515 3.585
0.513 3.585
0.512 3.584
0.510 3.584
0.508 3.584
0.506 3.583
0.505 3.583
0.503 3.583
0.501 3.583
0.500 3.582
0.498 3.581
0.496 3.581
0.495 3.581
0.493 3.580
0.492 3.579
0.490 3.578
0.488 3.578
0.487 3.577
0.485 3.577
0.484 3.576
0.482 3.576
0.481 3.576
0.479 3.574
0.478 3.574
0.476 3.574
0.475 3.573
0.473 3.573
0.472 3.573
0.470 3.571
0.469 3.571
0.467 3.571
0.466 3.571
0.464 3.570
0.463 3.570
0.462 3.569
0.460 3.568
0.459 3.565
0.457 3.565
0.456 3.565
0.455 3.564
0.453 3.563
0.452 3.562
0.451 3.562
0.449 3.560
0.448 3.560
0.447 3.560
0.445 3.560
0.444 3.559
0.443 3.557
0.441 3.557
0.440 3.557
0.439 3.556
0.437 3.556
0.436 3.556
0.435 3.556
0.434 3.556
0.432 3.555
0.431 3.554
0.430 3.553
0.429 3.553
0.428 3.552
0.426 3.552
0.425 3.552
0.424 3.551
0.423 3.550
0.422 3.550
0.420 3.550
0.419 3.549
0.418 3.548
0.417 3.547
0.416 3.547
0.415 3.545
0.414 3.545
0.412 3.544
0.411 3.544
0.410 3.544
0.409 3.544
0.408 3.544
0.407 3.543
0.406 3.543
0.405 3.543
0.404 3.543
0.402 3.543
0.401 3.542
0.400 3.542
0.399 3.541
0.398 3.541
0.397 3.541
0.396 3.541
0.395 3.540
0.394 3.540
0.393 3.540
0.392 3.539
0.391 3.539
0.390 3.539
0.389 3.538
0.388 3.538
0.387 3.538
0.386 3.536
0.385 3.536
0.384 3.536
0.383 3.533
0.382 3.533
0.381 3.533
0.380 3.533
0.379 3.533
0.378 3.533
0.377 3.533
0.376 3.532
0.375 3.532
0.375 3.532
0.374 3.531
0.373 3.531
0.372 3.531
0.371 3.531
0.370 3.531
0.369 3.530
0.368 3.529
0.367 3.529
0.366 3.529
0.365 3.528
0.365 3.527
0.364 3.526
0.363 3.526
0.362 3.526
0.361 3.526
0.360 3.525
0.359 3.525
0.359 3.524
0.358 3.523
0.357 3.523
0.356 3.523
0.355 3.523
0.354 3.522
0.353 3.522
0.353 3.521
0.352 3.521
0.351 3.521
0.350 3.520
0.349 3.520
0.349 3.520
0.348 3.519
0.347 3.518
0.346 3.517
0.345 3.517
0.345 3.516
0.344 3.516
0.343 3.515
0.342 3.515
0.341 3.515
0.341 3.515
0.340 3.514
0.339 3.514
0.338 3.514
0.338 3.514
0.337 3.513
0.336 3.513
0.335 3.512
0.335 3.512
0.334 3.511
0.333 3.511
0.332 3.511
0.332 3.511
0.331 3.510
0.330 3.509
0.330 3.508
0.329 3.507
0.328 3.507
0.327 3.506
0.327 3.505
0.326 3.505
0.325 3.504
0.325 3.504
0.324 3.504
0.323 3.503
0.323 3.503
0.322 3.502
0.321 3.501
0.320 3.501
0.320 3.500
0.319 3.499
0.318 3.499
0.318 3.499
0.317 3.499
0.316 3.499
0.316 3.498
0.315 3.498
0.314 3.498
0.314 3.498
0.313 3.497
0.312 3.497
0.312 3.496
0.311 3.496
0.311 3.496
0.310 3.496
0.309 3.496
0.309 3.494
0.308 3.494
0.307 3.493
0.307 3.493
0.306 3.493
0.306 3.493
0.305 3.492
0.304 3.492
0.304 3.492
0.303 3.491
0.302 3.491
0.302 3.489
0.301 3.488
0.301 3.487
0.300 3.487
0.299 3.487
0.299 3.486
0.298 3.486
0.298 3.484
0.297 3.484
0.297 3.484
0.296 3.484
0.295 3.483
0.295 3.483
0.294 3.482
0.294 3.481
0.293 3.481
0.293 3.481
0.292 3.481
0.291 3.481
0.291 3.481
0.290 3.480
0.290 3.480
0.289 3.479
0.289 3.479
0.288 3.479
0.287 3.478
0.287 3.477
0.286 3.477
0.286 3.476
0.285 3.476
0.285 3.475
0.284 3.474
0.284 3.474
0.283 3.473
0.283 3.473
0.282 3.472
0.282 3.472
0.281 3.471
0.281 3.471
0.280 3.470
0.280 3.469
0.279 3.468
0.278 3.467
0.278 3.465
0.277 3.465
0.277 3.465
0.276 3.464
0.276 3.464
0.275 3.463
0.275 3.463
0.274 3.463
0.274 3.463
0.273 3.463
0.273 3.462
0.272 3.462
0.272 3.461
0.271 3.461
0.271 3.461
0.270 3.461
0.270 3.461
0.270 3.460
0.269 3.459
0.269 3.459
0.268 3.458
0.268 3.458
0.267 3.457
0.267 3.456
0.266 3.456
0.266 3.456
0.265 3.456
0.265 3.455
0.264 3.454
0.264 3.454
0.263 3.454
0.263 3.454
0.262 3.454
0.262 3.454
0.262 3.453
0.261 3.452
0.261 3.452
0.260 3.452
0.260 3.451
0.259 3.451
0.259 3.450
0.258 3.450
0.258 3.450
0.258 3.450
0.257 3.450
0.257 3.450
0.256 3.449
0.256 3.448
0.255 3.448
0.255 3.447
0.255 3.447
0.254 3.447
0.254 3.447
0.253 3.446
0.253 3.446
0.252 3.446
0.252 3.444
0.252 3.444
0.251 3.444
0.251 3.444
0.250 3.444
0.250 3.444
0.249 3.444
0.249 3.443
0.249 3.443
0.248 3.442
0.248 3.442
0.247 3.441
0.247 3.441
0.247 3.440
0.246 3.440
0.246 3.439
0.245 3.439
0.245 3.438
0.245 3.438
0.244 3.437
0.244 3.437
0.243 3.436
0.243 3.436
0.243 3.436
0.242 3.436
0.242 3.436
0.241 3.435
0.241 3.435
0.241 3.435
0.240 3.435
0.240 3.435
0.240 3.434
0.239 3.434
0.239 3.434
0.238 3.434
0.238 3.433
0.238 3.433
0.237 3.433
0.237 3.432
0.237 3.432
0.236 3.432
0.236 3.432
0.235 3.431
0.235 3.431
0.235 3.430
0.234 3.429
0.234 3.429
0.234 3.428
0.233 3.426
0.233 3.426
0.233 3.426
0.232 3.424
0.232 3.424
0.231 3.424
0.231 3.424
0.231 3.423
0.230 3.423
0.230 3.422
0.230 3.422
0.229 3.421
0.229 3.421
0.229 3.421
0.228 3.420
0.228 3.419
0.228 3.419
0.227 3.419
0.227 3.419
0.227 3.419
0.226 3.418
0.226 3.418
0.226 3.417
0.225 3.417
0.225 3.417
0.225 3.416
0.224 3.415
0.224 3.415
0.224 3.414
0.223 3.414
0.223 3.413
0.223 3.412
0.222 3.412
0.222 3.411
0.222 3.411
0.221 3.409
0.221 3.409
0.221 3.409
0.220 3.409
0.220 3.409
0.220 3.409
0.219 3.408
0.219 3.406
0.219 3.406
0.218 3.406
0.218 3.406
0.218 3.406
0.217 3.406
0.217 3.406
0.217 3.406
0.217 3.405
0.216 3.405
0.216 3.405
0.216 3.404
0.215 3.404
0.215 3.404
0.215 3.404
0.214 3.404
0.214 3.404
0.214 3.404
0.213 3.403
0.213 3.403
0.213 3.403
0.213 3.403
0.212 3.403
0.212 3.403
0.212 3.402
0.211 3.402
0.211 3.402
0.211 3.401
0.211 3.401
0.210 3.401
0.210 3.400
0.210 3.400
0.209 3.399
0.209 3.399
0.209 3.398
0.208 3.398
0.208 3.398
0.208 3.398
0.208 3.397
0.207 3.397
0.207 3.396
0.207 3.396
0.206 3.396
0.206 3.396
0.206 3.395
0.206 3.395
0.205 3.394
0.205 3.394
0.205 3.394
0.205 3.394
0.204 3.394
0.204 3.393
0.204 3.393
0.203 3.393
0.203 3.393
0.203 3.393
0.203 3.392
0.202 3.391
0.202 3.391
0.202 3.390
0.202 3.389
0.201 3.388
0.201 3.388
0.201 3.388
0.200 3.387
0.200 3.387
0.200 3.387
0.200 3.387
0.199 3.386
0.199 3.385
0.199 3.385
0.199 3.385
0.198 3.384
0.198 3.384
0.198 3.384
0.198 3.384
0.197 3.384
0.197 3.382
0.197 3.382
0.197 3.382
0.196 3.381
0.196 3.381
0.196 3.381
0.196 3.380
0.195 3.380
0.195 3.379
0.195 3.378
0.195 3.378
0.194 3.378
0.194 3.377
0.194 3.377
0.194 3.377
0.193 3.377
0.193 3.377
0.193 3.377
0.193 3.377
0.192 3.376
0.192 3.376
0.192 3.376
0.192 3.376
0.191 3.376
0.191 3.375
0.191 3.375
0.191 3.375
0.190 3.374
0.190 3.374
0.190 3.374
0.190 3.374
0.189 3.374
0.189 3.373
0.189 3.371
0.189 3.371
0.188 3.371
0.188 3.371
0.188 3.371
0.188 3.370
0.187 3.370
0.187 3.368
0.187 3.368
0.187 3.367
0.187 3.367
0.186 3.367
0.186 3.367
0.186 3.366
0.186 3.366
0.185 3.366
0.185 3.365
0.185 3.364
0.185 3.364
0.185 3.364
0.184 3.364
0.184 3.364
0.184 3.363
0.184 3.363
0.183 3.363
0.183 3.363
0.183 3.362
0.183 3.362
0.183 3.362
0.182 3.361
0.182 3.361
0.182 3.361
0.182 3.361
0.181 3.360
0.181 3.360
0.181 3.360
0.181 3.359
0.181 3.359
0.180 3.359
0.180 3.358
0.180 3.357
0.180 3.357
0.179 3.357
0.179 3.356
0.179 3.356
0.179 3.356
0.179 3.356
0.178 3.354
0.178 3.354
0.178 3.354
0.178 3.354
0.178 3.353
0.177 3.353
0.177 3.353
0.177 3.352
0.177 3.351
0.177 3.351
0.176 3.350
0.176 3.349
0.176 3.349
0.176 3.349
0.176 3.349
0.175 3.349
0.175 3.348
0.175 3.347
0.175 3.347
0.174 3.346
0.174 3.346
0.174 3.346
0.174 3.346
0.174 3.346
0.173 3.346
0.173 3.345
0.173 3.345
0.173 3.345
0.173 3.345
0.172 3.344
0.172 3.344
0.172 3.344
0.172 3.344
0.172 3.344
0.172 3.343
0.171 3.343
0.171 3.343
0.171 3.343
0.171 3.342
0.171 3.342
0.170 3.342
0.170 3.342
0.170 3.341
0.170 3.341
0.170 3.341
0.169 3.341
0.169 3.340
0.169 3.340
0.169 3.340
0.169 3.338
0.168 3.337
0.168 3.337
0.168 3.337
0.168 3.336
0.168 3.336
0.168 3.336
0.167 3.336
0.167 3.335
0.167 3.333
0.167 3.333
0.167 3.333
0.166 3.333
0.166 3.333
0.166 3.332
0.166 3.332
0.166 3.332
0.165 3.331
0.165 3.331
0.165 3.331
0.165 3.330
0.165 3.330
0.165 3.330
0.164 3.330
0.164 3.329
0.164 3.329
0.164 3.328
0.164 3.328
0.164 3.328
0.163 3.327
0.163 3.327
0.163 3.326
0.163 3.326
0.163 3.326
0.162 3.326
0.162 3.326
0.162 3.325
0.162 3.325
0.162 3.325
0.162 3.325
0.161 3.325
0.161 3.325
