21.919 0.780
10.960 0.756
7.306 0.750
5.480 0.731
4.384 0.720
3.653 0.720
3.131 0.719
2.740 0.719
2.435 0.715
2.192 0.713
1.993 0.713
1.827 0.709
1.686 0.709
1.566 0.708
1.461 0.708
1.370 0.707
1.289 0.705
1.218 0.702
1.154 0.702
1.096 0.702
1.044 0.699
0.996 0.696
0.953 0.695
0.913 0.692
0.877 0.690
0.843 0.687
0.812 0.687
0.783 0.684
0.756 0.682
0.731 0.680
0.707 0.680
0.685 0.676
0.664 0.676
0.645 0.674
0.626 0.673
0.609 0.673
0.592 0.672
0.577 0.669
0.562 0.669
0.548 0.669
0.535 0.668
0.522 0.667
0.510 0.667
0.498 0.667
0.487 0.666
0.477 0.665
0.466 0.662
0.457 0.661
0.447 0.661
0.438 0.661
0.430 0.661
0.422 0.661
0.414 0.659
0.406 0.658
0.399 0.657
0.391 0.657
0.385 0.657
0.378 0.657
0.372 0.654
0.365 0.653
0.359 0.651
0.354 0.650
0.348 0.650
0.342 0.649
0.337 0.649
0.332 0.646
0.327 0.644
0.322 0.644
0.318 0.643
0.313 0.642
0.309 0.642
0.304 0.642
0.300 0.641
0.296 0.641
0.292 0.641
0.288 0.640
0.285 0.640
0.281 0.638
0.277 0.637
0.274 0.636
0.271 0.636
0.267 0.636
0.264 0.636
0.261 0.636
0.258 0.635
0.255 0.635
0.252 0.634
0.249 0.633
0.246 0.633
0.244 0.633
0.241 0.632
0.238 0.630
0.236 0.629
0.233 0.629
0.231 0.629
0.228 0.628
0.226 0.628
0.224 0.627
0.221 0.626
0.219 0.625
0.217 0.624
0.215 0.624
0.213 0.624
0.211 0.623
0.209 0.622
0.207 0.622
0.205 0.622
0.203 0.621
0.201 0.621
0.199 0.621
0.197 0.620
0.196 0.620
0.194 0.618
0.192 0.618
0.191 0.617
0.189 0.617
0.187 0.617
0.186 0.616
0.184 0.616
0.183 0.615
0.181 0.615
0.180 0.615
0.178 0.614
0.177 0.614
0.175 0.614
0.174 0.613
0.173 0.613
0.171 0.613
0.170 0.612
0.169 0.612
0.167 0.611
0.166 0.611
0.165 0.611
0.164 0.611
0.162 0.611
0.161 0.611
0.160 0.610
0.159 0.609
