28.243 1.485
14.122 0.975
9.414 0.972
7.061 0.674
5.649 0.613
4.707 0.608
4.035 0.593
3.530 0.585
3.138 0.567
2.824 0.552
2.568 0.541
2.354 0.533
2.173 0.533
2.017 0.523
1.883 0.523
1.765 0.520
1.661 0.510
1.569 0.503
1.486 0.503
1.412 0.501
1.345 0.500
1.284 0.500
1.228 0.498
1.177 0.493
1.130 0.491
1.086 0.490
1.046 0.486
1.009 0.486
0.974 0.483
0.941 0.482
0.911 0.481
0.883 0.480
0.856 0.480
0.831 0.480
0.807 0.480
0.785 0.477
0.763 0.477
0.743 0.476
0.724 0.473
0.706 0.471
0.689 0.468
0.672 0.467
0.657 0.467
0.642 0.466
0.628 0.466
0.614 0.464
0.601 0.463
0.588 0.463
0.576 0.461
0.565 0.461
0.554 0.459
0.543 0.458
0.533 0.457
0.523 0.456
0.514 0.453
0.504 0.452
0.495 0.451
0.487 0.450
0.479 0.450
0.471 0.450
0.463 0.448
0.456 0.447
0.448 0.447
0.441 0.447
0.435 0.447
0.428 0.446
0.422 0.446
0.415 0.444
0.409 0.443
0.403 0.442
0.398 0.442
0.392 0.442
0.387 0.441
0.382 0.441
0.377 0.440
0.372 0.440
0.367 0.438
0.362 0.438
0.358 0.437
0.353 0.437
0.349 0.436
0.344 0.436
0.340 0.436
0.336 0.436
0.332 0.436
0.328 0.435
0.325 0.435
0.321 0.434
0.317 0.434
0.314 0.434
0.310 0.434
0.307 0.433
0.304 0.433
0.300 0.432
0.297 0.432
0.294 0.432
0.291 0.430
0.288 0.430
0.285 0.430
0.282 0.429
0.280 0.429
0.277 0.428
0.274 0.428
0.272 0.428
0.269 0.428
0.266 0.427
0.264 0.427
0.262 0.426
0.259 0.426
0.257 0.426
0.254 0.425
