0.100 0.398
0.106 0.399
0.112 0.401
0.119 0.402
0.126 0.404
0.133 0.405
0.141 0.407
0.150 0.409
0.158 0.410
0.168 0.412
0.178 0.414
0.188 0.416
0.200 0.417
0.211 0.419
0.224 0.421
0.237 0.423
0.251 0.425
0.266 0.427
0.282 0.429
0.299 0.432
0.316 0.434
0.335 0.436
0.355 0.438
0.376 0.441
0.398 0.443
0.422 0.445
0.447 0.448
0.473 0.451
0.501 0.453
0.531 0.456
0.562 0.459
0.596 0.462
0.631 0.464
0.668 0.467
0.708 0.471
0.750 0.474
0.794 0.477
0.841 0.480
0.891 0.483
0.944 0.487
1.000 0.490
1.059 0.494
1.122 0.498
1.189 0.501
1.259 0.505
1.334 0.509
1.413 0.513
1.496 0.518
1.585 0.522
1.679 0.526
1.778 0.531
1.884 0.535
1.995 0.540
2.113 0.545
2.239 0.550
2.371 0.555
2.512 0.560
2.661 0.565
2.818 0.571
2.985 0.576
3.162 0.582
3.350 0.588
3.548 0.594
3.758 0.600
3.981 0.607
4.217 0.613
4.467 0.620
4.732 0.627
5.012 0.634
5.309 0.641
5.623 0.648
5.957 0.656
6.310 0.664
6.683 0.671
7.079 0.680
7.499 0.688
7.943 0.697
8.414 0.705
8.913 0.715
9.441 0.724
10.000 0.733
10.593 0.743
11.220 0.753
11.885 0.763
12.589 0.774
13.335 0.785
14.125 0.796
14.962 0.807
15.849 0.819
16.788 0.831
17.783 0.844
18.836 0.856
19.953 0.869
21.135 0.883
22.387 0.897
23.714 0.911
25.119 0.925
26.607 0.940
28.184 0.955
29.854 0.971
31.623 0.987
33.497 1.004
35.481 1.021
37.584 1.038
39.811 1.056
42.170 1.075
44.668 1.094
47.315 1.113
50.119 1.133
53.088 1.154
56.234 1.175
59.566 1.197
63.096 1.219
66.834 1.242
70.795 1.266
74.989 1.290
79.433 1.315
84.140 1.341
89.125 1.367
94.406 1.394
100.000 1.422
105.925 1.451
112.202 1.480
118.850 1.511
125.893 1.542
133.352 1.574
141.254 1.607
149.624 1.641
158.489 1.676
167.880 1.712
177.828 1.748
188.365 1.786
199.526 1.825
211.349 1.866
223.872 1.907
237.137 1.949
251.189 1.993
266.073 2.038
281.838 2.085
298.538 2.132
316.228 2.181
334.965 2.232
354.813 2.284
375.837 2.337
398.107 2.392
421.697 2.449
446.684 2.507
473.151 2.567
501.187 2.629
530.884 2.693
562.341 2.759
595.662 2.826
630.957 2.896
668.344 2.967
707.946 3.041
749.894 3.117
794.328 3.195
841.395 3.275
891.251 3.358
944.061 3.444
1000.000 3.532
