104.391 2.561
52.196 2.491
34.797 1.728
26.098 1.612
20.878 1.610
17.399 1.554
14.913 1.405
13.049 1.373
11.599 1.333
10.439 1.319
9.490 1.317
8.699 1.313
8.030 1.296
7.457 1.113
6.959 1.072
6.524 1.009
6.141 0.993
5.800 0.984
5.494 0.974
5.220 0.970
4.971 0.968
4.745 0.952
4.539 0.946
4.350 0.942
4.176 0.939
4.015 0.935
3.866 0.889
3.728 0.880
3.600 0.864
3.480 0.859
3.367 0.854
3.262 0.852
3.163 0.851
3.070 0.850
2.983 0.850
2.900 0.848
2.821 0.841
2.747 0.831
2.677 0.831
2.610 0.828
2.546 0.826
2.486 0.826
2.428 0.820
2.373 0.816
2.320 0.815
2.269 0.809
2.221 0.804
2.175 0.803
2.130 0.795
2.088 0.793
2.047 0.783
2.008 0.780
1.970 0.778
1.933 0.774
1.898 0.770
1.864 0.769
1.831 0.768
1.800 0.768
1.769 0.764
1.740 0.760
1.711 0.760
1.684 0.759
1.657 0.758
1.631 0.758
1.606 0.756
1.582 0.756
1.558 0.746
1.535 0.746
1.513 0.742
1.491 0.740
1.470 0.737
1.450 0.733
1.430 0.731
1.411 0.724
1.392 0.723
1.374 0.722
1.356 0.722
1.338 0.721
1.321 0.719
1.305 0.717
1.289 0.714
1.273 0.711
1.258 0.710
1.243 0.710
1.228 0.709
1.214 0.706
1.200 0.705
1.186 0.702
1.173 0.700
1.160 0.697
1.147 0.695
1.135 0.695
1.122 0.691
1.111 0.690
1.099 0.689
1.087 0.689
1.076 0.689
1.065 0.689
1.054 0.685
1.044 0.685
1.034 0.684
1.023 0.684
1.014 0.682
1.004 0.682
0.994 0.681
0.985 0.680
0.976 0.678
0.967 0.678
0.958 0.677
0.949 0.676
0.940 0.676
0.932 0.675
0.924 0.673
0.916 0.673
0.908 0.673
0.900 0.669
0.892 0.668
0.885 0.664
0.877 0.664
0.870 0.664
0.863 0.663
0.856 0.661
0.849 0.661
0.842 0.660
0.835 0.659
0.829 0.658
0.822 0.657
0.816 0.657
0.809 0.656
0.803 0.651
0.797 0.650
0.791 0.650
0.785 0.648
0.779 0.648
0.773 0.648
0.768 0.647
0.762 0.646
0.756 0.646
0.751 0.646
0.746 0.645
0.740 0.641
0.735 0.641
0.730 0.641
0.725 0.641
0.720 0.639
0.715 0.637
0.710 0.637
0.705 0.637
0.701 0.636
0.696 0.636
0.691 0.633
0.687 0.633
0.682 0.632
0.678 0.632
0.673 0.632
0.669 0.632
0.665 0.632
0.661 0.630
0.657 0.630
0.652 0.630
0.648 0.628
0.644 0.628
0.640 0.627
0.637 0.627
0.633 0.626
0.629 0.626
0.625 0.626
0.621 0.624
0.618 0.624
0.614 0.620
0.610 0.620
0.607 0.619
0.603 0.619
0.600 0.619
0.597 0.617
0.593 0.615
0.590 0.615
0.586 0.613
0.583 0.612
0.580 0.612
0.577 0.612
0.574 0.610
0.570 0.610
0.567 0.609
0.564 0.609
0.561 0.609
0.558 0.609
0.555 0.607
0.552 0.607
0.549 0.605
0.547 0.605
0.544 0.605
0.541 0.605
0.538 0.604
0.535 0.604
0.533 0.604
0.530 0.604
0.527 0.604
0.525 0.603
0.522 0.602
0.519 0.602
0.517 0.602
0.514 0.602
0.512 0.602
0.509 0.602
0.507 0.600
0.504 0.600
0.502 0.599
0.499 0.599
0.497 0.598
0.495 0.598
0.492 0.598
0.490 0.598
0.488 0.598
0.486 0.597
0.483 0.597
