144.283 44.017 2.882
-2.075 57.143 7.800
131.417 31.583 3.926
-89.833 13.583 6.102
-99.912 16.840 3.335
-176.632 51.863 5.948
-122.298 37.772 4.204
-126.931 50.587 2.698
-5.433 36.117 1.306
-149.890 61.238 5.895
-76.482 38.983 3.499
-70.400 -23.650 3.874
-53.983 47.300 4.891
-13.530 28.972 5.484
-123.767 46.208 2.934
-74.418 39.355 4.349
-2.715 51.511 3.214
141.500 38.300 3.006
-79.573 8.962 3.542
-76.578 39.267 3.331
-90.285 -0.437 5.037
-125.136 48.836 4.110
2.163 41.342 3.850
-68.205 44.392 10.899
12.903 55.756 8.292
-1.515 43.527 3.306
109.083 21.483 3.956
-128.143 52.163 3.251
-64.700 32.400 9.477
-3.050 43.357 5.550
-6.340 36.800 2.540
141.917 -10.600 4.450
-71.052 42.355 8.291
1.578 50.727 5.844
-4.500 48.383 3.288
-73.182 41.173 5.537
153.167 -27.367 6.755
122.217 -18.000 7.000
-77.100 3.900 4.706
-58.500 -34.667 3.605
152.380 -24.767 7.450
145.915 -41.050 5.486
-109.908 22.880 6.411
-6.283 36.533 2.713
1.868 50.969 4.385
-77.150 -12.050 5.743
-76.068 38.573 4.370
-125.247 50.042 3.500
-47.925 -25.017 2.193
147.058 -19.277 5.030
18.433 -33.900 4.599
-74.960 38.968 4.065
113.652 -24.898 5.023
-75.533 10.383 5.494
-9.417 38.692 3.243
15.094 37.498 1.888
103.187 5.265 4.901
-5.317 35.900 2.283
91.050 22.217 7.073
-124.322 43.345 4.168
-79.925 32.782 3.646
-64.920 18.335 2.785
-63.117 46.233 10.442
-1.635 49.651 4.218
-76.113 36.967 5.155
142.200 27.100 5.775
140.867 35.750 4.511
-157.472 1.982 5.391
-94.200 58.783 39.038
96.883 -12.117 9.491
-1.890 47.277 3.972
-145.753 60.558 5.048
-97.217 27.580 0.000
91.833 21.450 5.534
-124.183 41.745 3.586
-79.915 9.355 4.342
1.302 52.934 5.532
8.717 53.867 4.059
130.850 -12.467 7.300
20.385 60.032 8.831
6.933 53.326 7.094
4.746 52.965 4.931
-4.185 50.368 4.395
1.085 49.929 10.251
-2.088 47.306 3.885
108.617 19.100 6.634
1.318 51.117 4.670
-75.740 36.183 5.504
2.367 51.048 4.017
31.050 -29.867 3.766
27.917 -33.017 5.085
-109.448 -27.150 3.221
-66.985 44.903 11.176
162.387 11.430 11.964
-116.633 31.850 8.459
8.433 55.467 4.812
-79.647 0.992 3.755
121.900 -33.867 4.737
-64.267 -65.250 10.180
1.348 51.957 7.400
-81.467 30.672 4.380
-4.983 52.014 3.980
18.211 60.409 5.214
151.233 -33.850 4.804
-80.902 32.033 4.808
-95.308 28.948 2.463
115.717 -32.050 4.528
-166.288 23.868 6.289
139.933 40.650 4.170
128.850 32.700 8.804
-123.451 48.769 4.698
179.195 -8.525 8.738
-16.907 32.640 9.975
21.231 64.916 6.025
-94.793 29.310 0.000
73.152 -0.687 10.077
11.933 54.567 3.979
102.107 6.227 4.060
-5.350 36.117 3.834
-3.018 53.450 3.135
11.791 57.685 5.539
-89.957 29.263 0.000
144.650 13.433 7.331
-110.900 27.933 5.404
141.533 40.533 8.163
110.283 20.017 5.496
140.717 41.783 3.903
-63.583 44.667 5.864
132.067 34.900 3.232
27.179 60.563 7.127
145.567 43.283 8.099
22.977 59.823 8.325
1.284 51.947 7.166
9.101 63.425 3.931
24.956 60.154 7.616
-2.920 54.032 2.128
115.738 -31.825 4.746
-155.067 19.733 5.738
-3.134 51.215 5.325
89.467 21.783 4.397
147.330 -42.887 5.780
4.120 51.977 4.741
-4.631 53.308 4.364
114.217 22.300 4.179
159.957 -9.425 13.359
25.973 70.980 5.801
-157.867 21.307 8.964
12.467 56.100 5.631
131.683 32.417 4.706
-124.217 40.767 5.115
-4.111 51.211 4.607
-43.165 -22.897 3.003
-0.186 53.631 3.122
124.167 24.333 4.040
-169.530 16.738 3.854
103.792 1.462 4.956
-78.833 -33.622 9.289
-134.412 58.298 3.946
130.567 31.583 3.760
-156.467 20.900 7.327
23.096 65.697 6.883
121.282 28.088 6.888
-171.718 -2.810 4.808
120.288 22.615 4.796
154.777 1.098 5.987
21.215 62.344 4.218
139.750 35.517 7.924
121.745 25.157 4.659
101.358 3.050 5.917
102.153 2.215 6.988
24.515 65.673 6.219
70.220 -49.345 13.116
-131.625 55.333 4.524
-81.808 24.553 3.283
-5.050 58.457 7.300
12.894 55.522 9.180
23.033 -34.050 4.244
99.817 11.795 5.340
98.425 7.832 8.748
135.183 34.683 3.058
133.567 33.500 3.248
-152.512 57.732 4.850
134.583 34.017 3.356
116.067 5.983 4.455
103.430 3.975 5.343
130.200 32.600 6.184
103.443 1.325 7.001
15.589 56.105 9.909
11.127 58.997 4.882
135.767 33.483 3.668
144.367 42.983 2.856
167.733 8.733 10.140
-8.400 43.367 4.709
-117.257 32.867 7.642
-80.917 -2.200 5.978
-110.345 24.162 6.863
-1.221 46.158 2.963
-87.817 13.333 8.414
17.865 58.742 8.830
99.765 6.432 7.447
177.433 -17.600 5.053
-4.781 48.359 5.355
0.106 49.482 3.253
-1.765 47.205 3.776
123.750 13.150 7.301
-3.182 55.990 5.971
-1.140 60.155 6.410
-1.794 46.497 3.668
-75.120 38.782 3.693
119.417 34.750 5.859
-64.753 17.697 1.813
10.299 43.546 3.955
-3.825 53.332 3.676
-80.717 -6.933 4.381
159.067 -31.517 6.164
-118.272 33.720 6.441
-64.883 47.083 18.507
1.751 52.473 4.589
15.150 -26.650 8.300
100.613 4.240 5.957
121.617 32.133 8.088
5.113 61.934 5.736
-67.047 17.972 2.705
137.617 34.683 0.745
135.383 35.467 7.169
171.373 7.107 7.509
130.300 31.267 3.409
-4.417 36.717 3.033
134.463 7.330 10.981
73.527 4.190 8.536
-7.333 55.367 5.549
120.967 14.583 6.217
21.463 61.594 4.967
174.500 -35.833 5.013
16.837 58.554 11.329
173.200 52.833 12.941
-72.117 -17.000 7.125
132.717 33.867 5.139
-81.432 30.395 4.881
-106.422 23.198 4.981
139.817 34.917 4.495
15.563 38.196 4.752
-177.367 28.217 4.042
-5.014 51.702 4.468
-4.906 55.750 5.287
50.600 26.233 3.725
130.450 32.617 5.870
139.482 34.067 4.146
141.983 39.650 10.981
-157.800 21.433 9.148
7.421 43.729 4.088
-71.960 41.048 4.983
-121.888 36.605 5.289
22.133 -34.183 4.788
134.167 33.267 3.015
129.867 32.733 6.898
136.883 35.083 2.763
127.667 26.200 5.541
129.842 29.842 5.233
-1.634 47.194 4.231
-70.097 41.285 5.884
176.917 -39.483 9.762
14.269 40.841 4.645
166.905 -0.528 4.406
-159.350 21.967 4.523
129.495 28.382 5.636
-124.617 48.368 4.180
-72.087 41.355 3.711
-74.015 40.700 4.195
0.057 50.782 3.067
-5.542 50.102 4.146
-71.327 41.505 5.801
-122.910 49.200 3.515
130.992 30.735 6.236
-1.440 55.007 3.471
-60.250 46.217 10.644
166.437 -22.292 8.495
-175.167 -21.133 7.340
-140.082 -8.930 6.094
11.950 78.933 18.756
141.717 39.067 3.576
141.750 39.017 3.377
139.383 34.783 6.591
17.097 57.366 10.760
138.217 34.617 3.841
140.900 36.933 2.970
135.433 34.650 2.780
16.478 57.275 11.028
10.734 59.909 4.485
25.418 65.040 7.324
130.217 32.983 4.426
136.217 34.067 3.205
-170.683 -14.283 12.654
-81.167 -5.083 4.733
-149.567 -17.525 2.908
-123.451 48.654 4.396
100.347 5.422 4.703
-158.053 -8.977 2.738
-87.213 30.403 0.728
-75.142 39.933 7.134
22.690 63.709 6.906
158.243 6.987 7.109
-123.253 49.337 4.129
-25.672 37.735 10.144
-123.440 48.125 4.605
-59.133 47.567 14.278
-1.062 45.569 5.150
25.630 -33.960 4.613
118.575 -20.318 5.498
150.912 -34.473 6.260
57.495 -20.155 9.235
16.867 -29.250 5.320
-3.446 47.644 2.885
3.107 42.520 4.273
-127.489 50.722 2.307
-97.215 26.060 0.000
-70.247 43.657 10.783
141.600 -38.333 4.136
-5.120 54.843 4.152
-120.760 35.177 5.225
-1.112 50.803 4.031
-130.324 54.317 2.976
-71.401 41.807 5.349
-87.950 15.833 6.768
-15.417 28.133 4.526
-72.967 -41.483 2.670
-67.617 -54.933 2.856
-132.072 53.252 4.704
24.407 64.666 8.108
-159.775 -21.207 2.945
20.895 63.986 4.975
21.426 61.133 5.057
-75.573 39.558 6.208
-21.940 64.151 11.446
-134.953 -23.125 8.991
12.113 57.250 5.187
-97.047 28.022 0.000
63.418 -19.668 4.300
11.230 64.859 4.090
-3.966 48.718 2.672
150.790 -23.162 6.470
-17.750 28.683 7.474
-93.870 29.730 0.000
133.333 36.200 8.887
-2.246 47.140 2.792
-1.682 43.395 4.275
-2.028 48.641 6.170
-2.202 47.267 3.151
-66.063 45.251 11.714
145.742 15.227 2.155
133.250 35.550 2.124
17.950 -33.017 6.292
-95.203 16.160 4.169
-117.173 32.713 7.132
-80.108 -26.292 5.937
-122.465 37.807 3.311
-90.833 13.917 6.488
-66.117 18.460 2.929
-160.502 55.337 5.677
-74.009 40.467 4.320
-90.313 -0.755 7.739
-118.500 34.008 4.985
-122.339 47.603 3.573
104.115 1.932 4.172
-151.720 59.441 4.421
-149.427 60.120 4.438
-76.330 36.947 3.815
115.350 22.750 5.493
0.743 51.442 5.311
119.550 35.383 7.134
138.517 35.017 3.894
135.383 33.683 4.164
18.433 -34.183 5.090
14.358 55.557 12.544
-135.342 57.052 2.605
19.012 63.191 3.041
-135.327 59.450 4.728
12.829 55.417 9.893
11.218 58.354 4.996
-76.452 38.317 4.658
-124.043 44.625 3.005
17.531 62.363 4.535
147.933 -42.550 7.160
-78.918 33.655 5.047
-82.627 27.760 2.228
-52.717 47.567 6.379
11.832 58.093 5.670
-123.181 49.125 5.339
-2.117 49.183 6.861
18.082 59.325 7.859
-6.389 58.207 8.302
134.900 34.350 3.493
178.427 -18.132 6.503
39.600 -69.000 9.148
134.050 34.350 2.877
-81.282 -4.582 5.020
103.853 1.262 4.071
135.183 34.333 3.705
174.033 -39.050 3.849
-5.600 36.000 1.900
176.183 -37.650 5.867
117.883 4.233 8.848
-16.240 28.480 8.692
133.640 -32.150 5.839
104.140 2.807 5.137
136.850 34.467 2.867
-6.064 56.623 6.025
-125.913 49.154 2.828
139.767 35.650 3.716
132.967 32.783 3.314
5.913 43.117 2.342
146.833 -19.250 3.971
137.217 36.767 4.422
7.567 58.000 6.306
13.750 45.650 2.632
151.850 7.450 5.548
-78.730 1.817 3.642
22.101 60.428 6.375
138.883 35.017 4.909
-5.158 57.895 6.265
-166.537 53.880 7.795
133.950 34.483 2.552
135.900 33.567 3.286
132.550 33.233 5.056
21.571 63.081 5.057
-146.362 61.125 5.271
-0.330 39.460 2.831
-71.633 -33.033 4.306
-123.110 49.287 4.191
12.217 57.100 8.301
31.100 70.333 9.569
12.426 45.419 3.589
-123.370 48.422 3.100
12.579 56.142 5.527
18.284 57.639 14.827
135.150 34.217 3.656
166.617 19.283 3.109
141.683 45.400 5.657
14.500 -22.950 7.687
-77.022 38.873 2.627
174.783 -41.283 5.511
-2.448 50.608 4.412
-0.614 54.490 3.725
-3.086 58.441 8.402
-123.965 46.708 3.539
-73.782 40.793 5.968
-77.953 34.227 3.519
18.419 54.797 7.333
-62.700 45.683 10.683
-70.672 41.523 5.221
-3.568 54.651 4.668
128.102 -15.453 6.168
118.067 24.450 4.028
-139.733 59.548 5.241
138.128 9.508 3.271
-66.117 43.833 10.068
139.633 35.467 4.666
13.817 55.417 10.977
39.190 -6.155 6.682
111.833 21.583 4.117
