144.283 44.017 2.194
-2.075 57.143 6.726
131.417 31.583 3.442
-89.833 13.583 5.496
-99.912 16.840 2.779
-176.632 51.863 4.791
-122.298 37.772 3.911
-126.931 50.587 2.314
-5.433 36.117 1.080
-149.890 61.238 5.492
-76.482 38.983 3.468
-70.400 -23.650 3.256
-53.983 47.300 5.235
-13.530 28.972 4.256
-123.767 46.208 2.743
-74.418 39.355 4.344
-2.715 51.511 3.033
141.500 38.300 2.380
-79.573 8.962 2.641
-76.578 39.267 3.369
-90.285 -0.437 4.905
-125.136 48.836 3.825
2.163 41.342 2.689
-68.205 44.392 11.051
12.903 55.756 7.814
-1.515 43.527 2.517
109.083 21.483 3.705
-128.143 52.163 2.947
-64.700 32.400 6.524
-3.050 43.357 4.432
-6.340 36.800 1.993
141.917 -10.600 4.212
-71.052 42.355 8.876
1.578 50.727 5.465
-4.500 48.383 3.214
-73.182 41.173 4.821
153.167 -27.367 6.409
122.217 -18.000 6.502
-77.100 3.900 3.891
-58.500 -34.667 3.472
152.380 -24.767 7.222
145.915 -41.050 5.228
-109.908 22.880 5.576
-6.283 36.533 1.791
1.868 50.969 4.274
-77.150 -12.050 4.986
-76.068 38.573 4.282
-125.247 50.042 3.133
-47.925 -25.017 1.952
147.058 -19.277 4.887
18.433 -33.900 3.985
-74.960 38.968 4.136
113.652 -24.898 5.146
-75.533 10.383 4.085
-9.417 38.692 2.533
15.094 37.498 1.715
103.187 5.265 4.369
-5.317 35.900 1.587
91.050 22.217 6.954
-124.322 43.345 3.679
-79.925 32.782 3.600
-64.920 18.335 2.134
-63.117 46.233 9.604
-1.635 49.651 3.463
-76.113 36.967 5.376
142.200 27.100 4.752
140.867 35.750 3.637
-157.472 1.982 4.679
-94.200 58.783 41.795
96.883 -12.117 7.591
-1.890 47.277 4.044
-145.753 60.558 4.604
-97.217 27.580 0.000
91.833 21.450 5.522
-124.183 41.745 3.190
-79.915 9.355 3.164
1.302 52.934 5.156
8.717 53.867 3.935
130.850 -12.467 6.428
20.385 60.032 7.025
6.933 53.326 7.147
4.746 52.965 4.340
-4.185 50.368 4.441
1.085 49.929 9.595
-2.088 47.306 3.728
108.617 19.100 5.855
1.318 51.117 4.034
-75.740 36.183 5.625
2.367 51.048 3.787
31.050 -29.867 3.170
27.917 -33.017 4.563
-109.448 -27.150 2.958
-66.985 44.903 11.255
162.387 11.430 9.750
-116.633 31.850 8.237
8.433 55.467 4.698
-79.647 0.992 3.323
121.900 -33.867 4.488
-64.267 -65.250 8.121
1.348 51.957 7.083
-81.467 30.672 4.265
-4.983 52.014 3.836
18.211 60.409 4.168
151.233 -33.850 5.124
-80.902 32.033 4.737
-95.308 28.948 2.199
115.717 -32.050 4.488
-166.288 23.868 5.002
139.933 40.650 3.099
128.850 32.700 7.201
-123.451 48.769 4.215
179.195 -8.525 7.576
-16.907 32.640 8.117
21.231 64.916 5.091
-94.793 29.310 0.000
73.152 -0.687 7.818
11.933 54.567 3.750
102.107 6.227 3.199
-5.350 36.117 2.714
-3.018 53.450 2.862
11.791 57.685 5.050
-89.957 29.263 0.000
144.650 13.433 4.877
-110.900 27.933 4.458
141.533 40.533 6.712
110.283 20.017 5.434
140.717 41.783 3.458
-63.583 44.667 6.312
132.067 34.900 2.729
27.179 60.563 6.315
145.567 43.283 6.071
22.977 59.823 7.523
1.284 51.947 6.249
9.101 63.425 3.237
24.956 60.154 6.853
-2.920 54.032 2.001
115.738 -31.825 5.044
-155.067 19.733 4.598
-3.134 51.215 4.942
89.467 21.783 4.050
147.330 -42.887 4.748
4.120 51.977 4.283
-4.631 53.308 4.356
114.217 22.300 3.827
159.957 -9.425 10.767
25.973 70.980 4.695
-157.867 21.307 7.143
12.467 56.100 4.967
131.683 32.417 4.296
-124.217 40.767 5.190
-4.111 51.211 4.683
-43.165 -22.897 2.469
-0.186 53.631 3.132
124.167 24.333 3.611
-169.530 16.738 3.447
103.792 1.462 3.478
-78.833 -33.622 8.400
-134.412 58.298 4.054
130.567 31.583 3.074
-156.467 20.900 6.644
23.096 65.697 6.836
121.282 28.088 6.869
-171.718 -2.810 4.492
120.288 22.615 4.083
154.777 1.098 5.313
21.215 62.344 3.636
139.750 35.517 6.531
121.745 25.157 4.126
101.358 3.050 5.099
102.153 2.215 5.913
24.515 65.673 5.921
70.220 -49.345 10.091
-131.625 55.333 3.987
-81.808 24.553 2.638
-5.050 58.457 7.330
12.894 55.522 7.923
23.033 -34.050 3.956
99.817 11.795 3.962
98.425 7.832 8.077
135.183 34.683 2.730
133.567 33.500 2.814
-152.512 57.732 4.540
134.583 34.017 2.729
116.067 5.983 4.034
103.430 3.975 4.654
130.200 32.600 4.872
103.443 1.325 4.101
15.589 56.105 8.003
11.127 58.997 5.226
135.767 33.483 2.558
144.367 42.983 2.221
167.733 8.733 8.789
-8.400 43.367 4.139
-117.257 32.867 7.338
-80.917 -2.200 4.983
-110.345 24.162 6.010
-1.221 46.158 2.814
-87.817 13.333 7.802
17.865 58.742 7.890
99.765 6.432 7.075
177.433 -17.600 4.268
-4.781 48.359 5.155
0.106 49.482 2.786
-1.765 47.205 3.831
123.750 13.150 6.395
-3.182 55.990 6.257
-1.140 60.155 6.397
-1.794 46.497 3.592
-75.120 38.782 3.569
119.417 34.750 5.346
-64.753 17.697 1.556
10.299 43.546 2.608
-3.825 53.332 3.287
-80.717 -6.933 3.725
159.067 -31.517 4.913
-118.272 33.720 5.954
-64.883 47.083 18.219
1.751 52.473 4.362
15.150 -26.650 7.141
100.613 4.240 5.056
121.617 32.133 7.903
5.113 61.934 5.094
-67.047 17.972 2.016
137.617 34.683 0.772
135.383 35.467 6.020
171.373 7.107 6.740
130.300 31.267 3.039
-4.417 36.717 1.928
134.463 7.330 8.633
73.527 4.190 6.750
-7.333 55.367 5.341
120.967 14.583 4.488
21.463 61.594 3.688
174.500 -35.833 4.184
16.837 58.554 9.830
173.200 52.833 10.563
-72.117 -17.000 6.357
132.717 33.867 4.199
-81.432 30.395 4.875
-106.422 23.198 4.254
139.817 34.917 3.811
15.563 38.196 3.054
-177.367 28.217 3.111
-5.014 51.702 4.495
-4.906 55.750 4.947
50.600 26.233 3.254
130.450 32.617 4.358
139.482 34.067 3.401
141.983 39.650 9.077
-157.800 21.433 7.523
7.421 43.729 2.568
-71.960 41.048 4.801
-121.888 36.605 4.917
22.133 -34.183 4.111
134.167 33.267 2.637
129.867 32.733 5.415
136.883 35.083 2.490
127.667 26.200 4.694
129.842 29.842 4.538
-1.634 47.194 4.067
-70.097 41.285 6.174
176.917 -39.483 8.315
14.269 40.841 2.789
166.905 -0.528 3.855
-159.350 21.967 3.505
129.495 28.382 4.638
-124.617 48.368 3.641
-72.087 41.355 3.694
-74.015 40.700 3.506
0.057 50.782 2.514
-5.542 50.102 4.044
-71.327 41.505 5.940
-122.910 49.200 3.491
130.992 30.735 5.036
-1.440 55.007 3.141
-60.250 46.217 11.507
166.437 -22.292 6.887
-175.167 -21.133 6.264
-140.082 -8.930 5.465
11.950 78.933 16.150
141.717 39.067 2.829
141.750 39.017 2.604
139.383 34.783 5.022
17.097 57.366 9.501
138.217 34.617 2.875
140.900 36.933 2.485
135.433 34.650 2.558
16.478 57.275 9.367
10.734 59.909 4.727
25.418 65.040 7.360
130.217 32.983 3.460
136.217 34.067 2.786
-170.683 -14.283 11.500
-81.167 -5.083 4.504
-149.567 -17.525 2.485
-123.451 48.654 3.890
100.347 5.422 3.759
-158.053 -8.977 2.677
-87.213 30.403 0.715
-75.142 39.933 7.151
22.690 63.709 5.151
158.243 6.987 6.151
-123.253 49.337 3.647
-25.672 37.735 9.140
-123.440 48.125 4.704
-59.133 47.567 13.874
-1.062 45.569 4.818
25.630 -33.960 3.914
118.575 -20.318 4.635
150.912 -34.473 6.817
57.495 -20.155 7.292
16.867 -29.250 4.358
-3.446 47.644 2.064
3.107 42.520 3.198
-127.489 50.722 2.028
-97.215 26.060 0.000
-70.247 43.657 11.847
141.600 -38.333 3.790
-5.120 54.843 3.802
-120.760 35.177 4.783
-1.112 50.803 3.717
-130.324 54.317 2.705
-71.401 41.807 5.852
-87.950 15.833 4.691
-15.417 28.133 3.382
-72.967 -41.483 2.116
-67.617 -54.933 2.724
-132.072 53.252 4.067
24.407 64.666 7.211
-159.775 -21.207 2.921
20.895 63.986 4.009
21.426 61.133 4.033
-75.573 39.558 5.898
-21.940 64.151 9.530
-134.953 -23.125 8.407
12.113 57.250 4.759
-97.047 28.022 0.000
63.418 -19.668 3.543
11.230 64.859 3.880
-3.966 48.718 2.526
150.790 -23.162 5.995
-17.750 28.683 5.878
-93.870 29.730 0.000
133.333 36.200 7.086
-2.246 47.140 2.626
-1.682 43.395 2.999
-2.028 48.641 5.506
-2.202 47.267 2.956
-66.063 45.251 12.001
145.742 15.227 1.934
133.250 35.550 1.720
17.950 -33.017 5.366
-95.203 16.160 3.590
-117.173 32.713 6.868
-80.108 -26.292 5.354
-122.465 37.807 3.340
-90.833 13.917 5.822
-66.117 18.460 2.478
-160.502 55.337 5.557
-74.009 40.467 4.016
-90.313 -0.755 6.725
-118.500 34.008 4.598
-122.339 47.603 3.494
104.115 1.932 3.101
-151.720 59.441 4.414
-149.427 60.120 4.236
-76.330 36.947 3.851
115.350 22.750 4.429
0.743 51.442 4.592
119.550 35.383 5.759
138.517 35.017 2.904
135.383 33.683 2.905
18.433 -34.183 4.187
14.358 55.557 10.673
-135.342 57.052 2.465
19.012 63.191 2.881
-135.327 59.450 4.527
12.829 55.417 9.152
11.218 58.354 5.115
-76.452 38.317 4.783
-124.043 44.625 2.854
17.531 62.363 4.218
147.933 -42.550 5.225
-78.918 33.655 5.188
-82.627 27.760 2.144
-52.717 47.567 8.017
11.832 58.093 5.358
-123.181 49.125 4.879
-2.117 49.183 6.340
18.082 59.325 6.183
-6.389 58.207 8.766
134.900 34.350 2.493
178.427 -18.132 5.243
39.600 -69.000 4.733
134.050 34.350 2.267
-81.282 -4.582 4.392
103.853 1.262 2.922
135.183 34.333 2.710
174.033 -39.050 2.990
-5.600 36.000 1.487
176.183 -37.650 4.192
117.883 4.233 6.548
-16.240 28.480 6.671
133.640 -32.150 5.914
104.140 2.807 3.721
136.850 34.467 2.259
-6.064 56.623 6.087
-125.913 49.154 2.455
139.767 35.650 3.198
132.967 32.783 2.868
5.913 43.117 1.869
146.833 -19.250 3.642
137.217 36.767 3.074
7.567 58.000 5.905
13.750 45.650 2.069
151.850 7.450 4.676
-78.730 1.817 2.718
22.101 60.428 5.089
138.883 35.017 3.497
-5.158 57.895 6.566
-166.537 53.880 7.111
133.950 34.483 2.289
135.900 33.567 2.555
132.550 33.233 4.383
21.571 63.081 4.219
-146.362 61.125 4.970
-0.330 39.460 2.025
-71.633 -33.033 3.753
-123.110 49.287 3.753
12.217 57.100 7.608
31.100 70.333 7.843
12.426 45.419 3.161
-123.370 48.422 2.820
12.579 56.142 5.464
18.284 57.639 12.743
135.150 34.217 2.613
166.617 19.283 2.645
141.683 45.400 4.693
14.500 -22.950 6.512
-77.022 38.873 2.759
174.783 -41.283 3.977
-2.448 50.608 4.140
-0.614 54.490 3.682
-3.086 58.441 8.301
-123.965 46.708 3.339
-73.782 40.793 5.765
-77.953 34.227 3.379
18.419 54.797 6.555
-62.700 45.683 11.482
-70.672 41.523 5.364
-3.568 54.651 4.434
128.102 -15.453 5.443
118.067 24.450 3.668
-139.733 59.548 5.204
138.128 9.508 2.820
-66.117 43.833 10.681
139.633 35.467 4.126
13.817 55.417 9.389
39.190 -6.155 5.429
111.833 21.583 3.911
