144.283 44.017 4.747
-2.075 57.143 11.001
131.417 31.583 5.467
-89.833 13.583 12.359
-99.912 16.840 6.553
-176.632 51.863 10.449
-122.298 37.772 7.615
-126.931 50.587 3.442
-5.433 36.117 1.530
-149.890 61.238 11.623
-76.482 38.983 7.285
-70.400 -23.650 7.210
-53.983 47.300 11.292
-13.530 28.972 10.822
-123.767 46.208 5.506
-74.418 39.355 10.908
-2.715 51.511 4.259
141.500 38.300 5.414
-79.573 8.962 7.001
-76.578 39.267 6.154
-90.285 -0.437 8.766
-125.136 48.836 6.745
2.163 41.342 5.230
-68.205 44.392 23.620
12.903 55.756 11.035
-1.515 43.527 4.455
109.083 21.483 6.400
-128.143 52.163 5.053
-64.700 32.400 15.707
-3.050 43.357 8.306
-6.340 36.800 3.271
141.917 -10.600 8.345
-71.052 42.355 19.714
1.578 50.727 10.812
-4.500 48.383 6.311
-73.182 41.173 7.722
153.167 -27.367 13.844
122.217 -18.000 11.878
-77.100 3.900 9.261
-58.500 -34.667 4.175
152.380 -24.767 14.597
145.915 -41.050 10.975
-109.908 22.880 12.115
-6.283 36.533 3.986
1.868 50.969 5.541
-77.150 -12.050 11.354
-76.068 38.573 8.192
-125.247 50.042 5.801
-47.925 -25.017 3.776
147.058 -19.277 6.547
18.433 -33.900 10.002
-74.960 38.968 7.414
113.652 -24.898 9.829
-75.533 10.383 10.629
-9.417 38.692 4.810
15.094 37.498 2.021
103.187 5.265 8.653
-5.317 35.900 3.583
91.050 22.217 7.786
-124.322 43.345 6.713
-79.925 32.782 8.260
-64.920 18.335 4.352
-63.117 46.233 21.670
-1.635 49.651 6.483
-76.113 36.967 7.931
142.200 27.100 8.226
140.867 35.750 6.191
-157.472 1.982 10.040
-94.200 58.783 88.726
96.883 -12.117 15.155
-1.890 47.277 7.023
-145.753 60.558 9.338
-97.217 27.580 0.000
91.833 21.450 6.074
-124.183 41.745 6.600
-79.915 9.355 8.616
1.302 52.934 8.104
8.717 53.867 6.355
130.850 -12.467 12.499
20.385 60.032 8.808
6.933 53.326 8.858
4.746 52.965 5.785
-4.185 50.368 8.921
1.085 49.929 18.043
-2.088 47.306 5.988
108.617 19.100 12.375
1.318 51.117 7.781
-75.740 36.183 9.314
2.367 51.048 6.543
31.050 -29.867 6.375
27.917 -33.017 10.999
-109.448 -27.150 5.082
-66.985 44.903 22.658
162.387 11.430 18.665
-116.633 31.850 14.670
8.433 55.467 6.950
-79.647 0.992 6.365
121.900 -33.867 7.644
-64.267 -65.250 17.585
1.348 51.957 9.698
-81.467 30.672 9.151
-4.983 52.014 9.500
18.211 60.409 5.415
151.233 -33.850 11.742
-80.902 32.033 10.642
-95.308 28.948 2.856
115.717 -32.050 8.310
-166.288 23.868 11.623
139.933 40.650 7.472
128.850 32.700 14.230
-123.451 48.769 8.086
179.195 -8.525 13.569
-16.907 32.640 13.813
21.231 64.916 8.096
-94.793 29.310 0.000
73.152 -0.687 16.226
11.933 54.567 8.135
102.107 6.227 5.081
-5.350 36.117 6.055
-3.018 53.450 3.394
11.791 57.685 8.355
-89.957 29.263 0.000
144.650 13.433 11.441
-110.900 27.933 9.235
141.533 40.533 13.094
110.283 20.017 6.261
140.717 41.783 6.887
-63.583 44.667 14.842
132.067 34.900 3.892
27.179 60.563 10.234
145.567 43.283 11.463
22.977 59.823 11.994
1.284 51.947 11.434
9.101 63.425 5.034
24.956 60.154 11.135
-2.920 54.032 2.345
115.738 -31.825 8.813
-155.067 19.733 10.237
-3.134 51.215 7.217
89.467 21.783 6.541
147.330 -42.887 7.000
4.120 51.977 5.839
-4.631 53.308 9.127
114.217 22.300 5.714
159.957 -9.425 19.342
25.973 70.980 10.479
-157.867 21.307 14.720
12.467 56.100 12.476
131.683 32.417 6.193
-124.217 40.767 8.711
-4.111 51.211 8.295
-43.165 -22.897 5.408
-0.186 53.631 6.091
124.167 24.333 5.951
-169.530 16.738 6.749
103.792 1.462 7.195
-78.833 -33.622 17.383
-134.412 58.298 8.083
130.567 31.583 5.346
-156.467 20.900 13.536
23.096 65.697 11.382
121.282 28.088 7.409
-171.718 -2.810 10.484
120.288 22.615 8.664
154.777 1.098 11.490
21.215 62.344 4.232
139.750 35.517 11.956
121.745 25.157 5.466
101.358 3.050 8.875
102.153 2.215 12.685
24.515 65.673 9.710
70.220 -49.345 19.896
-131.625 55.333 8.433
-81.808 24.553 7.642
-5.050 58.457 9.789
12.894 55.522 14.759
23.033 -34.050 6.357
99.817 11.795 7.015
98.425 7.832 15.330
135.183 34.683 3.813
133.567 33.500 3.802
-152.512 57.732 8.750
134.583 34.017 4.759
116.067 5.983 8.325
103.430 3.975 9.629
130.200 32.600 10.197
103.443 1.325 8.837
15.589 56.105 14.953
11.127 58.997 7.851
135.767 33.483 5.474
144.367 42.983 4.049
167.733 8.733 16.574
-8.400 43.367 9.100
-117.257 32.867 14.858
-80.917 -2.200 11.137
-110.345 24.162 13.517
-1.221 46.158 4.254
-87.817 13.333 14.777
17.865 58.742 13.180
99.765 6.432 13.606
177.433 -17.600 8.706
-4.781 48.359 9.594
0.106 49.482 4.152
-1.765 47.205 4.567
123.750 13.150 13.065
-3.182 55.990 11.072
-1.140 60.155 11.615
-1.794 46.497 5.371
-75.120 38.782 5.539
119.417 34.750 7.512
-64.753 17.697 2.944
10.299 43.546 3.966
-3.825 53.332 3.973
-80.717 -6.933 7.260
159.067 -31.517 7.593
-118.272 33.720 15.368
-64.883 47.083 40.429
1.751 52.473 5.610
15.150 -26.650 16.390
100.613 4.240 9.272
121.617 32.133 8.467
5.113 61.934 9.295
-67.047 17.972 5.341
137.617 34.683 0.831
135.383 35.467 11.723
171.373 7.107 13.437
130.300 31.267 4.878
-4.417 36.717 4.450
134.463 7.330 15.945
73.527 4.190 15.854
-7.333 55.367 11.461
120.967 14.583 8.038
21.463 61.594 4.275
174.500 -35.833 7.366
16.837 58.554 16.518
173.200 52.833 18.141
-72.117 -17.000 13.637
132.717 33.867 8.017
-81.432 30.395 11.303
-106.422 23.198 9.037
139.817 34.917 7.067
15.563 38.196 5.286
-177.367 28.217 6.048
-5.014 51.702 7.947
-4.906 55.750 7.065
50.600 26.233 5.379
130.450 32.617 9.742
139.482 34.067 6.372
141.983 39.650 16.770
-157.800 21.433 14.828
7.421 43.729 4.265
-71.960 41.048 7.227
-121.888 36.605 9.635
22.133 -34.183 9.281
134.167 33.267 3.514
129.867 32.733 11.410
136.883 35.083 3.521
127.667 26.200 8.516
129.842 29.842 7.577
-1.634 47.194 6.625
-70.097 41.285 12.478
176.917 -39.483 16.054
14.269 40.841 5.210
166.905 -0.528 8.523
-159.350 21.967 8.533
129.495 28.382 8.376
-124.617 48.368 7.676
-72.087 41.355 5.648
-74.015 40.700 6.750
0.057 50.782 4.293
-5.542 50.102 8.303
-71.327 41.505 14.632
-122.910 49.200 5.069
130.992 30.735 9.659
-1.440 55.007 6.181
-60.250 46.217 25.578
166.437 -22.292 13.612
-175.167 -21.133 11.534
-140.082 -8.930 12.313
11.950 78.933 30.274
141.717 39.067 6.425
141.750 39.017 6.028
139.383 34.783 10.559
17.097 57.366 15.683
138.217 34.617 5.254
140.900 36.933 4.532
135.433 34.650 3.080
16.478 57.275 15.667
10.734 59.909 6.823
25.418 65.040 12.177
130.217 32.983 7.228
136.217 34.067 4.344
-170.683 -14.283 19.641
-81.167 -5.083 7.665
-149.567 -17.525 4.715
-123.451 48.654 7.614
100.347 5.422 7.633
-158.053 -8.977 5.410
-87.213 30.403 1.301
-75.142 39.933 10.473
22.690 63.709 8.378
158.243 6.987 13.060
-123.253 49.337 7.909
-25.672 37.735 15.027
-123.440 48.125 6.916
-59.133 47.567 29.603
-1.062 45.569 8.375
25.630 -33.960 9.136
118.575 -20.318 8.931
150.912 -34.473 14.336
57.495 -20.155 14.118
16.867 -29.250 11.939
-3.446 47.644 3.984
3.107 42.520 5.559
-127.489 50.722 3.110
-97.215 26.060 0.000
-70.247 43.657 26.143
141.600 -38.333 7.087
-5.120 54.843 6.982
-120.760 35.177 9.807
-1.112 50.803 5.868
-130.324 54.317 5.438
-71.401 41.807 10.149
-87.950 15.833 10.280
-15.417 28.133 8.352
-72.967 -41.483 4.865
-67.617 -54.933 4.638
-132.072 53.252 8.633
24.407 64.666 12.269
-159.775 -21.207 3.806
20.895 63.986 6.050
21.426 61.133 4.765
-75.573 39.558 14.538
-21.940 64.151 22.806
-134.953 -23.125 15.359
12.113 57.250 8.218
-97.047 28.022 0.000
63.418 -19.668 5.659
11.230 64.859 7.175
-3.966 48.718 4.605
150.790 -23.162 12.396
-17.750 28.683 12.021
-93.870 29.730 0.000
133.333 36.200 13.519
-2.246 47.140 4.485
-1.682 43.395 5.348
-2.028 48.641 7.929
-2.202 47.267 5.139
-66.063 45.251 23.994
145.742 15.227 2.998
133.250 35.550 3.024
17.950 -33.017 13.220
-95.203 16.160 8.288
-117.173 32.713 14.614
-80.108 -26.292 11.976
-122.465 37.807 7.187
-90.833 13.917 12.564
-66.117 18.460 5.661
-160.502 55.337 10.198
-74.009 40.467 7.323
-90.313 -0.755 13.876
-118.500 34.008 12.366
-122.339 47.603 6.931
104.115 1.932 5.744
-151.720 59.441 8.872
-149.427 60.120 7.943
-76.330 36.947 5.873
115.350 22.750 6.955
0.743 51.442 8.164
119.550 35.383 9.221
138.517 35.017 6.073
135.383 33.683 6.129
18.433 -34.183 10.923
14.358 55.557 17.781
-135.342 57.052 4.612
19.012 63.191 3.175
-135.327 59.450 8.855
12.829 55.417 12.813
11.218 58.354 9.000
-76.452 38.317 8.838
-124.043 44.625 4.747
17.531 62.363 5.234
147.933 -42.550 9.872
-78.918 33.655 10.832
-82.627 27.760 3.187
-52.717 47.567 16.494
11.832 58.093 8.835
-123.181 49.125 8.253
-2.117 49.183 8.848
18.082 59.325 10.144
-6.389 58.207 14.673
134.900 34.350 5.033
178.427 -18.132 10.331
39.600 -69.000 9.719
134.050 34.350 3.750
-81.282 -4.582 7.852
103.853 1.262 6.317
135.183 34.333 5.238
174.033 -39.050 5.243
-5.600 36.000 3.253
176.183 -37.650 9.773
117.883 4.233 11.713
-16.240 28.480 13.617
133.640 -32.150 8.848
104.140 2.807 7.186
136.850 34.467 4.042
-6.064 56.623 10.713
-125.913 49.154 4.740
139.767 35.650 5.386
132.967 32.783 4.198
5.913 43.117 2.931
146.833 -19.250 6.097
137.217 36.767 7.201
7.567 58.000 12.239
13.750 45.650 2.771
151.850 7.450 9.270
-78.730 1.817 6.085
22.101 60.428 7.509
138.883 35.017 7.325
-5.158 57.895 11.504
-166.537 53.880 13.325
133.950 34.483 3.353
135.900 33.567 4.194
132.550 33.233 8.257
21.571 63.081 6.357
-146.362 61.125 9.449
-0.330 39.460 3.546
-71.633 -33.033 7.962
-123.110 49.287 8.185
12.217 57.100 13.153
31.100 70.333 17.158
12.426 45.419 3.631
-123.370 48.422 6.076
12.579 56.142 9.703
18.284 57.639 20.750
135.150 34.217 5.056
166.617 19.283 4.440
141.683 45.400 9.020
14.500 -22.950 15.673
-77.022 38.873 3.468
174.783 -41.283 9.839
-2.448 50.608 5.613
-0.614 54.490 6.267
-3.086 58.441 14.077
-123.965 46.708 5.102
-73.782 40.793 7.616
-77.953 34.227 7.006
18.419 54.797 9.796
-62.700 45.683 23.040
-70.672 41.523 9.712
-3.568 54.651 7.235
128.102 -15.453 9.788
118.067 24.450 5.551
-139.733 59.548 10.554
138.128 9.508 4.817
-66.117 43.833 22.346
139.633 35.467 6.448
13.817 55.417 15.918
39.190 -6.155 11.097
111.833 21.583 7.661
