144.283 44.017 8.620
-2.075 57.143 16.159
131.417 31.583 11.374
-89.833 13.583 21.038
-99.912 16.840 12.735
-176.632 51.863 19.154
-122.298 37.772 12.369
-126.931 50.587 4.856
-5.433 36.117 2.209
-149.890 61.238 18.386
-76.482 38.983 10.201
-70.400 -23.650 14.217
-53.983 47.300 13.825
-13.530 28.972 19.317
-123.767 46.208 8.347
-74.418 39.355 15.066
-2.715 51.511 6.464
141.500 38.300 11.240
-79.573 8.962 11.645
-76.578 39.267 8.424
-90.285 -0.437 15.240
-125.136 48.836 10.545
2.163 41.342 11.905
-68.205 44.392 28.725
12.903 55.756 14.609
-1.515 43.527 8.073
109.083 21.483 11.042
-128.143 52.163 8.501
-64.700 32.400 25.936
-3.050 43.357 13.414
-6.340 36.800 6.032
141.917 -10.600 13.385
-71.052 42.355 24.131
1.578 50.727 16.333
-4.500 48.383 10.332
-73.182 41.173 9.350
153.167 -27.367 22.694
122.217 -18.000 18.429
-77.100 3.900 15.612
-58.500 -34.667 6.667
152.380 -24.767 21.714
145.915 -41.050 18.924
-109.908 22.880 20.885
-6.283 36.533 8.505
1.868 50.969 6.918
-77.150 -12.050 19.635
-76.068 38.573 12.616
-125.247 50.042 9.552
-47.925 -25.017 8.407
147.058 -19.277 10.165
18.433 -33.900 20.026
-74.960 38.968 10.594
113.652 -24.898 14.416
-75.533 10.383 16.908
-9.417 38.692 8.128
15.094 37.498 3.551
103.187 5.265 14.440
-5.317 35.900 6.433
91.050 22.217 9.420
-124.322 43.345 11.818
-79.925 32.782 11.893
-64.920 18.335 9.949
-63.117 46.233 25.926
-1.635 49.651 10.594
-76.113 36.967 12.263
142.200 27.100 19.557
140.867 35.750 13.676
-157.472 1.982 17.988
-94.200 58.783 86.927
96.883 -12.117 24.426
-1.890 47.277 11.487
-145.753 60.558 14.495
-97.217 27.580 0.000
91.833 21.450 7.763
-124.183 41.745 10.173
-79.915 9.355 15.944
1.302 52.934 11.078
8.717 53.867 7.298
130.850 -12.467 19.835
20.385 60.032 16.691
6.933 53.326 9.633
4.746 52.965 7.431
-4.185 50.368 12.036
1.085 49.929 26.389
-2.088 47.306 8.714
108.617 19.100 19.245
1.318 51.117 12.072
-75.740 36.183 14.317
2.367 51.048 9.265
31.050 -29.867 13.033
27.917 -33.017 19.277
-109.448 -27.150 8.191
-66.985 44.903 26.323
162.387 11.430 29.701
-116.633 31.850 23.160
8.433 55.467 7.954
-79.647 0.992 11.614
121.900 -33.867 12.303
-64.267 -65.250 27.477
1.348 51.957 12.457
-81.467 30.672 11.190
-4.983 52.014 12.963
18.211 60.409 9.680
151.233 -33.850 16.278
-80.902 32.033 12.609
-95.308 28.948 3.192
115.717 -32.050 12.173
-166.288 23.868 21.818
139.933 40.650 15.380
128.850 32.700 25.884
-123.451 48.769 12.278
179.195 -8.525 21.529
-16.907 32.640 25.571
21.231 64.916 12.881
-94.793 29.310 0.310
73.152 -0.687 27.540
11.933 54.567 10.910
102.107 6.227 10.150
-5.350 36.117 10.311
-3.018 53.450 4.566
11.791 57.685 12.833
-89.957 29.263 0.000
144.650 13.433 22.363
-110.900 27.933 17.382
141.533 40.533 28.748
110.283 20.017 7.343
140.717 41.783 15.539
-63.583 44.667 17.820
132.067 34.900 6.628
27.179 60.563 13.833
145.567 43.283 26.806
22.977 59.823 17.708
1.284 51.947 16.352
9.101 63.425 7.670
24.956 60.154 15.133
-2.920 54.032 2.870
115.738 -31.825 11.900
-155.067 19.733 20.540
-3.134 51.215 11.127
89.467 21.783 9.688
147.330 -42.887 15.794
4.120 51.977 7.210
-4.631 53.308 11.508
114.217 22.300 8.558
159.957 -9.425 28.120
25.973 70.980 17.362
-157.867 21.307 27.505
12.467 56.100 16.171
131.683 32.417 11.746
-124.217 40.767 13.062
-4.111 51.211 11.652
-43.165 -22.897 12.550
-0.186 53.631 9.351
124.167 24.333 12.243
-169.530 16.738 13.718
103.792 1.462 15.081
-78.833 -33.622 26.373
-134.412 58.298 10.844
130.567 31.583 11.706
-156.467 20.900 24.570
23.096 65.697 14.456
121.282 28.088 8.749
-171.718 -2.810 17.423
120.288 22.615 16.582
154.777 1.098 19.342
21.215 62.344 6.869
139.750 35.517 22.679
121.745 25.157 9.215
101.358 3.050 16.226
102.153 2.215 19.252
24.515 65.673 11.085
70.220 -49.345 39.976
-131.625 55.333 13.793
-81.808 24.553 15.353
-5.050 58.457 11.779
12.894 55.522 21.414
23.033 -34.050 11.964
99.817 11.795 14.224
98.425 7.832 24.750
135.183 34.683 6.323
133.567 33.500 6.070
-152.512 57.732 13.557
134.583 34.017 9.322
116.067 5.983 13.374
103.430 3.975 14.851
130.200 32.600 20.597
103.443 1.325 19.405
15.589 56.105 21.061
11.127 58.997 11.538
135.767 33.483 12.299
144.367 42.983 8.323
167.733 8.733 27.212
-8.400 43.367 15.607
-117.257 32.867 23.516
-80.917 -2.200 19.916
-110.345 24.162 22.834
-1.221 46.158 5.919
-87.817 13.333 23.465
17.865 58.742 19.460
99.765 6.432 22.160
177.433 -17.600 16.601
-4.781 48.359 14.345
0.106 49.482 6.448
-1.765 47.205 5.436
123.750 13.150 23.996
-3.182 55.990 14.871
-1.140 60.155 16.608
-1.794 46.497 7.588
-75.120 38.782 7.218
119.417 34.750 16.818
-64.753 17.697 5.921
10.299 43.546 10.941
-3.825 53.332 4.912
-80.717 -6.933 13.837
159.067 -31.517 16.420
-118.272 33.720 20.500
-64.883 47.083 41.675
1.751 52.473 7.112
15.150 -26.650 29.357
100.613 4.240 16.841
121.617 32.133 10.084
5.113 61.934 13.489
-67.047 17.972 13.374
137.617 34.683 1.241
135.383 35.467 24.410
171.373 7.107 21.935
130.300 31.267 9.248
-4.417 36.717 12.383
134.463 7.330 26.056
73.527 4.190 25.965
-7.333 55.367 13.768
120.967 14.583 18.293
21.463 61.594 8.759
174.500 -35.833 13.485
16.837 58.554 22.224
173.200 52.833 32.385
-72.117 -17.000 22.472
132.717 33.867 18.240
-81.432 30.395 14.028
-106.422 23.198 17.013
139.817 34.917 15.520
15.563 38.196 12.216
-177.367 28.217 12.469
-5.014 51.702 10.836
-4.906 55.750 8.269
50.600 26.233 9.451
130.450 32.617 19.902
139.482 34.067 13.976
141.983 39.650 35.034
-157.800 21.433 25.397
7.421 43.729 11.223
-71.960 41.048 8.371
-121.888 36.605 16.887
22.133 -34.183 18.520
134.167 33.267 5.525
129.867 32.733 23.241
136.883 35.083 5.316
127.667 26.200 18.811
129.842 29.842 16.679
-1.634 47.194 9.580
-70.097 41.285 15.466
176.917 -39.483 29.205
14.269 40.841 12.936
166.905 -0.528 15.028
-159.350 21.967 17.261
129.495 28.382 18.886
-124.617 48.368 12.351
-72.087 41.355 6.748
-74.015 40.700 7.917
0.057 50.782 7.065
-5.542 50.102 12.055
-71.327 41.505 16.586
-122.910 49.200 7.312
130.992 30.735 20.024
-1.440 55.007 8.261
-60.250 46.217 27.354
166.437 -22.292 23.746
-175.167 -21.133 20.289
-140.082 -8.930 20.487
11.950 78.933 51.808
141.717 39.067 13.335
141.750 39.017 11.798
139.383 34.783 22.570
17.097 57.366 21.209
138.217 34.617 10.964
140.900 36.933 10.397
135.433 34.650 4.525
16.478 57.275 22.149
10.734 59.909 9.311
25.418 65.040 15.042
130.217 32.983 15.421
136.217 34.067 8.382
-170.683 -14.283 29.860
-81.167 -5.083 15.246
-149.567 -17.525 8.928
-123.451 48.654 9.416
100.347 5.422 14.355
-158.053 -8.977 8.674
-87.213 30.403 2.081
-75.142 39.933 13.465
22.690 63.709 14.707
158.243 6.987 20.993
-123.253 49.337 12.530
-25.672 37.735 24.505
-123.440 48.125 8.802
-59.133 47.567 34.685
-1.062 45.569 12.916
25.630 -33.960 18.578
118.575 -20.318 15.131
150.912 -34.473 19.849
57.495 -20.155 25.079
16.867 -29.250 22.997
-3.446 47.644 6.855
3.107 42.520 12.671
-127.489 50.722 4.512
-97.215 26.060 0.000
-70.247 43.657 29.474
141.600 -38.333 12.643
-5.120 54.843 9.407
-120.760 35.177 17.513
-1.112 50.803 8.416
-130.324 54.317 6.939
-71.401 41.807 10.940
-87.950 15.833 18.757
-15.417 28.133 17.982
-72.967 -41.483 10.515
-67.617 -54.933 7.052
-132.072 53.252 12.530
24.407 64.666 15.498
-159.775 -21.207 5.822
20.895 63.986 10.200
21.426 61.133 9.291
-75.573 39.558 20.138
-21.940 64.151 33.443
-134.953 -23.125 24.910
12.113 57.250 11.147
-97.047 28.022 0.718
63.418 -19.668 10.968
11.230 64.859 9.596
-3.966 48.718 7.327
150.790 -23.162 20.381
-17.750 28.683 22.804
-93.870 29.730 0.000
133.333 36.200 27.087
-2.246 47.140 7.146
-1.682 43.395 9.735
-2.028 48.641 11.948
-2.202 47.267 8.104
-66.063 45.251 27.081
145.742 15.227 4.781
133.250 35.550 5.620
17.950 -33.017 25.005
-95.203 16.160 15.138
-117.173 32.713 21.778
-80.108 -26.292 0.000
-122.465 37.807 11.830
-90.833 13.917 20.020
-66.117 18.460 13.046
-160.502 55.337 16.482
-74.009 40.467 8.762
-90.313 -0.755 22.832
-118.500 34.008 16.111
-122.339 47.603 8.698
104.115 1.932 11.975
-151.720 59.441 13.934
-149.427 60.120 12.118
-76.330 36.947 8.564
115.350 22.750 11.689
0.743 51.442 12.454
119.550 35.383 20.603
138.517 35.017 12.207
135.383 33.683 13.245
18.433 -34.183 22.010
14.358 55.557 24.112
-135.342 57.052 7.756
19.012 63.191 5.311
-135.327 59.450 12.672
12.829 55.417 16.649
11.218 58.354 13.186
-76.452 38.317 12.934
-124.043 44.625 8.275
17.531 62.363 9.911
147.933 -42.550 22.581
-78.918 33.655 13.038
-82.627 27.760 4.489
-52.717 47.567 20.110
11.832 58.093 12.525
-123.181 49.125 11.901
-2.117 49.183 13.418
18.082 59.325 17.272
-6.389 58.207 19.280
134.900 34.350 11.275
178.427 -18.132 21.276
39.600 -69.000 26.254
134.050 34.350 7.329
-81.282 -4.582 14.031
103.853 1.262 12.865
135.183 34.333 10.548
174.033 -39.050 10.067
-5.600 36.000 5.575
176.183 -37.650 17.543
117.883 4.233 22.688
-16.240 28.480 25.538
133.640 -32.150 13.357
104.140 2.807 15.331
136.850 34.467 7.914
-6.064 56.623 13.516
-125.913 49.154 8.415
139.767 35.650 11.057
132.967 32.783 7.071
5.913 43.117 6.509
146.833 -19.250 11.112
137.217 36.767 16.462
7.567 58.000 15.276
13.750 45.650 5.738
151.850 7.450 16.745
-78.730 1.817 12.351
22.101 60.428 12.584
138.883 35.017 15.308
-5.158 57.895 15.045
-166.537 53.880 22.583
133.950 34.483 5.888
135.900 33.567 7.604
132.550 33.233 18.350
21.571 63.081 9.430
-146.362 61.125 14.279
-0.330 39.460 8.528
-71.633 -33.033 15.978
-123.110 49.287 13.367
12.217 57.100 18.057
31.100 70.333 25.209
12.426 45.419 5.400
-123.370 48.422 8.158
12.579 56.142 12.883
18.284 57.639 28.096
135.150 34.217 11.051
166.617 19.283 9.647
141.683 45.400 20.006
14.500 -22.950 28.245
-77.022 38.873 4.600
174.783 -41.283 17.825
-2.448 50.608 8.633
-0.614 54.490 8.870
-3.086 58.441 21.264
-123.965 46.708 7.598
-73.782 40.793 8.241
-77.953 34.227 9.291
18.419 54.797 16.341
-62.700 45.683 24.319
-70.672 41.523 10.924
-3.568 54.651 8.394
128.102 -15.453 17.452
118.067 24.450 10.831
-139.733 59.548 15.011
138.128 9.508 8.880
-66.117 43.833 24.929
139.633 35.467 13.898
13.817 55.417 21.671
39.190 -6.155 19.263
111.833 21.583 14.441
