144.283 44.017 50.035
-2.075 57.143 52.890
131.417 31.583 57.153
-89.833 13.583 65.463
-99.912 16.840 57.834
-176.632 51.863 62.077
-122.298 37.772 57.356
-126.931 50.587 36.457
-5.433 36.117 41.550
-149.890 61.238 49.709
-76.482 38.983 76.755
-70.400 -23.650 49.650
-53.983 47.300 66.334
-13.530 28.972 62.133
-123.767 46.208 58.024
-74.418 39.355 79.594
-2.715 51.511 49.418
141.500 38.300 49.647
-79.573 8.962 59.213
-76.578 39.267 75.639
-90.285 -0.437 61.678
-125.136 48.836 53.388
2.163 41.342 51.588
-68.205 44.392 64.533
12.903 55.756 49.570
-1.515 43.527 46.573
109.083 21.483 53.749
-128.143 52.163 31.358
-64.700 32.400 73.249
-3.050 43.357 52.393
-6.340 36.800 48.172
141.917 -10.600 62.016
-71.052 42.355 72.740
1.578 50.727 56.228
-4.500 48.383 55.593
-73.182 41.173 74.114
153.167 -27.367 66.542
122.217 -18.000 64.564
-77.100 3.900 55.712
-58.500 -34.667 46.352
152.380 -24.767 68.723
145.915 -41.050 62.512
-109.908 22.880 67.991
-6.283 36.533 49.079
1.868 50.969 51.567
-77.150 -12.050 57.881
-76.068 38.573 77.342
-125.247 50.042 47.652
-47.925 -25.017 51.742
147.058 -19.277 58.454
18.433 -33.900 64.560
-74.960 38.968 74.245
113.652 -24.898 62.940
-75.533 10.383 60.750
-9.417 38.692 52.217
15.094 37.498 49.505
103.187 5.265 59.971
-5.317 35.900 43.470
91.050 22.217 48.404
-124.322 43.345 60.642
-79.925 32.782 70.331
-64.920 18.335 61.014
-63.117 46.233 66.683
-1.635 49.651 50.162
-76.113 36.967 78.140
142.200 27.100 64.138
140.867 35.750 55.565
-157.472 1.982 65.626
-94.200 58.783 -18.262
96.883 -12.117 71.572
-1.890 47.277 54.495
-145.753 60.558 45.056
-97.217 27.580 56.040
91.833 21.450 47.056
-124.183 41.745 59.448
-79.915 9.355 61.302
1.302 52.934 56.869
8.717 53.867 52.968
130.850 -12.467 64.391
20.385 60.032 -4.006
6.933 53.326 57.869
4.746 52.965 51.240
-4.185 50.368 58.701
1.085 49.929 63.738
-2.088 47.306 53.350
108.617 19.100 59.513
1.318 51.117 57.650
-75.740 36.183 79.643
2.367 51.048 53.209
31.050 -29.867 60.859
27.917 -33.017 67.694
-109.448 -27.150 51.249
-66.985 44.903 65.894
162.387 11.430 75.862
-116.633 31.850 69.052
8.433 55.467 54.202
-79.647 0.992 52.828
121.900 -33.867 60.880
-64.267 -65.250 7.032
1.348 51.957 59.348
-81.467 30.672 70.009
-4.983 52.014 52.413
18.211 60.409 -8.858
151.233 -33.850 64.970
-80.902 32.033 70.771
-95.308 28.948 61.113
115.717 -32.050 62.136
-166.288 23.868 68.521
139.933 40.650 53.957
128.850 32.700 63.923
-123.451 48.769 54.504
179.195 -8.525 70.266
-16.907 32.640 67.762
21.231 64.916 -33.059
-94.793 29.310 55.432
73.152 -0.687 70.825
11.933 54.567 50.698
102.107 6.227 53.478
-5.350 36.117 46.182
-3.018 53.450 39.083
11.791 57.685 32.286
-89.957 29.263 45.172
144.650 13.433 65.776
-110.900 27.933 58.986
141.533 40.533 61.125
110.283 20.017 54.384
140.717 41.783 51.806
-63.583 44.667 74.317
132.067 34.900 49.422
27.179 60.563 21.863
145.567 43.283 59.841
22.977 59.823 18.853
1.284 51.947 60.972
9.101 63.425 19.181
24.956 60.154 23.409
-2.920 54.032 37.848
115.738 -31.825 62.042
-155.067 19.733 65.946
-3.134 51.215 52.522
89.467 21.783 49.760
147.330 -42.887 60.069
4.120 51.977 51.235
-4.631 53.308 50.730
114.217 22.300 54.980
159.957 -9.425 73.229
25.973 70.980 33.815
-157.867 21.307 71.497
12.467 56.100 45.520
131.683 32.417 57.304
-124.217 40.767 61.494
-4.111 51.211 54.365
-43.165 -22.897 54.206
-0.186 53.631 55.799
124.167 24.333 58.979
-169.530 16.738 64.038
103.792 1.462 57.117
-78.833 -33.622 62.223
-134.412 58.298 40.480
130.567 31.583 55.704
-156.467 20.900 70.416
23.096 65.697 -30.764
121.282 28.088 50.880
-171.718 -2.810 66.368
120.288 22.615 59.699
154.777 1.098 67.851
21.215 62.344 -29.330
139.750 35.517 60.494
121.745 25.157 55.352
101.358 3.050 54.775
102.153 2.215 63.279
24.515 65.673 -32.908
70.220 -49.345 81.254
-131.625 55.333 45.445
-81.808 24.553 66.772
-5.050 58.457 43.534
12.894 55.522 53.504
23.033 -34.050 62.067
99.817 11.795 53.898
98.425 7.832 65.119
135.183 34.683 51.010
133.567 33.500 50.613
-152.512 57.732 57.420
134.583 34.017 51.913
116.067 5.983 58.883
103.430 3.975 60.666
130.200 32.600 59.925
103.443 1.325 57.624
15.589 56.105 45.125
11.127 58.997 22.091
135.767 33.483 52.920
144.367 42.983 49.613
167.733 8.733 73.767
-8.400 43.367 58.168
-117.257 32.867 63.420
-80.917 -2.200 58.432
-110.345 24.162 68.618
-1.221 46.158 49.443
-87.817 13.333 65.095
17.865 58.742 21.504
99.765 6.432 63.448
177.433 -17.600 63.891
-4.781 48.359 58.627
0.106 49.482 47.492
-1.765 47.205 51.998
123.750 13.150 64.361
-3.182 55.990 48.644
-1.140 60.155 52.788
-1.794 46.497 52.731
-75.120 38.782 72.402
119.417 34.750 54.631
-64.753 17.697 58.781
10.299 43.546 44.754
-3.825 53.332 39.525
-80.717 -6.933 54.800
159.067 -31.517 63.033
-118.272 33.720 58.480
-64.883 47.083 95.610
1.751 52.473 54.910
15.150 -26.650 69.980
100.613 4.240 55.127
121.617 32.133 52.040
5.113 61.934 39.121
-67.047 17.972 60.979
137.617 34.683 47.391
135.383 35.467 61.015
171.373 7.107 69.897
130.300 31.267 55.004
-4.417 36.717 47.923
134.463 7.330 70.317
73.527 4.190 67.429
-7.333 55.367 47.060
120.967 14.583 55.717
21.463 61.594 -18.926
174.500 -35.833 60.669
16.837 58.554 24.682
173.200 52.833 67.082
-72.117 -17.000 59.432
132.717 33.867 59.562
-81.432 30.395 71.685
-106.422 23.198 62.461
139.817 34.917 56.250
15.563 38.196 51.372
-177.367 28.217 63.829
-5.014 51.702 54.636
-4.906 55.750 40.074
50.600 26.233 42.849
130.450 32.617 59.061
139.482 34.067 55.774
141.983 39.650 66.726
-157.800 21.433 71.130
7.421 43.729 45.076
-71.960 41.048 70.874
-121.888 36.605 63.512
22.133 -34.183 64.090
134.167 33.267 50.451
129.867 32.733 60.610
136.883 35.083 50.138
127.667 26.200 62.027
129.842 29.842 60.395
-1.634 47.194 53.683
-70.097 41.285 72.697
176.917 -39.483 64.648
14.269 40.841 49.361
166.905 -0.528 65.394
-159.350 21.967 65.328
129.495 28.382 61.839
-124.617 48.368 54.425
-72.087 41.355 68.197
-74.015 40.700 72.812
0.057 50.782 46.475
-5.542 50.102 57.242
-71.327 41.505 74.533
-122.910 49.200 51.600
130.992 30.735 60.719
-1.440 55.007 48.384
-60.250 46.217 84.947
166.437 -22.292 67.361
-175.167 -21.133 65.309
-140.082 -8.930 67.265
11.950 78.933 17.776
141.717 39.067 50.639
141.750 39.017 50.551
139.383 34.783 59.975
17.097 57.366 33.449
138.217 34.617 52.057
140.900 36.933 49.409
135.433 34.650 50.718
16.478 57.275 33.182
10.734 59.909 20.565
25.418 65.040 -30.248
130.217 32.983 56.963
136.217 34.067 52.089
-170.683 -14.283 74.298
-81.167 -5.083 56.698
-149.567 -17.525 56.701
-123.451 48.654 53.982
100.347 5.422 54.896
-158.053 -8.977 60.122
-87.213 30.403 62.282
-75.142 39.933 80.064
22.690 63.709 -27.125
158.243 6.987 69.210
-123.253 49.337 54.350
-25.672 37.735 66.312
-123.440 48.125 53.672
-59.133 47.567 85.210
-1.062 45.569 53.646
25.630 -33.960 66.343
118.575 -20.318 62.763
150.912 -34.473 67.819
57.495 -20.155 71.902
16.867 -29.250 65.068
-3.446 47.644 49.293
3.107 42.520 49.264
-127.489 50.722 36.071
-97.215 26.060 56.679
-70.247 43.657 72.098
141.600 -38.333 57.645
-5.120 54.843 47.340
-120.760 35.177 62.069
-1.112 50.803 48.901
-130.324 54.317 30.067
-71.401 41.807 69.702
-87.950 15.833 62.330
-15.417 28.133 61.484
-72.967 -41.483 36.733
-67.617 -54.933 37.042
-132.072 53.252 47.922
24.407 64.666 -29.786
-159.775 -21.207 56.465
20.895 63.986 -32.634
21.426 61.133 -18.444
-75.573 39.558 83.403
-21.940 64.151 35.600
-134.953 -23.125 66.402
12.113 57.250 31.899
-97.047 28.022 58.632
63.418 -19.668 63.071
11.230 64.859 19.593
-3.966 48.718 54.093
150.790 -23.162 67.787
-17.750 28.683 65.617
-93.870 29.730 45.221
133.333 36.200 63.847
-2.246 47.140 51.934
-1.682 43.395 47.562
-2.028 48.641 53.374
-2.202 47.267 52.374
-66.063 45.251 67.388
145.742 15.227 57.983
133.250 35.550 49.051
17.950 -33.017 67.409
-95.203 16.160 60.954
-117.173 32.713 62.955
-80.108 -26.292 58.922
-122.465 37.807 56.602
-90.833 13.917 64.666
-66.117 18.460 61.324
-160.502 55.337 60.496
-74.009 40.467 72.908
-90.313 -0.755 66.536
-118.500 34.008 54.855
-122.339 47.603 53.274
104.115 1.932 56.046
-151.720 59.441 51.460
-149.427 60.120 49.975
-76.330 36.947 75.750
115.350 22.750 53.814
0.743 51.442 58.017
119.550 35.383 56.729
138.517 35.017 52.586
135.383 33.683 53.599
18.433 -34.183 65.536
14.358 55.557 51.698
-135.342 57.052 49.892
19.012 63.191 -31.305
-135.327 59.450 41.913
12.829 55.417 52.005
11.218 58.354 23.229
-76.452 38.317 77.253
-124.043 44.625 58.916
17.531 62.363 -28.028
147.933 -42.550 61.893
-78.918 33.655 71.483
-82.627 27.760 64.440
-52.717 47.567 79.348
11.832 58.093 32.264
-123.181 49.125 55.024
-2.117 49.183 54.143
18.082 59.325 10.169
-6.389 58.207 50.506
134.900 34.350 52.225
178.427 -18.132 64.626
39.600 -69.000 52.308
134.050 34.350 50.986
-81.282 -4.582 56.553
103.853 1.262 56.155
135.183 34.333 52.763
174.033 -39.050 51.379
-5.600 36.000 43.190
176.183 -37.650 57.196
117.883 4.233 61.250
-16.240 28.480 67.422
133.640 -32.150 61.054
104.140 2.807 57.417
136.850 34.467 51.926
-6.064 56.623 44.324
-125.913 49.154 46.505
139.767 35.650 54.543
132.967 32.783 55.089
5.913 43.117 47.172
146.833 -19.250 57.713
137.217 36.767 52.887
7.567 58.000 45.674
13.750 45.650 41.752
151.850 7.450 65.733
-78.730 1.817 51.306
22.101 60.428 0.229
138.883 35.017 53.887
-5.158 57.895 45.645
-166.537 53.880 64.870
133.950 34.483 49.238
135.900 33.567 51.304
132.550 33.233 59.607
21.571 63.081 -31.885
-146.362 61.125 45.650
-0.330 39.460 49.727
-71.633 -33.033 47.265
-123.110 49.287 54.617
12.217 57.100 36.289
31.100 70.333 39.259
12.426 45.419 42.523
-123.370 48.422 52.556
12.579 56.142 43.456
18.284 57.639 39.079
135.150 34.217 52.753
166.617 19.283 60.158
141.683 45.400 57.410
14.500 -22.950 68.802
-77.022 38.873 71.829
174.783 -41.283 56.491
-2.448 50.608 50.836
-0.614 54.490 52.407
-3.086 58.441 51.037
-123.965 46.708 57.943
-73.782 40.793 73.789
-77.953 34.227 68.563
18.419 54.797 39.663
-62.700 45.683 76.956
-70.672 41.523 69.210
-3.568 54.651 45.138
128.102 -15.453 58.619
118.067 24.450 54.665
-139.733 59.548 43.869
138.128 9.508 59.835
-66.117 43.833 71.990
139.633 35.467 55.901
13.817 55.417 49.616
39.190 -6.155 63.511
111.833 21.583 55.125
