144.283 44.017 33.994
-2.075 57.143 36.065
131.417 31.583 41.157
-89.833 13.583 46.519
-99.912 16.840 39.464
-176.632 51.863 43.390
-122.298 37.772 37.533
-126.931 50.587 17.245
-5.433 36.117 25.432
-149.890 61.238 31.669
-76.482 38.983 57.706
-70.400 -23.650 37.212
-53.983 47.300 47.212
-13.530 28.972 44.763
-123.767 46.208 38.858
-74.418 39.355 61.329
-2.715 51.511 33.067
141.500 38.300 33.804
-79.573 8.962 41.607
-76.578 39.267 56.575
-90.285 -0.437 44.762
-125.136 48.836 33.877
2.163 41.342 35.685
-68.205 44.392 45.019
12.903 55.756 34.599
-1.515 43.527 30.473
109.083 21.483 38.632
-128.143 52.163 12.156
-64.700 32.400 54.097
-3.050 43.357 35.933
-6.340 36.800 31.842
141.917 -10.600 44.838
-71.052 42.355 52.762
1.578 50.727 41.070
-4.500 48.383 38.995
-73.182 41.173 54.856
153.167 -27.367 50.279
122.217 -18.000 46.516
-77.100 3.900 39.082
-58.500 -34.667 36.140
152.380 -24.767 52.240
145.915 -41.050 45.632
-109.908 22.880 48.779
-6.283 36.533 32.558
1.868 50.969 35.800
-77.150 -12.050 42.891
-76.068 38.573 57.430
-125.247 50.042 28.244
-47.925 -25.017 38.884
147.058 -19.277 41.328
18.433 -33.900 47.806
-74.960 38.968 54.834
113.652 -24.898 44.917
-75.533 10.383 43.530
-9.417 38.692 35.545
15.094 37.498 34.485
103.187 5.265 43.477
-5.317 35.900 27.436
91.050 22.217 34.062
-124.322 43.345 41.389
-79.925 32.782 51.271
-64.920 18.335 41.907
-63.117 46.233 48.627
-1.635 49.651 34.049
-76.113 36.967 58.975
142.200 27.100 47.218
140.867 35.750 39.240
-157.472 1.982 48.064
-94.200 58.783 -30.411
96.883 -12.117 53.276
-1.890 47.277 38.072
-145.753 60.558 26.503
-97.217 27.580 38.331
91.833 21.450 32.350
-124.183 41.745 40.134
-79.915 9.355 43.222
1.302 52.934 40.966
8.717 53.867 37.387
130.850 -12.467 47.029
20.385 60.032 -18.770
6.933 53.326 42.649
4.746 52.965 35.669
-4.185 50.368 42.107
1.085 49.929 48.302
-2.088 47.306 37.037
108.617 19.100 44.757
1.318 51.117 41.955
-75.740 36.183 60.359
2.367 51.048 37.583
31.050 -29.867 42.966
27.917 -33.017 50.154
-109.448 -27.150 39.358
-66.985 44.903 47.174
162.387 11.430 57.431
-116.633 31.850 49.052
8.433 55.467 38.172
-79.647 0.992 36.442
121.900 -33.867 43.056
-64.267 -65.250 21.774
1.348 51.957 43.872
-81.467 30.672 50.429
-4.983 52.014 35.907
18.211 60.409 -24.037
151.233 -33.850 47.918
-80.902 32.033 51.259
-95.308 28.948 42.483
115.717 -32.050 42.993
-166.288 23.868 48.792
139.933 40.650 38.029
128.850 32.700 48.524
-123.451 48.769 35.217
179.195 -8.525 51.927
-16.907 32.640 50.051
21.231 64.916 -48.281
-94.793 29.310 36.856
73.152 -0.687 53.156
11.933 54.567 36.081
102.107 6.227 36.957
-5.350 36.117 29.956
-3.018 53.450 22.584
11.791 57.685 16.657
-89.957 29.263 25.240
144.650 13.433 49.051
-110.900 27.933 40.005
141.533 40.533 45.135
110.283 20.017 39.268
140.717 41.783 35.903
-63.583 44.667 55.584
132.067 34.900 34.094
27.179 60.563 7.340
145.567 43.283 43.781
22.977 59.823 3.869
1.284 51.947 45.608
9.101 63.425 3.782
24.956 60.154 8.241
-2.920 54.032 21.535
115.738 -31.825 43.501
-155.067 19.733 47.236
-3.134 51.215 36.025
89.467 21.783 35.196
147.330 -42.887 43.900
4.120 51.977 35.723
-4.631 53.308 34.066
114.217 22.300 39.576
159.957 -9.425 56.793
25.973 70.980 18.295
-157.867 21.307 51.620
12.467 56.100 30.488
131.683 32.417 41.595
-124.217 40.767 41.974
-4.111 51.211 37.807
-43.165 -22.897 40.552
-0.186 53.631 39.446
124.167 24.333 43.293
-169.530 16.738 45.152
103.792 1.462 40.050
-78.833 -33.622 52.622
-134.412 58.298 22.323
130.567 31.583 39.978
-156.467 20.900 50.892
23.096 65.697 -46.225
121.282 28.088 35.922
-171.718 -2.810 48.837
120.288 22.615 44.080
154.777 1.098 50.084
21.215 62.344 -44.306
139.750 35.517 45.006
121.745 25.157 39.810
101.358 3.050 38.128
102.153 2.215 47.080
24.515 65.673 -47.896
70.220 -49.345 62.113
-131.625 55.333 26.480
-81.808 24.553 47.774
-5.050 58.457 26.414
12.894 55.522 38.323
23.033 -34.050 44.655
99.817 11.795 37.919
98.425 7.832 48.792
135.183 34.683 35.367
133.567 33.500 35.056
-152.512 57.732 38.207
134.583 34.017 36.012
116.067 5.983 42.303
103.430 3.975 44.024
130.200 32.600 44.245
103.443 1.325 40.935
15.589 56.105 30.376
11.127 58.997 6.349
135.767 33.483 37.028
144.367 42.983 33.165
167.733 8.733 55.381
-8.400 43.367 41.219
-117.257 32.867 42.931
-80.917 -2.200 42.886
-110.345 24.162 49.708
-1.221 46.158 33.427
-87.817 13.333 47.147
17.865 58.742 6.541
99.765 6.432 46.839
177.433 -17.600 46.728
-4.781 48.359 42.278
0.106 49.482 31.380
-1.765 47.205 35.616
123.750 13.150 47.814
-3.182 55.990 32.613
-1.140 60.155 35.575
-1.794 46.497 36.420
-75.120 38.782 52.959
119.417 34.750 40.085
-64.753 17.697 40.223
10.299 43.546 29.509
-3.825 53.332 23.163
-80.717 -6.933 39.789
159.067 -31.517 46.102
-118.272 33.720 38.808
-64.883 47.083 75.345
1.751 52.473 38.812
15.150 -26.650 53.330
100.613 4.240 38.524
121.617 32.133 37.324
5.113 61.934 22.773
-67.047 17.972 42.077
137.617 34.683 31.577
135.383 35.467 44.674
171.373 7.107 52.093
130.300 31.267 39.509
-4.417 36.717 31.762
134.463 7.330 52.655
73.527 4.190 52.195
-7.333 55.367 31.090
120.967 14.583 39.294
21.463 61.594 -34.083
174.500 -35.833 45.489
16.837 58.554 9.879
173.200 52.833 49.943
-72.117 -17.000 45.407
132.717 33.867 43.418
-81.432 30.395 52.581
-106.422 23.198 43.072
139.817 34.917 40.102
15.563 38.196 36.220
-177.367 28.217 45.276
-5.014 51.702 38.019
-4.906 55.750 23.588
50.600 26.233 29.133
130.450 32.617 43.790
139.482 34.067 39.407
141.983 39.650 50.050
-157.800 21.433 51.727
7.421 43.729 29.896
-71.960 41.048 51.422
-121.888 36.605 43.567
22.133 -34.183 47.477
134.167 33.267 34.767
129.867 32.733 45.458
136.883 35.083 34.267
127.667 26.200 46.246
129.842 29.842 44.401
-1.634 47.194 37.674
-70.097 41.285 52.931
176.917 -39.483 50.530
14.269 40.841 34.378
166.905 -0.528 47.447
-159.350 21.967 45.834
129.495 28.382 46.089
-124.617 48.368 34.808
-72.087 41.355 49.027
-74.015 40.700 53.884
0.057 50.782 30.338
-5.542 50.102 41.017
-71.327 41.505 55.085
-122.910 49.200 32.200
130.992 30.735 45.289
-1.440 55.007 32.202
-60.250 46.217 64.640
166.437 -22.292 50.899
-175.167 -21.133 49.166
-140.082 -8.930 49.533
11.950 78.933 -0.101
141.717 39.067 34.814
141.750 39.017 34.417
139.383 34.783 43.595
17.097 57.366 18.081
138.217 34.617 36.000
140.900 36.933 33.209
135.433 34.650 34.634
16.478 57.275 18.065
10.734 59.909 5.321
25.418 65.040 -45.430
130.217 32.983 41.276
136.217 34.067 36.152
-170.683 -14.283 57.417
-81.167 -5.083 40.661
-149.567 -17.525 41.061
-123.451 48.654 35.043
100.347 5.422 38.110
-158.053 -8.977 43.042
-87.213 30.403 43.360
-75.142 39.933 60.894
22.690 63.709 -42.419
158.243 6.987 51.162
-123.253 49.337 35.040
-25.672 37.735 47.943
-123.440 48.125 34.345
-59.133 47.567 63.246
-1.062 45.569 37.547
25.630 -33.960 48.773
118.575 -20.318 44.439
150.912 -34.473 50.813
57.495 -20.155 52.586
16.867 -29.250 48.244
-3.446 47.644 32.941
3.107 42.520 33.721
-127.489 50.722 16.912
-97.215 26.060 37.291
-70.247 43.657 54.041
141.600 -38.333 40.896
-5.120 54.843 30.798
-120.760 35.177 42.444
-1.112 50.803 32.828
-130.324 54.317 10.986
-71.401 41.807 50.601
-87.950 15.833 43.785
-15.417 28.133 43.901
-72.967 -41.483 30.422
-67.617 -54.933 38.896
-132.072 53.252 28.838
24.407 64.666 -44.654
-159.775 -21.207 40.767
20.895 63.986 -47.414
21.426 61.133 -33.594
-75.573 39.558 64.959
-21.940 64.151 17.588
-134.953 -23.125 50.975
12.113 57.250 16.520
-97.047 28.022 39.482
63.418 -19.668 43.509
11.230 64.859 4.202
-3.966 48.718 37.289
150.790 -23.162 50.428
-17.750 28.683 48.168
-93.870 29.730 25.194
133.333 36.200 47.738
-2.246 47.140 35.534
-1.682 43.395 31.365
-2.028 48.641 37.026
-2.202 47.267 36.188
-66.063 45.251 48.510
145.742 15.227 40.620
133.250 35.550 33.545
17.950 -33.017 51.009
-95.203 16.160 42.220
-117.173 32.713 42.687
-80.108 -26.292 46.812
-122.465 37.807 37.105
-90.833 13.917 47.224
-66.117 18.460 42.564
-160.502 55.337 41.300
-74.009 40.467 54.457
-90.313 -0.755 49.872
-118.500 34.008 35.806
-122.339 47.603 34.360
104.115 1.932 38.599
-151.720 59.441 32.675
-149.427 60.120 31.259
-76.330 36.947 56.917
115.350 22.750 38.642
0.743 51.442 42.338
119.550 35.383 42.333
138.517 35.017 36.819
135.383 33.683 37.683
18.433 -34.183 48.728
14.358 55.557 36.404
-135.342 57.052 30.830
19.012 63.191 -46.380
-135.327 59.450 23.095
12.829 55.417 36.377
11.218 58.354 7.499
-76.452 38.317 58.077
-124.043 44.625 39.599
17.531 62.363 -43.437
147.933 -42.550 46.239
-78.918 33.655 51.763
-82.627 27.760 45.214
-52.717 47.567 59.610
11.832 58.093 17.137
-123.181 49.125 35.385
-2.117 49.183 37.944
18.082 59.325 -5.584
-6.389 58.207 33.282
134.900 34.350 36.286
178.427 -18.132 47.229
39.600 -69.000 43.914
134.050 34.350 35.004
-81.282 -4.582 40.550
103.853 1.262 39.172
135.183 34.333 36.792
174.033 -39.050 36.594
-5.600 36.000 27.155
176.183 -37.650 42.651
117.883 4.233 44.319
-16.240 28.480 49.534
133.640 -32.150 43.599
104.140 2.807 40.337
136.850 34.467 35.850
-6.064 56.623 27.720
-125.913 49.154 27.183
139.767 35.650 38.436
132.967 32.783 39.599
5.913 43.117 31.555
146.833 -19.250 40.878
137.217 36.767 37.209
7.567 58.000 30.307
13.750 45.650 26.764
151.850 7.450 47.291
-78.730 1.817 34.614
22.101 60.428 -14.468
138.883 35.017 38.071
-5.158 57.895 28.128
-166.537 53.880 45.996
133.950 34.483 33.874
135.900 33.567 35.748
132.550 33.233 43.659
21.571 63.081 -46.689
-146.362 61.125 27.139
-0.330 39.460 33.926
-71.633 -33.033 36.995
-123.110 49.287 35.316
12.217 57.100 21.455
31.100 70.333 23.862
12.426 45.419 27.625
-123.370 48.422 33.505
12.579 56.142 27.714
18.284 57.639 23.603
135.150 34.217 36.610
166.617 19.283 42.211
141.683 45.400 40.862
14.500 -22.950 52.579
-77.022 38.873 52.706
174.783 -41.283 42.206
-2.448 50.608 34.421
-0.614 54.490 36.318
-3.086 58.441 34.186
-123.965 46.708 38.454
-73.782 40.793 54.750
-77.953 34.227 49.230
18.419 54.797 24.802
-62.700 45.683 59.036
-70.672 41.523 50.165
-3.568 54.651 28.603
128.102 -15.453 41.031
118.067 24.450 39.244
-139.733 59.548 25.630
138.128 9.508 42.453
-66.117 43.833 53.275
139.633 35.467 39.497
13.817 55.417 34.541
39.190 -6.155 46.613
111.833 21.583 40.246
