144.283 44.017 170.734
-2.075 57.143 176.427
131.417 31.583 175.725
-89.833 13.583 199.002
-99.912 16.840 194.412
-176.632 51.863 198.486
-122.298 37.772 199.050
-126.931 50.587 174.920
-5.433 36.117 161.730
-149.890 61.238 183.476
-76.482 38.983 217.007
-70.400 -23.650 144.331
-53.983 47.300 208.058
-13.530 28.972 189.944
-123.767 46.208 197.844
-74.418 39.355 220.296
-2.715 51.511 171.354
141.500 38.300 171.333
-79.573 8.962 191.280
-76.578 39.267 215.961
-90.285 -0.437 188.852
-125.136 48.836 192.228
2.163 41.342 170.564
-68.205 44.392 207.574
12.903 55.756 166.219
-1.515 43.527 165.577
109.083 21.483 167.863
-128.143 52.163 168.231
-64.700 32.400 217.997
-3.050 43.357 172.492
-6.340 36.800 171.144
141.917 -10.600 195.383
-71.052 42.355 213.046
1.578 50.727 175.176
-4.500 48.383 178.432
-73.182 41.173 214.019
153.167 -27.367 194.880
122.217 -18.000 200.053
-77.100 3.900 178.840
-58.500 -34.667 124.054
152.380 -24.767 196.588
145.915 -41.050 185.746
-109.908 22.880 209.897
-6.283 36.533 172.521
1.868 50.969 169.346
-77.150 -12.050 166.952
-76.068 38.573 219.069
-125.247 50.042 186.607
-47.925 -25.017 151.284
147.058 -19.277 187.730
18.433 -33.900 192.641
-74.960 38.968 216.574
113.652 -24.898 202.192
-75.533 10.383 193.340
-9.417 38.692 177.791
15.094 37.498 162.480
103.187 5.265 186.194
-5.317 35.900 164.021
91.050 22.217 158.575
-124.322 43.345 201.371
-79.925 32.782 212.481
-64.920 18.335 199.035
-63.117 46.233 212.260
-1.635 49.651 169.897
-76.113 36.967 220.095
142.200 27.100 194.476
140.867 35.750 177.233
-157.472 1.982 202.187
-94.200 58.783 121.397
96.883 -12.117 214.712
-1.890 47.277 175.250
-145.753 60.558 178.270
-97.217 27.580 195.416
91.833 21.450 157.099
-124.183 41.745 201.395
-79.915 9.355 193.497
1.302 52.934 177.376
8.717 53.867 170.511
130.850 -12.467 197.392
20.385 60.032 114.020
6.933 53.326 173.914
4.746 52.965 169.915
-4.185 50.368 180.868
1.085 49.929 182.786
-2.088 47.306 173.765
108.617 19.100 174.584
1.318 51.117 176.809
-75.740 36.183 221.825
2.367 51.048 171.995
31.050 -29.867 192.819
27.917 -33.017 198.421
-109.448 -27.150 142.783
-66.985 44.903 209.052
162.387 11.430 210.615
-116.633 31.850 211.985
8.433 55.467 172.960
-79.647 0.992 176.580
121.900 -33.867 196.749
-64.267 -65.250 -93.186
1.348 51.957 178.492
-81.467 30.672 211.827
-4.983 52.014 174.302
18.211 60.409 107.161
151.233 -33.850 190.869
-80.902 32.033 212.505
-95.308 28.948 200.099
115.717 -32.050 199.588
-166.288 23.868 212.993
139.933 40.650 174.598
128.850 32.700 182.666
-123.451 48.769 193.474
179.195 -8.525 203.922
-16.907 32.640 201.793
21.231 64.916 80.780
-94.793 29.310 195.271
73.152 -0.687 207.147
11.933 54.567 165.493
102.107 6.227 179.321
-5.350 36.117 167.125
-3.018 53.450 162.834
11.791 57.685 148.525
-89.957 29.263 183.066
144.650 13.433 198.262
-110.900 27.933 199.047
141.533 40.533 184.514
110.283 20.017 168.201
140.717 41.783 172.962
-63.583 44.667 215.381
132.067 34.900 166.775
27.179 60.563 136.388
145.567 43.283 184.367
22.977 59.823 135.238
1.284 51.947 180.829
9.101 63.425 139.344
24.956 60.154 137.302
-2.920 54.032 161.221
115.738 -31.825 198.798
-155.067 19.733 211.875
-3.134 51.215 174.523
89.467 21.783 160.018
147.330 -42.887 181.548
4.120 51.977 169.697
-4.631 53.308 172.911
114.217 22.300 170.261
159.957 -9.425 208.903
25.973 70.980 153.742
-157.867 21.307 216.035
12.467 56.100 162.675
131.683 32.417 175.302
-124.217 40.767 203.749
-4.111 51.211 177.112
-43.165 -22.897 159.041
-0.186 53.631 174.841
124.167 24.333 179.513
-169.530 16.738 206.465
103.792 1.462 187.212
-78.833 -33.622 138.197
-134.412 58.298 174.103
130.567 31.583 174.467
-156.467 20.900 214.610
23.096 65.697 85.475
121.282 28.088 163.665
-171.718 -2.810 201.670
120.288 22.615 178.867
154.777 1.098 203.109
21.215 62.344 86.245
139.750 35.517 183.535
121.745 25.157 172.062
101.358 3.050 181.383
102.153 2.215 190.162
24.515 65.673 83.165
70.220 -49.345 221.223
-131.625 55.333 181.962
-81.808 24.553 208.940
-5.050 58.457 168.036
12.894 55.522 170.921
23.033 -34.050 189.365
99.817 11.795 175.487
98.425 7.832 190.884
135.183 34.683 170.570
133.567 33.500 169.321
-152.512 57.732 193.705
134.583 34.017 170.735
116.067 5.983 183.918
103.430 3.975 187.434
130.200 32.600 179.283
103.443 1.325 188.111
15.589 56.105 162.737
11.127 58.997 139.845
135.767 33.483 173.269
144.367 42.983 170.902
167.733 8.733 210.038
-8.400 43.367 183.632
-117.257 32.867 205.783
-80.917 -2.200 178.681
-110.345 24.162 207.940
-1.221 46.158 168.678
-87.817 13.333 199.706
17.865 58.742 138.396
99.765 6.432 189.303
177.433 -17.600 194.604
-4.781 48.359 181.805
0.106 49.482 165.283
-1.765 47.205 172.189
123.750 13.150 188.729
-3.182 55.990 171.813
-1.140 60.155 176.766
-1.794 46.497 173.022
-75.120 38.782 214.843
119.417 34.750 166.239
-64.753 17.697 195.654
10.299 43.546 160.588
-3.825 53.332 163.158
-80.717 -6.933 171.370
159.067 -31.517 192.701
-118.272 33.720 200.773
-64.883 47.083 232.964
1.751 52.473 174.950
15.150 -26.650 197.939
100.613 4.240 181.575
121.617 32.133 163.590
5.113 61.934 160.657
-67.047 17.972 198.691
137.617 34.683 167.066
135.383 35.467 181.999
171.373 7.107 207.776
130.300 31.267 173.291
-4.417 36.717 168.855
134.463 7.330 200.785
73.527 4.190 198.780
-7.333 55.367 172.689
120.967 14.583 180.020
21.463 61.594 96.993
174.500 -35.833 179.268
16.837 58.554 142.426
173.200 52.833 201.653
-72.117 -17.000 160.999
132.717 33.867 178.589
-81.432 30.395 213.332
-106.422 23.198 201.410
139.817 34.917 178.580
15.563 38.196 164.978
-177.367 28.217 207.596
-5.014 51.702 177.977
-4.906 55.750 164.212
50.600 26.233 148.806
130.450 32.617 178.594
139.482 34.067 178.002
141.983 39.650 190.119
-157.800 21.433 216.834
7.421 43.729 161.307
-71.960 41.048 214.094
-121.888 36.605 207.082
22.133 -34.183 192.807
134.167 33.267 168.997
129.867 32.733 180.248
136.883 35.083 169.960
127.667 26.200 185.194
129.842 29.842 181.617
-1.634 47.194 174.538
-70.097 41.285 213.789
176.917 -39.483 178.496
14.269 40.841 163.842
166.905 -0.528 201.339
-159.350 21.967 210.183
129.495 28.382 184.445
-124.617 48.368 193.101
-72.087 41.355 211.785
-74.015 40.700 212.747
0.057 50.782 166.345
-5.542 50.102 181.203
-71.327 41.505 215.099
-122.910 49.200 190.373
130.992 30.735 182.611
-1.440 55.007 170.332
-60.250 46.217 226.187
166.437 -22.292 200.261
-175.167 -21.133 193.737
-140.082 -8.930 192.669
11.950 78.933 134.748
141.717 39.067 172.739
141.750 39.017 172.544
139.383 34.783 183.575
17.097 57.366 150.773
138.217 34.617 172.073
140.900 36.933 173.166
135.433 34.650 169.625
16.478 57.275 150.181
10.734 59.909 138.351
25.418 65.040 85.955
130.217 32.983 175.529
136.217 34.067 172.638
-170.683 -14.283 203.192
-81.167 -5.083 174.955
-149.567 -17.525 175.622
-123.451 48.654 193.374
100.347 5.422 181.138
-158.053 -8.977 189.505
-87.213 30.403 202.769
-75.142 39.933 220.342
22.690 63.709 87.659
158.243 6.987 203.275
-123.253 49.337 193.307
-25.672 37.735 204.625
-123.440 48.125 192.714
-59.133 47.567 227.262
-1.062 45.569 172.996
25.630 -33.960 196.129
118.575 -20.318 200.348
150.912 -34.473 193.301
57.495 -20.155 217.717
16.867 -29.250 192.829
-3.446 47.644 170.878
3.107 42.520 167.066
-127.489 50.722 174.485
-97.215 26.060 195.032
-70.247 43.657 212.960
141.600 -38.333 184.054
-5.120 54.843 169.459
-120.760 35.177 205.765
-1.112 50.803 170.163
-130.324 54.317 167.028
-71.401 41.807 211.369
-87.950 15.833 200.327
-15.417 28.133 192.133
-72.967 -41.483 86.925
-67.617 -54.933 33.605
-132.072 53.252 186.364
24.407 64.666 84.705
-159.775 -21.207 176.104
20.895 63.986 83.767
21.426 61.133 97.777
-75.573 39.558 223.069
-21.940 64.151 161.197
-134.953 -23.125 173.323
12.113 57.250 148.032
-97.047 28.022 197.400
63.418 -19.668 207.621
11.230 64.859 138.104
-3.966 48.718 176.480
150.790 -23.162 195.941
-17.750 28.683 199.360
-93.870 29.730 183.347
133.333 36.200 183.914
-2.246 47.140 172.237
-1.682 43.395 166.989
-2.028 48.641 174.441
-2.202 47.267 173.036
-66.063 45.251 209.928
145.742 15.227 188.171
133.250 35.550 167.562
17.950 -33.017 196.298
-95.203 16.160 197.512
-117.173 32.713 205.063
-80.108 -26.292 148.390
-122.465 37.807 198.275
-90.833 13.917 200.518
-66.117 18.460 198.470
-160.502 55.337 198.190
-74.009 40.467 212.551
-90.313 -0.755 194.141
-118.500 34.008 198.285
-122.339 47.603 192.658
104.115 1.932 185.554
-151.720 59.441 184.726
-149.427 60.120 185.454
-76.330 36.947 217.735
115.350 22.750 169.133
0.743 51.442 177.233
119.550 35.383 168.397
138.517 35.017 173.076
135.383 33.683 174.037
18.433 -34.183 193.852
14.358 55.557 168.104
-135.342 57.052 186.708
19.012 63.191 84.441
-135.327 59.450 175.523
12.829 55.417 167.861
11.218 58.354 140.340
-76.452 38.317 219.411
-124.043 44.625 199.603
17.531 62.363 88.351
147.933 -42.550 186.263
-78.918 33.655 213.534
-82.627 27.760 206.057
-52.717 47.567 219.424
11.832 58.093 149.410
-123.181 49.125 193.353
-2.117 49.183 175.343
18.082 59.325 124.565
-6.389 58.207 176.425
134.900 34.350 171.365
178.427 -18.132 195.052
39.600 -69.000 121.925
134.050 34.350 169.668
-81.282 -4.582 175.316
103.853 1.262 185.876
135.183 34.333 172.794
174.033 -39.050 166.119
-5.600 36.000 163.818
176.183 -37.650 172.715
117.883 4.233 189.816
-16.240 28.480 199.223
133.640 -32.150 191.556
104.140 2.807 186.580
136.850 34.467 172.791
-6.064 56.623 169.195
-125.913 49.154 185.698
139.767 35.650 176.302
132.967 32.783 172.825
5.913 43.117 164.025
146.833 -19.250 187.609
137.217 36.767 173.573
7.567 58.000 165.437
13.750 45.650 152.478
151.850 7.450 200.094
-78.730 1.817 175.422
22.101 60.428 116.819
138.883 35.017 175.103
-5.158 57.895 170.432
-166.537 53.880 203.791
133.950 34.483 168.012
135.900 33.567 171.205
132.550 33.233 178.962
21.571 63.081 83.444
-146.362 61.125 178.999
-0.330 39.460 168.822
-71.633 -33.033 126.332
-123.110 49.287 193.580
12.217 57.100 152.911
31.100 70.333 156.168
12.426 45.419 153.435
-123.370 48.422 191.546
12.579 56.142 160.154
18.284 57.639 154.904
135.150 34.217 172.459
166.617 19.283 196.580
141.683 45.400 177.118
14.500 -22.950 197.697
-77.022 38.873 214.137
174.783 -41.283 167.904
-2.448 50.608 172.989
-0.614 54.490 173.912
-3.086 58.441 176.170
-123.965 46.708 197.509
-73.782 40.793 213.685
-77.953 34.227 212.070
18.419 54.797 152.527
-62.700 45.683 220.882
-70.672 41.523 210.822
-3.568 54.651 167.918
128.102 -15.453 191.189
118.067 24.450 171.049
-139.733 59.548 178.113
138.128 9.508 190.779
-66.117 43.833 215.501
139.633 35.467 177.498
13.817 55.417 165.450
39.190 -6.155 188.725
111.833 21.583 169.596
