144.283 44.017 61.089
-2.075 57.143 64.819
131.417 31.583 73.897
-89.833 13.583 77.397
-99.912 16.840 66.289
-176.632 51.863 73.282
-122.298 37.772 60.884
-126.931 50.587 32.729
-5.433 36.117 46.591
-149.890 61.238 52.492
-76.482 38.983 86.950
-70.400 -23.650 65.823
-53.983 47.300 76.087
-13.530 28.972 78.635
-123.767 46.208 56.913
-74.418 39.355 91.815
-2.715 51.511 57.107
141.500 38.300 65.688
-79.573 8.962 72.468
-76.578 39.267 85.174
-90.285 -0.437 74.745
-125.136 48.836 52.112
2.163 41.342 65.446
-68.205 44.392 78.068
12.903 55.756 66.546
-1.515 43.527 56.533
109.083 21.483 68.551
-128.143 52.163 29.596
-64.700 32.400 80.120
-3.050 43.357 63.653
-6.340 36.800 58.317
141.917 -10.600 75.533
-71.052 42.355 83.608
1.578 50.727 70.540
-4.500 48.383 64.603
-73.182 41.173 82.819
153.167 -27.367 85.898
122.217 -18.000 78.488
-77.100 3.900 66.868
-58.500 -34.667 63.766
152.380 -24.767 85.820
145.915 -41.050 76.720
-109.908 22.880 78.540
-6.283 36.533 60.791
1.868 50.969 61.125
-77.150 -12.050 73.402
-76.068 38.573 89.219
-125.247 50.042 46.520
-47.925 -25.017 70.186
147.058 -19.277 71.966
18.433 -33.900 83.808
-74.960 38.968 85.205
113.652 -24.898 73.962
-75.533 10.383 75.727
-9.417 38.692 61.857
15.094 37.498 58.518
103.187 5.265 74.124
-5.317 35.900 51.087
91.050 22.217 59.274
-124.322 43.345 62.959
-79.925 32.782 79.387
-64.920 18.335 69.598
-63.117 46.233 82.100
-1.635 49.651 59.380
-76.113 36.967 89.137
142.200 27.100 86.485
140.867 35.750 74.356
-157.472 1.982 79.047
-94.200 58.783 -10.611
96.883 -12.117 88.041
-1.890 47.277 63.978
-145.753 60.558 45.655
-97.217 27.580 62.977
91.833 21.450 57.617
-124.183 41.745 61.076
-79.915 9.355 76.768
1.302 52.934 70.386
8.717 53.867 66.073
130.850 -12.467 79.485
20.385 60.032 17.609
6.933 53.326 69.008
4.746 52.965 64.162
-4.185 50.368 67.558
1.085 49.929 80.596
-2.088 47.306 61.205
108.617 19.100 76.707
1.318 51.117 72.035
-75.740 36.183 91.191
2.367 51.048 65.934
31.050 -29.867 73.487
27.917 -33.017 84.855
-109.448 -27.150 63.919
-66.985 44.903 78.661
162.387 11.430 95.415
-116.633 31.850 78.519
8.433 55.467 66.529
-79.647 0.992 62.786
121.900 -33.867 70.346
-64.267 -65.250 52.202
1.348 51.957 72.420
-81.467 30.672 76.335
-4.983 52.014 61.662
18.211 60.409 8.446
151.233 -33.850 80.038
-80.902 32.033 77.190
-95.308 28.948 66.220
115.717 -32.050 69.976
-166.288 23.868 84.686
139.933 40.650 71.697
128.850 32.700 87.548
-123.451 48.769 53.846
179.195 -8.525 82.733
-16.907 32.640 89.154
21.231 64.916 -19.452
-94.793 29.310 61.693
73.152 -0.687 90.323
11.933 54.567 65.588
102.107 6.227 68.204
-5.350 36.117 54.693
-3.018 53.450 48.646
11.791 57.685 47.075
-89.957 29.263 48.308
144.650 13.433 85.924
-110.900 27.933 67.256
141.533 40.533 88.294
110.283 20.017 64.739
140.717 41.783 71.061
-63.583 44.667 84.734
132.067 34.900 63.410
27.179 60.563 40.339
145.567 43.283 85.079
22.977 59.823 38.617
1.284 51.947 76.315
9.101 63.425 32.134
24.956 60.154 41.638
-2.920 54.032 46.949
115.738 -31.825 69.892
-155.067 19.733 83.203
-3.134 51.215 61.769
89.467 21.783 61.584
147.330 -42.887 77.880
4.120 51.977 63.941
-4.631 53.308 60.106
114.217 22.300 67.645
159.957 -9.425 90.107
25.973 70.980 50.571
-157.867 21.307 89.349
12.467 56.100 62.924
131.683 32.417 72.701
-124.217 40.767 64.000
-4.111 51.211 63.129
-43.165 -22.897 73.433
-0.186 53.631 66.029
124.167 24.333 76.548
-169.530 16.738 79.305
103.792 1.462 73.577
-78.833 -33.622 81.576
-134.412 58.298 39.106
130.567 31.583 73.937
-156.467 20.900 87.377
23.096 65.697 -15.107
121.282 28.088 61.361
-171.718 -2.810 78.718
120.288 22.615 78.504
154.777 1.098 81.733
21.215 62.344 -14.386
139.750 35.517 83.358
121.745 25.157 69.892
101.358 3.050 69.531
102.153 2.215 79.751
24.515 65.673 -18.478
70.220 -49.345 112.925
-131.625 55.333 45.775
-81.808 24.553 79.694
-5.050 58.457 50.185
12.894 55.522 73.351
23.033 -34.050 74.999
99.817 11.795 71.140
98.425 7.832 82.197
135.183 34.683 64.027
133.567 33.500 62.802
-152.512 57.732 60.920
134.583 34.017 66.053
116.067 5.983 72.487
103.430 3.975 75.350
130.200 32.600 82.127
103.443 1.325 77.711
15.589 56.105 65.127
11.127 58.997 36.465
135.767 33.483 70.004
144.367 42.983 61.351
167.733 8.733 91.977
-8.400 43.367 70.651
-117.257 32.867 72.012
-80.917 -2.200 73.668
-110.345 24.162 78.864
-1.221 46.158 56.646
-87.817 13.333 77.593
17.865 58.742 41.450
99.765 6.432 78.579
177.433 -17.600 79.309
-4.781 48.359 68.617
0.106 49.482 56.067
-1.765 47.205 57.927
123.750 13.150 85.104
-3.182 55.990 60.962
-1.140 60.155 63.727
-1.794 46.497 60.079
-75.120 38.782 81.829
119.417 34.750 75.713
-64.753 17.697 65.541
10.299 43.546 57.604
-3.825 53.332 48.992
-80.717 -6.933 69.322
159.067 -31.517 84.080
-118.272 33.720 63.527
-64.883 47.083 102.052
1.751 52.473 66.265
15.150 -26.650 93.791
100.613 4.240 70.147
121.617 32.133 64.611
5.113 61.934 51.137
-67.047 17.972 72.396
137.617 34.683 56.795
135.383 35.467 84.789
171.373 7.107 85.645
130.300 31.267 71.479
-4.417 36.717 63.575
134.463 7.330 88.044
73.527 4.190 88.975
-7.333 55.367 56.137
120.967 14.583 75.380
21.463 61.594 -1.547
174.500 -35.833 82.491
16.837 58.554 44.215
173.200 52.833 83.330
-72.117 -17.000 76.002
132.717 33.867 79.195
-81.432 30.395 79.174
-106.422 23.198 70.780
139.817 34.917 75.662
15.563 38.196 64.842
-177.367 28.217 79.217
-5.014 51.702 62.286
-4.906 55.750 47.161
50.600 26.233 57.996
130.450 32.617 81.432
139.482 34.067 74.118
141.983 39.650 96.886
-157.800 21.433 87.241
7.421 43.729 58.062
-71.960 41.048 79.999
-121.888 36.605 70.396
22.133 -34.183 81.568
134.167 33.267 62.256
129.867 32.733 84.772
136.883 35.083 60.869
127.667 26.200 84.993
129.842 29.842 81.932
-1.634 47.194 62.070
-70.097 41.285 82.484
176.917 -39.483 95.215
14.269 40.841 63.872
166.905 -0.528 77.796
-159.350 21.967 79.377
129.495 28.382 85.103
-124.617 48.368 53.919
-72.087 41.355 78.469
-74.015 40.700 81.386
0.057 50.782 57.125
-5.542 50.102 66.558
-71.327 41.505 83.604
-122.910 49.200 48.879
130.992 30.735 83.635
-1.440 55.007 59.903
-60.250 46.217 92.795
166.437 -22.292 87.951
-175.167 -21.133 83.891
-140.082 -8.930 79.290
11.950 78.933 12.654
141.717 39.067 67.784
141.750 39.017 66.246
139.383 34.783 82.712
17.097 57.366 51.180
138.217 34.617 66.517
140.900 36.933 66.504
135.433 34.650 62.229
16.478 57.275 52.120
10.734 59.909 34.238
25.418 65.040 -14.521
130.217 32.983 76.951
136.217 34.067 66.333
-170.683 -14.283 90.862
-81.167 -5.083 70.658
-149.567 -17.525 67.809
-123.451 48.654 50.907
100.347 5.422 68.766
-158.053 -8.977 68.266
-87.213 30.403 67.973
-75.142 39.933 90.214
22.690 63.709 -9.796
158.243 6.987 83.748
-123.253 49.337 54.098
-25.672 37.735 84.452
-123.440 48.125 50.293
-59.133 47.567 95.216
-1.062 45.569 63.643
25.630 -33.960 83.729
118.575 -20.318 75.439
150.912 -34.473 84.842
57.495 -20.155 87.707
16.867 -29.250 86.834
-3.446 47.644 56.289
3.107 42.520 62.437
-127.489 50.722 32.385
-97.215 26.060 62.431
-70.247 43.657 83.195
141.600 -38.333 69.258
-5.120 54.843 55.048
-120.760 35.177 69.991
-1.112 50.803 58.403
-130.324 54.317 25.653
-71.401 41.807 77.958
-87.950 15.833 76.453
-15.417 28.133 80.103
-72.967 -41.483 53.498
-67.617 -54.933 64.056
-132.072 53.252 47.561
24.407 64.666 -14.168
-159.775 -21.207 67.736
20.895 63.986 -16.150
21.426 61.133 -1.015
-75.573 39.558 96.888
-21.940 64.151 31.169
-134.953 -23.125 81.465
12.113 57.250 45.389
-97.047 28.022 64.974
63.418 -19.668 73.351
11.230 64.859 31.560
-3.966 48.718 61.598
150.790 -23.162 84.210
-17.750 28.683 86.530
-93.870 29.730 51.272
133.333 36.200 88.600
-2.246 47.140 59.636
-1.682 43.395 58.194
-2.028 48.641 62.397
-2.202 47.267 60.595
-66.063 45.251 79.419
145.742 15.227 68.201
133.250 35.550 64.550
17.950 -33.017 88.711
-95.203 16.160 70.318
-117.173 32.713 70.274
-80.108 -26.292 31.639
-122.465 37.807 60.345
-90.833 13.917 76.624
-66.117 18.460 72.053
-160.502 55.337 68.198
-74.009 40.467 82.231
-90.313 -0.755 82.337
-118.500 34.008 59.139
-122.339 47.603 50.189
104.115 1.932 70.471
-151.720 59.441 54.080
-149.427 60.120 50.884
-76.330 36.947 85.438
115.350 22.750 67.580
0.743 51.442 72.417
119.550 35.383 79.711
138.517 35.017 67.761
135.383 33.683 70.949
18.433 -34.183 85.792
14.358 55.557 71.235
-135.342 57.052 48.567
19.012 63.191 -17.081
-135.327 59.450 40.934
12.829 55.417 68.587
11.218 58.354 38.113
-76.452 38.317 89.537
-124.043 44.625 59.028
17.531 62.363 -12.861
147.933 -42.550 86.443
-78.918 33.655 78.426
-82.627 27.760 71.380
-52.717 47.567 88.386
11.832 58.093 46.767
-123.181 49.125 53.469
-2.117 49.183 63.867
18.082 59.325 28.928
-6.389 58.207 59.736
134.900 34.350 68.007
178.427 -18.132 82.382
39.600 -69.000 76.560
134.050 34.350 64.060
-81.282 -4.582 68.983
103.853 1.262 71.362
135.183 34.333 68.252
174.033 -39.050 70.814
-5.600 36.000 49.957
176.183 -37.650 80.672
117.883 4.233 79.532
-16.240 28.480 88.582
133.640 -32.150 71.179
104.140 2.807 74.214
136.850 34.467 65.865
-6.064 56.623 52.985
-125.913 49.154 45.382
139.767 35.650 71.736
132.967 32.783 68.026
5.913 43.117 56.765
146.833 -19.250 72.913
137.217 36.767 72.892
7.567 58.000 60.425
13.750 45.650 47.285
151.850 7.450 80.299
-78.730 1.817 61.940
22.101 60.428 20.478
138.883 35.017 70.862
-5.158 57.895 53.451
-166.537 53.880 75.493
133.950 34.483 64.818
135.900 33.567 65.308
132.550 33.233 79.305
21.571 63.081 -16.018
-146.362 61.125 45.906
-0.330 39.460 62.316
-71.633 -33.033 66.761
-123.110 49.287 54.935
12.217 57.100 52.299
31.100 70.333 58.052
12.426 45.419 46.947
-123.370 48.422 49.649
12.579 56.142 59.636
18.284 57.639 59.745
135.150 34.217 68.756
166.617 19.283 73.543
141.683 45.400 77.039
14.500 -22.950 93.358
-77.022 38.873 81.203
174.783 -41.283 80.765
-2.448 50.608 59.276
-0.614 54.490 64.727
-3.086 58.441 63.604
-123.965 46.708 56.164
-73.782 40.793 81.710
-77.953 34.227 76.238
18.419 54.797 59.325
-62.700 45.683 87.701
-70.672 41.523 77.942
-3.568 54.651 53.314
128.102 -15.453 73.898
118.067 24.450 70.355
-139.733 59.548 43.232
138.128 9.508 72.682
-66.117 43.833 84.058
139.633 35.467 74.578
13.817 55.417 68.795
39.190 -6.155 79.759
111.833 21.583 72.943
