144.283 44.017 97.912
-2.075 57.143 102.157
131.417 31.583 103.983
-89.833 13.583 119.318
-99.912 16.840 113.531
-176.632 51.863 117.328
-122.298 37.772 115.451
-126.931 50.587 93.855
-5.433 36.117 90.121
-149.890 61.238 105.391
-76.482 38.983 133.588
-70.400 -23.650 86.582
-53.983 47.300 124.338
-13.530 28.972 112.559
-123.767 46.208 115.978
-74.418 39.355 136.973
-2.715 51.511 98.387
141.500 38.300 97.957
-79.573 8.962 111.780
-76.578 39.267 132.662
-90.285 -0.437 112.508
-125.136 48.836 110.953
2.163 41.342 99.048
-68.205 44.392 123.181
12.903 55.756 95.091
-1.515 43.527 94.460
109.083 21.483 98.691
-128.143 52.163 88.539
-64.700 32.400 132.113
-3.050 43.357 100.430
-6.340 36.800 97.462
141.917 -10.600 115.178
-71.052 42.355 129.602
1.578 50.727 103.755
-4.500 48.383 105.426
-73.182 41.173 131.307
153.167 -27.367 117.661
122.217 -18.000 118.574
-77.100 3.900 105.430
-58.500 -34.667 76.459
152.380 -24.767 120.059
145.915 -41.050 111.144
-109.908 22.880 125.093
-6.283 36.533 98.056
1.868 50.969 99.008
-77.150 -12.050 100.526
-76.068 38.573 133.856
-125.247 50.042 105.123
-47.925 -25.017 90.630
147.058 -19.277 109.792
18.433 -33.900 115.441
-74.960 38.968 131.445
113.652 -24.898 119.387
-75.533 10.383 113.753
-9.417 38.692 102.895
15.094 37.498 94.555
103.187 5.265 110.098
-5.317 35.900 91.828
91.050 22.217 92.035
-124.322 43.345 118.704
-79.925 32.782 127.927
-64.920 18.335 116.702
-63.117 46.233 124.807
-1.635 49.651 98.422
-76.113 36.967 135.932
142.200 27.100 114.827
140.867 35.750 103.770
-157.472 1.982 120.945
-94.200 58.783 39.631
96.883 -12.117 129.317
-1.890 47.277 103.135
-145.753 60.558 100.062
-97.217 27.580 113.428
91.833 21.450 90.408
-124.183 41.745 118.224
-79.915 9.355 113.535
1.302 52.934 105.341
8.717 53.867 99.680
130.850 -12.467 117.523
20.385 60.032 41.421
6.933 53.326 104.528
4.746 52.965 98.681
-4.185 50.368 108.262
1.085 49.929 111.617
-2.088 47.306 102.120
108.617 19.100 104.599
1.318 51.117 105.128
-75.740 36.183 137.000
2.367 51.048 100.706
31.050 -29.867 113.516
27.917 -33.017 119.786
-109.448 -27.150 87.292
-66.985 44.903 123.599
162.387 11.430 130.739
-116.633 31.850 126.925
8.433 55.467 101.250
-79.647 0.992 102.280
121.900 -33.867 115.771
-64.267 -65.250 -40.717
1.348 51.957 106.821
-81.467 30.672 127.468
-4.983 52.014 101.449
18.211 60.409 36.565
151.233 -33.850 114.951
-80.902 32.033 128.012
-95.308 28.948 117.851
115.717 -32.050 117.544
-166.288 23.868 125.785
139.933 40.650 101.198
128.850 32.700 110.596
-123.451 48.769 112.419
179.195 -8.525 124.080
-16.907 32.640 120.642
21.231 64.916 12.097
-94.793 29.310 111.657
73.152 -0.687 124.507
11.933 54.567 96.179
102.107 6.227 103.210
-5.350 36.117 94.658
-3.018 53.450 87.952
11.791 57.685 78.755
-89.957 29.263 100.279
144.650 13.433 118.866
-110.900 27.933 116.574
141.533 40.533 110.017
110.283 20.017 99.945
140.717 41.783 99.526
-63.583 44.667 133.018
132.067 34.900 95.990
27.179 60.563 65.340
145.567 43.283 108.333
22.977 59.823 63.851
1.284 51.947 108.825
9.101 63.425 66.700
24.956 60.154 67.187
-2.920 54.032 86.740
115.738 -31.825 117.602
-155.067 19.733 125.011
-3.134 51.215 101.176
89.467 21.783 93.395
147.330 -42.887 108.248
4.120 51.977 98.127
-4.631 53.308 100.454
114.217 22.300 100.827
159.957 -9.425 127.920
25.973 70.980 81.052
-157.867 21.307 129.189
12.467 56.100 91.602
131.683 32.417 104.513
-124.217 40.767 119.662
-4.111 51.211 103.921
-43.165 -22.897 94.932
-0.186 53.631 104.025
124.167 24.333 106.407
-169.530 16.738 121.280
103.792 1.462 108.477
-78.833 -33.622 90.764
-134.412 58.298 96.830
130.567 31.583 102.704
-156.467 20.900 129.161
23.096 65.697 14.183
121.282 28.088 95.839
-171.718 -2.810 121.176
120.288 22.615 106.229
154.777 1.098 121.962
21.215 62.344 16.112
139.750 35.517 108.527
121.745 25.157 101.321
101.358 3.050 105.018
102.153 2.215 113.344
24.515 65.673 11.795
70.220 -49.345 134.590
-131.625 55.333 102.161
-81.808 24.553 123.892
-5.050 58.457 94.016
12.894 55.522 98.839
23.033 -34.050 113.268
99.817 11.795 101.632
98.425 7.832 115.102
135.183 34.683 98.951
133.567 33.500 98.114
-152.512 57.732 113.770
134.583 34.017 99.257
116.067 5.983 108.804
103.430 3.975 110.804
130.200 32.600 106.237
103.443 1.325 108.601
15.589 56.105 90.281
11.127 58.997 68.836
135.767 33.483 100.522
144.367 42.983 97.810
167.733 8.733 128.428
-8.400 43.367 108.123
-117.257 32.867 121.099
-80.917 -2.200 106.587
-110.345 24.162 125.911
-1.221 46.158 97.728
-87.817 13.333 119.447
17.865 58.742 66.888
99.765 6.432 113.541
177.433 -17.600 115.643
-4.781 48.359 108.331
0.106 49.482 95.249
-1.765 47.205 100.788
123.750 13.150 113.722
-3.182 55.990 98.543
-1.140 60.155 102.103
-1.794 46.497 101.729
-75.120 38.782 129.761
119.417 34.750 98.030
-64.753 17.697 114.462
10.299 43.546 90.576
-3.825 53.332 88.349
-80.717 -6.933 100.991
159.067 -31.517 114.220
-118.272 33.720 116.960
-64.883 47.083 150.546
1.751 52.473 102.462
15.150 -26.650 120.382
100.613 4.240 105.174
121.617 32.133 96.446
5.113 61.934 87.649
-67.047 17.972 116.585
137.617 34.683 95.980
135.383 35.467 107.789
171.373 7.107 125.801
130.300 31.267 101.632
-4.417 36.717 95.894
134.463 7.330 122.707
73.527 4.190 119.518
-7.333 55.367 98.158
120.967 14.583 104.389
21.463 61.594 26.345
174.500 -35.833 106.824
16.837 58.554 71.055
173.200 52.833 121.302
-72.117 -17.000 98.933
132.717 33.867 106.766
-81.432 30.395 128.727
-106.422 23.198 119.008
139.817 34.917 104.709
15.563 38.196 96.201
-177.367 28.217 121.007
-5.014 51.702 104.476
-4.906 55.750 90.164
50.600 26.233 84.542
130.450 32.617 105.779
139.482 34.067 104.138
141.983 39.650 114.767
-157.800 21.433 129.855
7.421 43.729 91.309
-71.960 41.048 128.573
-121.888 36.605 122.514
22.133 -34.183 115.342
134.167 33.267 98.035
129.867 32.733 107.250
136.883 35.083 98.059
127.667 26.200 109.341
129.842 29.842 107.992
-1.634 47.194 102.594
-70.097 41.285 130.313
176.917 -39.483 108.657
14.269 40.841 94.694
166.905 -0.528 120.207
-159.350 21.967 123.312
129.495 28.382 109.710
-124.617 48.368 112.201
-72.087 41.355 125.858
-74.015 40.700 130.127
0.057 50.782 94.396
-5.542 50.102 107.570
-71.327 41.505 131.237
-122.910 49.200 109.517
130.992 30.735 108.662
-1.440 55.007 97.445
-60.250 46.217 141.881
166.437 -22.292 119.446
-175.167 -21.133 115.576
-140.082 -8.930 117.125
11.950 78.933 67.769
141.717 39.067 98.834
141.750 39.017 98.420
139.383 34.783 108.176
17.097 57.366 78.506
138.217 34.617 100.046
140.900 36.933 98.154
135.433 34.650 98.149
16.478 57.275 78.761
10.734 59.909 67.410
25.418 65.040 14.679
130.217 32.983 103.280
136.217 34.067 99.898
-170.683 -14.283 124.765
-81.167 -5.083 103.686
-149.567 -17.525 104.562
-123.451 48.654 111.632
100.347 5.422 104.699
-158.053 -8.977 112.751
-87.213 30.403 119.449
-75.142 39.933 136.977
22.690 63.709 17.470
158.243 6.987 123.382
-123.253 49.337 112.150
-25.672 37.735 121.592
-123.440 48.125 111.474
-59.133 47.567 141.991
-1.062 45.569 101.802
25.630 -33.960 118.051
118.575 -20.318 117.909
150.912 -34.473 116.994
57.495 -20.155 129.283
16.867 -29.250 115.576
-3.446 47.644 98.691
3.107 42.520 96.502
-127.489 50.722 93.440
-97.215 26.060 112.935
-70.247 43.657 130.527
141.600 -38.333 108.235
-5.120 54.843 97.090
-120.760 35.177 120.212
-1.112 50.803 97.483
-130.324 54.317 86.947
-71.401 41.807 127.678
-87.950 15.833 117.180
-15.417 28.133 113.268
-72.967 -41.483 55.700
-67.617 -54.933 32.324
-132.072 53.252 105.336
24.407 64.666 14.354
-159.775 -21.207 104.352
20.895 63.986 12.697
21.426 61.133 26.614
-75.573 39.558 140.884
-21.940 64.151 88.350
-134.953 -23.125 108.207
12.113 57.250 78.220
-97.047 28.022 114.878
63.418 -19.668 121.325
11.230 64.859 66.834
-3.966 48.718 103.736
150.790 -23.162 118.850
-17.750 28.683 118.333
-93.870 29.730 102.360
133.333 36.200 109.823
-2.246 47.140 100.838
-1.682 43.395 95.532
-2.028 48.641 102.228
-2.202 47.267 101.304
-66.063 45.251 126.022
145.742 15.227 110.542
133.250 35.550 95.222
17.950 -33.017 118.391
-95.203 16.160 115.909
-117.173 32.713 121.159
-80.108 -26.292 94.037
-122.465 37.807 114.866
-90.833 13.917 119.377
-66.117 18.460 117.096
-160.502 55.337 116.905
-74.009 40.467 129.943
-90.313 -0.755 117.257
-118.500 34.008 113.936
-122.339 47.603 110.863
104.115 1.932 107.299
-151.720 59.441 106.836
-149.427 60.120 106.000
-76.330 36.947 133.365
115.350 22.750 99.772
0.743 51.442 105.624
119.550 35.383 100.069
138.517 35.017 100.477
135.383 33.683 101.229
18.433 -34.183 116.408
14.358 55.557 97.589
-135.342 57.052 106.846
19.012 63.191 13.935
-135.327 59.450 98.407
12.829 55.417 96.950
11.218 58.354 69.279
-76.452 38.317 133.828
-124.043 44.625 116.993
17.531 62.363 17.096
147.933 -42.550 109.753
-78.918 33.655 128.708
-82.627 27.760 121.498
-52.717 47.567 136.888
11.832 58.093 78.877
-123.181 49.125 112.304
-2.117 49.183 103.069
18.082 59.325 54.920
-6.389 58.207 101.358
134.900 34.350 99.770
178.427 -18.132 116.657
39.600 -69.000 77.669
134.050 34.350 98.147
-81.282 -4.582 104.051
103.853 1.262 107.418
135.183 34.333 100.371
174.033 -39.050 95.430
-5.600 36.000 91.719
176.183 -37.650 101.104
117.883 4.233 111.382
-16.240 28.480 118.783
133.640 -32.150 113.093
104.140 2.807 108.459
136.850 34.467 99.804
-6.064 56.623 94.254
-125.913 49.154 104.215
139.767 35.650 102.548
132.967 32.783 102.307
5.913 43.117 94.066
146.833 -19.250 109.266
137.217 36.767 99.850
7.567 58.000 92.987
13.750 45.650 86.662
151.850 7.450 119.460
-78.730 1.817 100.664
22.101 60.428 44.890
138.883 35.017 102.110
-5.158 57.895 95.430
-166.537 53.880 121.745
133.950 34.483 95.596
135.900 33.567 99.153
132.550 33.233 106.885
21.571 63.081 13.049
-146.362 61.125 100.919
-0.330 39.460 97.236
-71.633 -33.033 77.343
-123.110 49.287 112.572
12.217 57.100 82.226
31.100 70.333 84.760
12.426 45.419 87.588
-123.370 48.422 110.082
12.579 56.142 89.159
18.284 57.639 84.211
135.150 34.217 100.313
166.617 19.283 114.921
141.683 45.400 103.908
14.500 -22.950 119.492
-77.022 38.873 129.376
174.783 -41.283 98.865
-2.448 50.608 99.696
-0.614 54.490 101.341
-3.086 58.441 101.344
-123.965 46.708 115.834
-73.782 40.793 130.401
-77.953 34.227 126.127
18.419 54.797 83.555
-62.700 45.683 135.153
-70.672 41.523 127.257
-3.568 54.651 94.669
128.102 -15.453 111.036
118.067 24.450 100.618
-139.733 59.548 100.080
138.128 9.508 112.455
-66.117 43.833 130.484
139.633 35.467 103.940
13.817 55.417 94.689
39.190 -6.155 113.110
111.833 21.583 100.385
