144.283 44.017 138.503
-2.075 57.143 143.768
131.417 31.583 144.302
-89.833 13.583 162.814
-99.912 16.840 157.920
-176.632 51.863 161.380
-122.298 37.772 159.991
-126.931 50.587 136.634
-5.433 36.117 129.473
-149.890 61.238 146.171
-76.482 38.983 179.147
-70.400 -23.650 119.643
-53.983 47.300 170.089
-13.530 28.972 156.356
-123.767 46.208 159.226
-74.418 39.355 182.322
-2.715 51.511 138.754
141.500 38.300 139.633
-79.573 8.962 156.353
-76.578 39.267 177.901
-90.285 -0.437 155.265
-125.136 48.836 153.522
2.163 41.342 139.295
-68.205 44.392 169.541
12.903 55.756 135.444
-1.515 43.527 133.697
109.083 21.483 137.788
-128.143 52.163 130.354
-64.700 32.400 178.359
-3.050 43.357 139.727
-6.340 36.800 138.271
141.917 -10.600 159.930
-71.052 42.355 175.804
1.578 50.727 143.571
-4.500 48.383 145.486
-73.182 41.173 175.965
153.167 -27.367 161.475
122.217 -18.000 163.811
-77.100 3.900 146.181
-58.500 -34.667 104.176
152.380 -24.767 163.259
145.915 -41.050 153.068
-109.908 22.880 170.851
-6.283 36.533 139.568
1.868 50.969 137.833
-77.150 -12.050 137.901
-76.068 38.573 180.496
-125.247 50.042 147.976
-47.925 -25.017 125.640
147.058 -19.277 153.466
18.433 -33.900 158.996
-74.960 38.968 178.586
113.652 -24.898 164.960
-75.533 10.383 158.208
-9.417 38.692 144.022
15.094 37.498 132.301
103.187 5.265 152.345
-5.317 35.900 131.939
91.050 22.217 129.871
-124.322 43.345 162.813
-79.925 32.782 174.373
-64.920 18.335 161.250
-63.117 46.233 174.949
-1.635 49.651 137.778
-76.113 36.967 181.796
142.200 27.100 161.345
140.867 35.750 144.992
-157.472 1.982 166.168
-94.200 58.783 85.870
96.883 -12.117 176.590
-1.890 47.277 142.635
-145.753 60.558 141.030
-97.217 27.580 157.827
91.833 21.450 127.845
-124.183 41.745 162.293
-79.915 9.355 158.705
1.302 52.934 145.826
8.717 53.867 139.364
130.850 -12.467 162.156
20.385 60.032 84.079
6.933 53.326 142.926
4.746 52.965 138.671
-4.185 50.368 147.820
1.085 49.929 151.006
-2.088 47.306 141.518
108.617 19.100 144.966
1.318 51.117 145.394
-75.740 36.183 183.531
2.367 51.048 140.451
31.050 -29.867 156.970
27.917 -33.017 164.183
-109.448 -27.150 118.573
-66.985 44.903 171.052
162.387 11.430 175.019
-116.633 31.850 173.121
8.433 55.467 141.347
-79.647 0.992 143.904
121.900 -33.867 160.218
-64.267 -65.250 -62.881
1.348 51.957 146.909
-81.467 30.672 173.612
-4.983 52.014 141.496
18.211 60.409 77.041
151.233 -33.850 157.981
-80.902 32.033 173.974
-95.308 28.948 162.600
115.717 -32.050 162.615
-166.288 23.868 173.476
139.933 40.650 143.222
128.850 32.700 152.657
-123.451 48.769 154.919
179.195 -8.525 168.338
-16.907 32.640 166.960
21.231 64.916 50.750
-94.793 29.310 157.794
73.152 -0.687 170.386
11.933 54.567 135.087
102.107 6.227 146.085
-5.350 36.117 134.430
-3.018 53.450 129.997
11.791 57.685 117.853
-89.957 29.263 145.251
144.650 13.433 163.313
-110.900 27.933 160.628
141.533 40.533 152.390
110.283 20.017 137.994
140.717 41.783 141.321
-63.583 44.667 177.697
132.067 34.900 135.891
27.179 60.563 107.394
145.567 43.283 152.983
22.977 59.823 104.535
1.284 51.947 149.455
9.101 63.425 107.892
24.956 60.154 108.409
-2.920 54.032 128.564
115.738 -31.825 161.947
-155.067 19.733 173.096
-3.134 51.215 142.079
89.467 21.783 130.957
147.330 -42.887 149.837
4.120 51.977 138.217
-4.631 53.308 140.127
114.217 22.300 139.972
159.957 -9.425 174.014
25.973 70.980 122.140
-157.867 21.307 177.192
12.467 56.100 131.845
131.683 32.417 144.108
-124.217 40.767 164.935
-4.111 51.211 144.196
-43.165 -22.897 131.365
-0.186 53.631 142.773
124.167 24.333 147.837
-169.530 16.738 168.192
103.792 1.462 152.889
-78.833 -33.622 118.568
-134.412 58.298 136.702
130.567 31.583 143.257
-156.467 20.900 176.038
23.096 65.697 55.803
121.282 28.088 133.947
-171.718 -2.810 165.228
120.288 22.615 147.404
154.777 1.098 166.948
21.215 62.344 56.061
139.750 35.517 151.706
121.745 25.157 141.237
101.358 3.050 147.504
102.153 2.215 156.132
24.515 65.673 52.769
70.220 -49.345 184.457
-131.625 55.333 143.870
-81.808 24.553 170.829
-5.050 58.457 134.514
12.894 55.522 140.331
23.033 -34.050 155.298
99.817 11.795 143.554
98.425 7.832 157.719
135.183 34.683 138.805
133.567 33.500 137.527
-152.512 57.732 155.874
134.583 34.017 139.180
116.067 5.983 150.817
103.430 3.975 153.854
130.200 32.600 148.425
103.443 1.325 153.638
15.589 56.105 132.339
11.127 58.997 108.641
135.767 33.483 141.468
144.367 42.983 138.702
167.733 8.733 174.306
-8.400 43.367 150.086
-117.257 32.867 166.837
-80.917 -2.200 147.033
-110.345 24.162 170.000
-1.221 46.158 136.665
-87.817 13.333 163.804
17.865 58.742 107.897
99.765 6.432 156.137
177.433 -17.600 160.082
-4.781 48.359 148.204
0.106 49.482 133.284
-1.765 47.205 139.172
123.750 13.150 155.853
-3.182 55.990 138.686
-1.140 60.155 143.234
-1.794 46.497 140.530
-75.120 38.782 176.668
119.417 34.750 137.315
-64.753 17.697 158.497
10.299 43.546 129.920
-3.825 53.332 130.482
-80.717 -6.933 140.387
159.067 -31.517 158.952
-118.272 33.720 161.906
-64.883 47.083 196.354
1.751 52.473 142.844
15.150 -26.650 164.309
100.613 4.240 148.177
121.617 32.133 134.388
5.113 61.934 127.870
-67.047 17.972 161.793
137.617 34.683 135.188
135.383 35.467 150.358
171.373 7.107 171.218
130.300 31.267 141.996
-4.417 36.717 136.735
134.463 7.330 166.154
73.527 4.190 164.541
-7.333 55.367 139.278
120.967 14.583 147.417
21.463 61.594 67.105
174.500 -35.833 148.902
16.837 58.554 111.700
173.200 52.833 165.811
-72.117 -17.000 133.761
132.717 33.867 146.789
-81.432 30.395 175.137
-106.422 23.198 163.784
139.817 34.917 146.968
15.563 38.196 135.274
-177.367 28.217 169.461
-5.014 51.702 144.596
-4.906 55.750 130.660
50.600 26.233 120.942
130.450 32.617 147.229
139.482 34.067 146.439
141.983 39.650 159.222
-157.800 21.433 177.001
7.421 43.729 130.501
-71.960 41.048 176.011
-121.888 36.605 167.218
22.133 -34.183 158.895
134.167 33.267 137.101
129.867 32.733 149.094
136.883 35.083 137.952
127.667 26.200 153.124
129.842 29.842 150.305
-1.634 47.194 141.813
-70.097 41.285 175.448
176.917 -39.483 149.500
14.269 40.841 133.587
166.905 -0.528 164.766
-159.350 21.967 171.026
129.495 28.382 152.985
-124.617 48.368 155.066
-72.087 41.355 173.226
-74.015 40.700 174.769
0.057 50.782 134.453
-5.542 50.102 147.727
-71.327 41.505 176.499
-122.910 49.200 151.857
130.992 30.735 150.607
-1.440 55.007 137.694
-60.250 46.217 188.719
166.437 -22.292 165.285
-175.167 -21.133 160.643
-140.082 -8.930 159.467
11.950 78.933 102.609
141.717 39.067 140.762
141.750 39.017 140.508
139.383 34.783 150.601
17.097 57.366 120.323
138.217 34.617 139.963
140.900 36.933 140.720
135.433 34.650 138.241
16.478 57.275 120.024
10.734 59.909 107.115
25.418 65.040 56.002
130.217 32.983 144.458
136.217 34.067 140.742
-170.683 -14.283 169.712
-81.167 -5.083 143.647
-149.567 -17.525 143.748
-123.451 48.654 154.628
100.347 5.422 148.140
-158.053 -8.977 154.569
-87.213 30.403 164.655
-75.142 39.933 182.839
22.690 63.709 57.714
158.243 6.987 167.893
-123.253 49.337 154.759
-25.672 37.735 168.278
-123.440 48.125 154.357
-59.133 47.567 187.557
-1.062 45.569 140.963
25.630 -33.960 161.576
118.575 -20.318 163.820
150.912 -34.473 160.659
57.495 -20.155 179.567
16.867 -29.250 159.611
-3.446 47.644 138.134
3.107 42.520 135.613
-127.489 50.722 136.235
-97.215 26.060 157.514
-70.247 43.657 173.929
141.600 -38.333 150.192
-5.120 54.843 136.455
-120.760 35.177 166.698
-1.112 50.803 137.869
-130.324 54.317 128.873
-71.401 41.807 172.972
-87.950 15.833 163.869
-15.417 28.133 157.652
-72.967 -41.483 74.107
-67.617 -54.933 36.861
-132.072 53.252 148.250
24.407 64.666 55.291
-159.775 -21.207 144.420
20.895 63.986 53.373
21.426 61.133 67.146
-75.573 39.558 186.132
-21.940 64.151 125.573
-134.953 -23.125 145.194
12.113 57.250 117.432
-97.047 28.022 159.995
63.418 -19.668 168.781
11.230 64.859 106.969
-3.966 48.718 143.629
150.790 -23.162 161.360
-17.750 28.683 164.108
-93.870 29.730 147.484
133.333 36.200 152.603
-2.246 47.140 139.839
-1.682 43.395 135.007
-2.028 48.641 141.633
-2.202 47.267 140.331
-66.063 45.251 172.365
145.742 15.227 153.104
133.250 35.550 136.390
17.950 -33.017 162.186
-95.203 16.160 160.138
-117.173 32.713 165.642
-80.108 -26.292 125.097
-122.465 37.807 159.850
-90.833 13.917 164.450
-66.117 18.460 161.754
-160.502 55.337 160.315
-74.009 40.467 174.858
-90.313 -0.755 159.993
-118.500 34.008 159.188
-122.339 47.603 153.974
104.115 1.932 151.258
-151.720 59.441 147.783
-149.427 60.120 147.650
-76.330 36.947 179.551
115.350 22.750 139.294
0.743 51.442 145.765
119.550 35.383 139.406
138.517 35.017 140.937
135.383 33.683 142.301
18.433 -34.183 160.069
14.358 55.557 137.417
-135.342 57.052 148.668
19.012 63.191 54.309
-135.327 59.450 138.172
12.829 55.417 137.221
11.218 58.354 109.142
-76.452 38.317 180.918
-124.043 44.625 160.787
17.531 62.363 57.527
147.933 -42.550 154.828
-78.918 33.655 175.276
-82.627 27.760 167.530
-52.717 47.567 180.642
11.832 58.093 118.478
-123.181 49.125 155.190
-2.117 49.183 142.935
18.082 59.325 94.796
-6.389 58.207 142.212
134.900 34.350 139.687
178.427 -18.132 160.838
39.600 -69.000 104.069
134.050 34.350 138.114
-81.282 -4.582 143.925
103.853 1.262 152.020
135.183 34.333 140.802
174.033 -39.050 136.314
-5.600 36.000 131.313
176.183 -37.650 143.458
117.883 4.233 155.951
-16.240 28.480 164.617
133.640 -32.150 156.261
104.140 2.807 152.826
136.850 34.467 140.555
-6.064 56.623 135.880
-125.913 49.154 146.974
139.767 35.650 143.986
132.967 32.783 141.206
5.913 43.117 132.503
146.833 -19.250 153.172
137.217 36.767 142.257
7.567 58.000 134.255
13.750 45.650 122.741
151.850 7.450 163.354
-78.730 1.817 142.778
22.101 60.428 87.118
138.883 35.017 143.001
-5.158 57.895 136.681
-166.537 53.880 165.364
133.950 34.483 136.924
135.900 33.567 139.659
132.550 33.233 146.440
21.571 63.081 53.148
-146.362 61.125 142.119
-0.330 39.460 137.032
-71.633 -33.033 106.123
-123.110 49.287 155.349
12.217 57.100 122.015
31.100 70.333 126.100
12.426 45.419 123.353
-123.370 48.422 153.081
12.579 56.142 129.294
18.284 57.639 124.623
135.150 34.217 141.072
166.617 19.283 159.993
141.683 45.400 145.695
14.500 -22.950 163.940
-77.022 38.873 175.954
174.783 -41.283 139.368
-2.448 50.608 140.175
-0.614 54.490 141.229
-3.086 58.441 141.966
-123.965 46.708 158.991
-73.782 40.793 175.028
-77.953 34.227 173.408
18.419 54.797 122.567
-62.700 45.683 182.288
-70.672 41.523 172.618
-3.568 54.651 134.654
128.102 -15.453 156.411
118.067 24.450 140.906
-139.733 59.548 141.068
138.128 9.508 155.412
-66.117 43.833 176.231
139.633 35.467 145.239
13.817 55.417 135.294
39.190 -6.155 155.076
111.833 21.583 139.961
