144.283 44.017 77.386
-2.075 57.143 81.740
131.417 31.583 89.235
-89.833 13.583 95.476
-99.912 16.840 84.587
-176.632 51.863 92.310
-122.298 37.772 80.177
-126.931 50.587 51.961
-5.433 36.117 62.686
-149.890 61.238 71.431
-76.482 38.983 105.520
-70.400 -23.650 77.530
-53.983 47.300 95.545
-13.530 28.972 96.672
-123.767 46.208 76.798
-74.418 39.355 110.880
-2.715 51.511 73.370
141.500 38.300 82.238
-79.573 8.962 90.043
-76.578 39.267 104.225
-90.285 -0.437 91.579
-125.136 48.836 71.282
2.163 41.342 81.607
-68.205 44.392 97.527
12.903 55.756 81.317
-1.515 43.527 72.488
109.083 21.483 83.575
-128.143 52.163 48.799
-64.700 32.400 101.793
-3.050 43.357 80.333
-6.340 36.800 74.620
141.917 -10.600 93.600
-71.052 42.355 103.528
1.578 50.727 86.827
-4.500 48.383 81.063
-73.182 41.173 102.391
153.167 -27.367 103.093
122.217 -18.000 95.876
-77.100 3.900 83.156
-58.500 -34.667 73.766
152.380 -24.767 103.504
145.915 -41.050 92.691
-109.908 22.880 97.180
-6.283 36.533 77.166
1.868 50.969 77.145
-77.150 -12.050 88.469
-76.068 38.573 107.640
-125.247 50.042 66.288
-47.925 -25.017 82.959
147.058 -19.277 89.061
18.433 -33.900 101.511
-74.960 38.968 104.412
113.652 -24.898 91.751
-75.533 10.383 93.074
-9.417 38.692 78.840
15.094 37.498 73.504
103.187 5.265 90.854
-5.317 35.900 67.394
91.050 22.217 73.894
-124.322 43.345 82.173
-79.925 32.782 98.387
-64.920 18.335 88.618
-63.117 46.233 99.433
-1.635 49.651 75.474
-76.113 36.967 107.846
142.200 27.100 102.778
140.867 35.750 90.343
-157.472 1.982 96.410
-94.200 58.783 4.843
96.883 -12.117 107.271
-1.890 47.277 80.505
-145.753 60.558 63.940
-97.217 27.580 80.957
91.833 21.450 72.153
-124.183 41.745 81.077
-79.915 9.355 93.648
1.302 52.934 86.473
8.717 53.867 81.628
130.850 -12.467 96.758
20.385 60.032 32.015
6.933 53.326 84.901
4.746 52.965 79.838
-4.185 50.368 83.821
1.085 49.929 96.824
-2.088 47.306 77.768
108.617 19.100 91.978
1.318 51.117 87.447
-75.740 36.183 110.365
2.367 51.048 82.195
31.050 -29.867 91.091
27.917 -33.017 103.154
-109.448 -27.150 75.924
-66.985 44.903 97.421
162.387 11.430 113.708
-116.633 31.850 98.437
8.433 55.467 82.276
-79.647 0.992 78.565
121.900 -33.867 88.438
-64.267 -65.250 36.172
1.348 51.957 88.168
-81.467 30.672 95.815
-4.983 52.014 78.168
18.211 60.409 23.133
151.233 -33.850 96.571
-80.902 32.033 97.479
-95.308 28.948 85.232
115.717 -32.050 88.649
-166.288 23.868 104.685
139.933 40.650 88.228
128.850 32.700 104.662
-123.451 48.769 72.888
179.195 -8.525 100.735
-16.907 32.640 106.510
21.231 64.916 -4.126
-94.793 29.310 80.716
73.152 -0.687 108.323
11.933 54.567 80.892
102.107 6.227 84.754
-5.350 36.117 70.828
-3.018 53.450 65.092
11.791 57.685 61.959
-89.957 29.263 67.337
144.650 13.433 103.132
-110.900 27.933 87.000
141.533 40.533 103.805
110.283 20.017 80.239
140.717 41.783 86.378
-63.583 44.667 104.224
132.067 34.900 79.110
27.179 60.563 55.461
145.567 43.283 101.533
22.977 59.823 53.105
1.284 51.947 92.919
9.101 63.425 48.017
24.956 60.154 57.377
-2.920 54.032 63.246
115.738 -31.825 88.738
-155.067 19.733 103.143
-3.134 51.215 78.419
89.467 21.783 76.352
147.330 -42.887 94.667
4.120 51.977 79.450
-4.631 53.308 76.465
114.217 22.300 83.162
159.957 -9.425 107.846
25.973 70.980 66.993
-157.867 21.307 107.567
12.467 56.100 78.733
131.683 32.417 88.848
-124.217 40.767 83.304
-4.111 51.211 80.114
-43.165 -22.897 86.971
-0.186 53.631 82.563
124.167 24.333 91.866
-169.530 16.738 98.265
103.792 1.462 90.389
-78.833 -33.622 90.868
-134.412 58.298 58.069
130.567 31.583 89.067
-156.467 20.900 108.137
23.096 65.697 -0.620
121.282 28.088 75.955
-171.718 -2.810 97.430
120.288 22.615 94.013
154.777 1.098 99.648
21.215 62.344 1.092
139.750 35.517 100.160
121.745 25.157 85.685
101.358 3.050 86.354
102.153 2.215 96.714
24.515 65.673 -3.553
70.220 -49.345 128.211
-131.625 55.333 64.986
-81.808 24.553 98.509
-5.050 58.457 66.761
12.894 55.522 87.727
23.033 -34.050 91.953
99.817 11.795 87.418
98.425 7.832 99.404
135.183 34.683 79.655
133.567 33.500 78.264
-152.512 57.732 79.928
134.583 34.017 81.824
116.067 5.983 90.437
103.430 3.975 92.191
130.200 32.600 98.120
103.443 1.325 94.076
15.589 56.105 80.455
11.127 58.997 51.892
135.767 33.483 86.217
144.367 42.983 77.073
167.733 8.733 109.546
-8.400 43.367 88.049
-117.257 32.867 91.495
-80.917 -2.200 89.677
-110.345 24.162 99.436
-1.221 46.158 72.866
-87.817 13.333 95.135
17.865 58.742 55.054
99.765 6.432 95.365
177.433 -17.600 97.878
-4.781 48.359 85.276
0.106 49.482 72.034
-1.765 47.205 74.380
123.750 13.150 100.913
-3.182 55.990 77.377
-1.140 60.155 79.885
-1.794 46.497 76.566
-75.120 38.782 101.254
119.417 34.750 90.021
-64.753 17.697 84.038
10.299 43.546 72.778
-3.825 53.332 65.132
-80.717 -6.933 84.799
159.067 -31.517 100.409
-118.272 33.720 82.565
-64.883 47.083 120.945
1.751 52.473 82.484
15.150 -26.650 111.270
100.613 4.240 86.837
121.617 32.133 79.562
5.113 61.934 67.231
-67.047 17.972 89.985
137.617 34.683 72.876
135.383 35.467 100.879
171.373 7.107 105.055
130.300 31.267 86.742
-4.417 36.717 78.998
134.463 7.330 105.440
73.527 4.190 105.355
-7.333 55.367 73.147
120.967 14.583 92.136
21.463 61.594 13.208
174.500 -35.833 97.731
16.837 58.554 60.114
173.200 52.833 100.635
-72.117 -17.000 91.125
132.717 33.867 94.820
-81.432 30.395 97.917
-106.422 23.198 89.808
139.817 34.917 91.641
15.563 38.196 79.648
-177.367 28.217 97.910
-5.014 51.702 79.555
-4.906 55.750 64.005
50.600 26.233 71.932
130.450 32.617 96.921
139.482 34.067 89.985
141.983 39.650 109.847
-157.800 21.433 107.910
7.421 43.729 73.152
-71.960 41.048 99.195
-121.888 36.605 89.279
22.133 -34.183 99.278
134.167 33.267 78.086
129.867 32.733 100.381
136.883 35.083 76.978
127.667 26.200 101.049
129.842 29.842 97.122
-1.634 47.194 78.245
-70.097 41.285 100.991
176.917 -39.483 108.448
14.269 40.841 79.346
166.905 -0.528 97.101
-159.350 21.967 99.184
129.495 28.382 101.248
-124.617 48.368 73.133
-72.087 41.355 97.907
-74.015 40.700 101.225
0.057 50.782 73.293
-5.542 50.102 83.251
-71.327 41.505 102.951
-122.910 49.200 68.451
130.992 30.735 99.997
-1.440 55.007 76.259
-60.250 46.217 113.120
166.437 -22.292 104.051
-175.167 -21.133 101.044
-140.082 -8.930 96.018
11.950 78.933 31.395
141.717 39.067 82.921
141.750 39.017 83.014
139.383 34.783 99.368
17.097 57.366 67.035
138.217 34.617 82.064
140.900 36.933 82.226
135.433 34.650 78.272
16.478 57.275 67.393
10.734 59.909 49.586
25.418 65.040 0.407
130.217 32.983 92.673
136.217 34.067 81.803
-170.683 -14.283 107.652
-81.167 -5.083 85.523
-149.567 -17.525 84.090
-123.451 48.654 70.297
100.347 5.422 85.430
-158.053 -8.977 85.897
-87.213 30.403 86.892
-75.142 39.933 109.762
22.690 63.709 4.877
158.243 6.987 100.964
-123.253 49.337 73.175
-25.672 37.735 102.730
-123.440 48.125 69.505
-59.133 47.567 114.439
-1.062 45.569 78.841
25.630 -33.960 101.462
118.575 -20.318 93.673
150.912 -34.473 100.585
57.495 -20.155 105.790
16.867 -29.250 103.653
-3.446 47.644 72.615
3.107 42.520 77.900
-127.489 50.722 51.556
-97.215 26.060 81.112
-70.247 43.657 101.049
141.600 -38.333 86.136
-5.120 54.843 71.932
-120.760 35.177 89.216
-1.112 50.803 74.468
-130.324 54.317 44.811
-71.401 41.807 96.883
-87.950 15.833 94.480
-15.417 28.133 97.196
-72.967 -41.483 59.513
-67.617 -54.933 63.131
-132.072 53.252 67.146
24.407 64.666 1.448
-159.775 -21.207 83.559
20.895 63.986 -0.324
21.426 61.133 14.298
-75.573 39.558 114.787
-21.940 64.151 48.401
-134.953 -23.125 96.429
12.113 57.250 60.831
-97.047 28.022 83.983
63.418 -19.668 92.531
11.230 64.859 46.883
-3.966 48.718 78.439
150.790 -23.162 101.449
-17.750 28.683 105.020
-93.870 29.730 70.467
133.333 36.200 104.512
-2.246 47.140 75.942
-1.682 43.395 74.078
-2.028 48.641 78.850
-2.202 47.267 76.662
-66.063 45.251 98.996
145.742 15.227 85.953
133.250 35.550 79.949
17.950 -33.017 106.078
-95.203 16.160 88.627
-117.173 32.713 90.796
-80.108 -26.292 86.380
-122.465 37.807 79.594
-90.833 13.917 95.230
-66.117 18.460 91.232
-160.502 55.337 86.967
-74.009 40.467 100.482
-90.313 -0.755 99.673
-118.500 34.008 79.350
-122.339 47.603 69.777
104.115 1.932 86.987
-151.720 59.441 72.353
-149.427 60.120 69.785
-76.330 36.947 104.904
115.350 22.750 82.999
0.743 51.442 87.884
119.550 35.383 94.368
138.517 35.017 83.352
135.383 33.683 86.970
18.433 -34.183 102.419
14.358 55.557 86.456
-135.342 57.052 67.553
19.012 63.191 -2.501
-135.327 59.450 59.682
12.829 55.417 84.501
11.218 58.354 53.165
-76.452 38.317 108.135
-124.043 44.625 78.047
17.531 62.363 2.634
147.933 -42.550 102.420
-78.918 33.655 96.958
-82.627 27.760 90.621
-52.717 47.567 106.933
11.832 58.093 62.188
-123.181 49.125 72.522
-2.117 49.183 80.296
18.082 59.325 43.825
-6.389 58.207 77.076
134.900 34.350 83.981
178.427 -18.132 99.078
39.600 -69.000 84.276
134.050 34.350 79.797
-81.282 -4.582 85.407
103.853 1.262 88.554
135.183 34.333 83.980
174.033 -39.050 85.610
-5.600 36.000 66.112
176.183 -37.650 94.966
117.883 4.233 95.863
-16.240 28.480 107.001
133.640 -32.150 88.766
104.140 2.807 91.459
136.850 34.467 82.227
-6.064 56.623 68.686
-125.913 49.154 64.505
139.767 35.650 87.699
132.967 32.783 83.937
5.913 43.117 72.426
146.833 -19.250 89.553
137.217 36.767 88.719
7.567 58.000 76.869
13.750 45.650 62.117
151.850 7.450 98.688
-78.730 1.817 78.568
22.101 60.428 35.460
138.883 35.017 86.768
-5.158 57.895 70.332
-166.537 53.880 93.207
133.950 34.483 80.400
135.900 33.567 81.073
132.550 33.233 94.552
21.571 63.081 -0.549
-146.362 61.125 64.462
-0.330 39.460 77.578
-71.633 -33.033 76.354
-123.110 49.287 73.430
12.217 57.100 67.067
31.100 70.333 74.621
12.426 45.419 61.996
-123.370 48.422 68.716
12.579 56.142 74.860
18.284 57.639 73.373
135.150 34.217 84.635
166.617 19.283 91.846
141.683 45.400 94.632
14.500 -22.950 111.301
-77.022 38.873 100.310
174.783 -41.283 94.749
-2.448 50.608 75.855
-0.614 54.490 80.663
-3.086 58.441 79.912
-123.965 46.708 75.715
-73.782 40.793 100.660
-77.953 34.227 94.812
18.419 54.797 73.446
-62.700 45.683 107.170
-70.672 41.523 97.141
-3.568 54.651 69.742
128.102 -15.453 91.668
118.067 24.450 85.708
-139.733 59.548 62.037
138.128 9.508 90.459
-66.117 43.833 104.278
139.633 35.467 90.468
13.817 55.417 84.689
39.190 -6.155 95.527
111.833 21.583 87.307
