144.283 44.017 106.239
-2.075 57.143 110.450
131.417 31.583 113.119
-89.833 13.583 126.863
-99.912 16.840 120.973
-176.632 51.863 124.328
-122.298 37.772 120.972
-126.931 50.587 98.401
-5.433 36.117 97.103
-149.890 61.238 109.814
-76.482 38.983 140.961
-70.400 -23.650 95.056
-53.983 47.300 131.071
-13.530 28.972 122.453
-123.767 46.208 120.814
-74.418 39.355 143.946
-2.715 51.511 105.969
141.500 38.300 107.687
-79.573 8.962 121.260
-76.578 39.267 140.374
-90.285 -0.437 121.182
-125.136 48.836 115.355
2.163 41.342 107.763
-68.205 44.392 132.212
12.903 55.756 105.529
-1.515 43.527 101.720
109.083 21.483 107.680
-128.143 52.163 92.177
-64.700 32.400 139.806
-3.050 43.357 108.080
-6.340 36.800 105.703
141.917 -10.600 124.907
-71.052 42.355 136.185
1.578 50.727 112.000
-4.500 48.383 112.190
-73.182 41.173 137.817
153.167 -27.367 127.369
122.217 -18.000 127.507
-77.100 3.900 112.850
-58.500 -34.667 83.755
152.380 -24.767 128.155
145.915 -41.050 120.072
-109.908 22.880 132.400
-6.283 36.533 106.879
1.868 50.969 106.077
-77.150 -12.050 108.915
-76.068 38.573 142.453
-125.247 50.042 109.678
-47.925 -25.017 99.753
147.058 -19.277 118.923
18.433 -33.900 125.821
-74.960 38.968 140.011
113.652 -24.898 127.942
-75.533 10.383 123.412
-9.417 38.692 110.546
15.094 37.498 102.358
103.187 5.265 119.280
-5.317 35.900 99.748
91.050 22.217 100.581
-124.322 43.345 124.518
-79.925 32.782 136.213
-64.920 18.335 124.026
-63.117 46.233 137.526
-1.635 49.651 105.563
-76.113 36.967 143.781
142.200 27.100 127.583
140.867 35.750 113.014
-157.472 1.982 128.967
-94.200 58.783 49.656
96.883 -12.117 139.030
-1.890 47.277 109.920
-145.753 60.558 104.513
-97.217 27.580 120.375
91.833 21.450 98.994
-124.183 41.745 123.733
-79.915 9.355 123.609
1.302 52.934 113.482
8.717 53.867 108.234
130.850 -12.467 126.582
20.385 60.032 53.942
6.933 53.326 111.887
4.746 52.965 107.044
-4.185 50.368 114.428
1.085 49.929 118.668
-2.088 47.306 108.610
108.617 19.100 114.387
1.318 51.117 113.054
-75.740 36.183 145.133
2.367 51.048 109.004
31.050 -29.867 122.031
27.917 -33.017 129.632
-109.448 -27.150 94.635
-66.985 44.903 133.451
162.387 11.430 139.268
-116.633 31.850 133.809
8.433 55.467 109.847
-79.647 0.992 111.009
121.900 -33.867 123.791
-64.267 -65.250 -32.058
1.348 51.957 115.238
-81.467 30.672 135.242
-4.983 52.014 108.413
18.211 60.409 47.019
151.233 -33.850 124.446
-80.902 32.033 136.499
-95.308 28.948 124.948
115.717 -32.050 125.540
-166.288 23.868 135.749
139.933 40.650 110.875
128.850 32.700 121.842
-123.451 48.769 116.228
179.195 -8.525 132.367
-16.907 32.640 131.711
21.231 64.916 20.306
-94.793 29.310 120.392
73.152 -0.687 135.635
11.933 54.567 104.993
102.107 6.227 113.191
-5.350 36.117 102.169
-3.018 53.450 97.523
11.791 57.685 87.040
-89.957 29.263 107.695
144.650 13.433 128.203
-110.900 27.933 122.612
141.533 40.533 121.157
110.283 20.017 107.727
140.717 41.783 109.961
-63.583 44.667 138.687
132.067 34.900 104.960
27.179 60.563 77.760
145.567 43.283 119.324
22.977 59.823 75.332
1.284 51.947 117.545
9.101 63.425 76.194
24.956 60.154 79.465
-2.920 54.032 95.907
115.738 -31.825 124.846
-155.067 19.733 134.063
-3.134 51.215 109.390
89.467 21.783 101.922
147.330 -42.887 117.736
4.120 51.977 107.175
-4.631 53.308 107.051
114.217 22.300 109.296
159.957 -9.425 137.640
25.973 70.980 91.052
-157.867 21.307 137.748
12.467 56.100 101.323
131.683 32.417 112.415
-124.217 40.767 125.268
-4.111 51.211 110.883
-43.165 -22.897 104.099
-0.186 53.631 110.869
124.167 24.333 116.261
-169.530 16.738 129.714
103.792 1.462 118.560
-78.833 -33.622 98.933
-134.412 58.298 99.610
130.567 31.583 111.986
-156.467 20.900 137.580
23.096 65.697 25.299
121.282 28.088 103.792
-171.718 -2.810 129.016
120.288 22.615 116.136
154.777 1.098 130.638
21.215 62.344 25.884
139.750 35.517 119.595
121.745 25.157 110.299
101.358 3.050 114.314
102.153 2.215 122.978
24.515 65.673 22.255
70.220 -49.345 148.863
-131.625 55.333 106.364
-81.808 24.553 132.361
-5.050 58.457 101.014
12.894 55.522 109.564
23.033 -34.050 121.686
99.817 11.795 111.790
98.425 7.832 125.601
135.183 34.683 107.286
133.567 33.500 106.179
-152.512 57.732 118.393
134.583 34.017 107.649
116.067 5.983 117.382
103.430 3.975 120.359
130.200 32.600 117.145
103.443 1.325 119.608
15.589 56.105 101.312
11.127 58.997 77.916
135.767 33.483 109.873
144.367 42.983 106.339
167.733 8.733 137.623
-8.400 43.367 116.783
-117.257 32.867 128.038
-80.917 -2.200 115.295
-110.345 24.162 131.699
-1.221 46.158 104.103
-87.817 13.333 127.200
17.865 58.742 78.237
99.765 6.432 122.956
177.433 -17.600 125.583
-4.781 48.359 115.699
0.106 49.482 101.378
-1.765 47.205 106.812
123.750 13.150 123.007
-3.182 55.990 105.836
-1.140 60.155 110.051
-1.794 46.497 108.041
-75.120 38.782 138.224
119.417 34.750 108.137
-64.753 17.697 121.253
10.299 43.546 99.167
-3.825 53.332 97.957
-80.717 -6.933 109.466
159.067 -31.517 125.372
-118.272 33.720 123.505
-64.883 47.083 156.810
1.751 52.473 110.968
15.150 -26.650 130.316
100.613 4.240 114.641
121.617 32.133 104.850
5.113 61.934 96.064
-67.047 17.972 124.523
137.617 34.683 102.796
135.383 35.467 119.045
171.373 7.107 134.099
130.300 31.267 110.844
-4.417 36.717 104.616
134.463 7.330 131.150
73.527 4.190 131.282
-7.333 55.367 105.409
120.967 14.583 114.883
21.463 61.594 36.779
174.500 -35.833 118.189
16.837 58.554 81.133
173.200 52.833 128.807
-72.117 -17.000 107.195
132.717 33.867 115.284
-81.432 30.395 136.556
-106.422 23.198 125.716
139.817 34.917 114.124
15.563 38.196 104.979
-177.367 28.217 131.821
-5.014 51.702 111.107
-4.906 55.750 97.310
50.600 26.233 93.528
130.450 32.617 116.334
139.482 34.067 113.669
141.983 39.650 125.600
-157.800 21.433 138.627
7.421 43.729 100.056
-71.960 41.048 137.556
-121.888 36.605 128.921
22.133 -34.183 125.047
134.167 33.267 105.995
129.867 32.733 118.549
136.883 35.083 105.815
127.667 26.200 121.425
129.842 29.842 118.251
-1.634 47.194 109.061
-70.097 41.285 137.622
176.917 -39.483 120.553
14.269 40.841 103.817
166.905 -0.528 127.929
-159.350 21.967 132.343
129.495 28.382 120.916
-124.617 48.368 116.024
-72.087 41.355 135.140
-74.015 40.700 136.335
0.057 50.782 102.364
-5.542 50.102 114.106
-71.327 41.505 138.704
-122.910 49.200 113.359
130.992 30.735 120.062
-1.440 55.007 105.302
-60.250 46.217 148.421
166.437 -22.292 130.251
-175.167 -21.133 127.118
-140.082 -8.930 125.037
11.950 78.933 67.970
141.717 39.067 109.101
141.750 39.017 108.468
139.383 34.783 119.227
17.097 57.366 89.844
138.217 34.617 108.135
140.900 36.933 108.521
135.433 34.650 106.422
16.478 57.275 90.473
10.734 59.909 76.434
25.418 65.040 25.634
130.217 32.983 113.654
136.217 34.067 108.616
-170.683 -14.283 135.430
-81.167 -5.083 112.128
-149.567 -17.525 111.819
-123.451 48.654 116.179
100.347 5.422 114.632
-158.053 -8.977 119.952
-87.213 30.403 126.998
-75.142 39.933 144.841
22.690 63.709 28.164
158.243 6.987 131.804
-123.253 49.337 116.200
-25.672 37.735 130.918
-123.440 48.125 115.779
-59.133 47.567 150.018
-1.062 45.569 108.859
25.630 -33.960 127.190
118.575 -20.318 127.412
150.912 -34.473 127.635
57.495 -20.155 140.888
16.867 -29.250 125.424
-3.446 47.644 105.311
3.107 42.520 104.531
-127.489 50.722 98.075
-97.215 26.060 120.199
-70.247 43.657 137.116
141.600 -38.333 116.754
-5.120 54.843 103.130
-120.760 35.177 126.995
-1.112 50.803 105.387
-130.324 54.317 91.107
-71.401 41.807 134.602
-87.950 15.833 127.203
-15.417 28.133 123.587
-72.967 -41.483 61.691
-67.617 -54.933 40.130
-132.072 53.252 109.834
24.407 64.666 25.262
-159.775 -21.207 112.526
20.895 63.986 23.250
21.426 61.133 37.230
-75.573 39.558 148.012
-21.940 64.151 90.827
-134.953 -23.125 116.357
12.113 57.250 86.259
-97.047 28.022 122.529
63.418 -19.668 130.024
11.230 64.859 75.130
-3.966 48.718 110.555
150.790 -23.162 127.786
-17.750 28.683 129.196
-93.870 29.730 108.908
133.333 36.200 121.621
-2.246 47.140 107.476
-1.682 43.395 103.219
-2.028 48.641 109.240
-2.202 47.267 107.782
-66.063 45.251 133.623
145.742 15.227 118.036
133.250 35.550 105.710
17.950 -33.017 128.984
-95.203 16.160 123.714
-117.173 32.713 126.973
-80.108 -26.292 101.738
-122.465 37.807 120.698
-90.833 13.917 127.553
-66.117 18.460 124.634
-160.502 55.337 122.349
-74.009 40.467 136.798
-90.313 -0.755 126.539
-118.500 34.008 120.295
-122.339 47.603 115.760
104.115 1.932 116.778
-151.720 59.441 110.545
-149.427 60.120 110.515
-76.330 36.947 141.218
115.350 22.750 108.530
0.743 51.442 113.764
119.550 35.383 110.390
138.517 35.017 108.902
135.383 33.683 110.651
18.433 -34.183 126.258
14.358 55.557 107.794
-135.342 57.052 110.947
19.012 63.191 24.066
-135.327 59.450 100.686
12.829 55.417 107.426
11.218 58.354 78.430
-76.452 38.317 142.837
-124.043 44.625 121.888
17.531 62.363 27.372
147.933 -42.550 122.134
-78.918 33.655 137.159
-82.627 27.760 129.428
-52.717 47.567 141.941
11.832 58.093 87.532
-123.181 49.125 116.342
-2.117 49.183 110.283
18.082 59.325 64.947
-6.389 58.207 109.122
134.900 34.350 108.109
178.427 -18.132 125.893
39.600 -69.000 87.846
134.050 34.350 106.591
-81.282 -4.582 111.910
103.853 1.262 117.290
135.183 34.333 109.321
174.033 -39.050 106.765
-5.600 36.000 99.035
176.183 -37.650 113.967
117.883 4.233 122.058
-16.240 28.480 129.306
133.640 -32.150 121.393
104.140 2.807 118.869
136.850 34.467 108.730
-6.064 56.623 101.983
-125.913 49.154 108.587
139.767 35.650 111.870
132.967 32.783 110.151
5.913 43.117 101.337
146.833 -19.250 118.832
137.217 36.767 111.037
7.567 58.000 102.143
13.750 45.650 92.928
151.850 7.450 127.948
-78.730 1.817 109.596
22.101 60.428 56.678
138.883 35.017 110.577
-5.158 57.895 103.282
-166.537 53.880 127.974
133.950 34.483 106.029
135.900 33.567 107.446
132.550 33.233 115.259
21.571 63.081 23.191
-146.362 61.125 105.213
-0.330 39.460 105.536
-71.633 -33.033 85.989
-123.110 49.287 115.978
12.217 57.100 91.372
31.100 70.333 95.580
12.426 45.419 93.490
-123.370 48.422 114.628
12.579 56.142 98.732
18.284 57.639 95.569
135.150 34.217 109.344
166.617 19.283 123.755
141.683 45.400 114.561
14.500 -22.950 130.070
-77.022 38.873 137.878
174.783 -41.283 110.802
-2.448 50.608 107.613
-0.614 54.490 108.826
-3.086 58.441 109.451
-123.965 46.708 120.274
-73.782 40.793 136.633
-77.953 34.227 135.330
18.419 54.797 93.774
-62.700 45.683 144.662
-70.672 41.523 134.109
-3.568 54.651 101.730
128.102 -15.453 120.909
118.067 24.450 109.692
-139.733 59.548 103.652
138.128 9.508 120.856
-66.117 43.833 138.433
139.633 35.467 113.699
13.817 55.417 105.996
39.190 -6.155 121.601
111.833 21.583 109.671
