144.283 44.017 82.341
-2.075 57.143 85.992
131.417 31.583 88.563
-89.833 13.583 101.137
-99.912 16.840 95.096
-176.632 51.863 98.638
-122.298 37.772 95.887
-126.931 50.587 74.654
-5.433 36.117 73.901
-149.890 61.238 86.920
-76.482 38.983 114.718
-70.400 -23.650 74.561
-53.983 47.300 104.836
-13.530 28.972 95.207
-123.767 46.208 96.420
-74.418 39.355 117.816
-2.715 51.511 82.082
141.500 38.300 81.682
-79.573 8.962 94.403
-76.578 39.267 113.253
-90.285 -0.437 95.382
-125.136 48.836 91.822
2.163 41.342 83.259
-68.205 44.392 102.580
12.903 55.756 80.236
-1.515 43.527 78.321
109.083 21.483 83.721
-128.143 52.163 69.499
-64.700 32.400 113.235
-3.050 43.357 84.323
-6.340 36.800 81.112
141.917 -10.600 97.651
-71.052 42.355 110.231
1.578 50.727 88.225
-4.500 48.383 88.570
-73.182 41.173 112.300
153.167 -27.367 101.013
122.217 -18.000 100.267
-77.100 3.900 88.736
-58.500 -34.667 66.329
152.380 -24.767 103.158
145.915 -41.050 94.931
-109.908 22.880 106.500
-6.283 36.533 81.761
1.868 50.969 83.125
-77.150 -12.050 86.338
-76.068 38.573 114.921
-125.247 50.042 85.771
-47.925 -25.017 77.480
147.058 -19.277 92.835
18.433 -33.900 98.270
-74.960 38.968 112.814
113.652 -24.898 100.674
-75.533 10.383 95.791
-9.417 38.692 85.891
15.094 37.498 79.658
103.187 5.265 93.470
-5.317 35.900 75.672
91.050 22.217 77.332
-124.322 43.345 99.527
-79.925 32.782 109.255
-64.920 18.335 97.939
-63.117 46.233 106.577
-1.635 49.651 82.307
-76.113 36.967 116.414
142.200 27.100 97.663
140.867 35.750 87.701
-157.472 1.982 102.266
-94.200 58.783 19.861
96.883 -12.117 110.021
-1.890 47.277 86.692
-145.753 60.558 82.129
-97.217 27.580 94.001
91.833 21.450 75.923
-124.183 41.745 98.514
-79.915 9.355 95.931
1.302 52.934 89.294
8.717 53.867 83.871
130.850 -12.467 100.135
20.385 60.032 26.353
6.933 53.326 88.939
4.746 52.965 82.739
-4.185 50.368 91.728
1.085 49.929 96.337
-2.088 47.306 85.817
108.617 19.100 90.190
1.318 51.117 89.588
-75.740 36.183 117.570
2.367 51.048 84.979
31.050 -29.867 95.754
27.917 -33.017 102.078
-109.448 -27.150 75.148
-66.985 44.903 104.839
162.387 11.430 111.522
-116.633 31.850 107.411
8.433 55.467 85.083
-79.647 0.992 85.904
121.900 -33.867 97.597
-64.267 -65.250 -24.952
1.348 51.957 91.355
-81.467 30.672 108.436
-4.983 52.014 85.344
18.211 60.409 21.436
151.233 -33.850 97.990
-80.902 32.033 108.488
-95.308 28.948 98.643
115.717 -32.050 99.051
-166.288 23.868 106.812
139.933 40.650 85.099
128.850 32.700 94.533
-123.451 48.769 92.780
179.195 -8.525 105.339
-16.907 32.640 102.860
21.231 64.916 -3.071
-94.793 29.310 93.138
73.152 -0.687 106.415
11.933 54.567 81.394
102.107 6.227 86.713
-5.350 36.117 78.534
-3.018 53.450 71.566
11.791 57.685 63.191
-89.957 29.263 82.316
144.650 13.433 101.150
-110.900 27.933 96.937
141.533 40.533 92.686
110.283 20.017 84.568
140.717 41.783 83.312
-63.583 44.667 113.278
132.067 34.900 80.454
27.179 60.563 51.478
145.567 43.283 92.377
22.977 59.823 48.542
1.284 51.947 92.757
9.101 63.425 51.016
24.956 60.154 52.651
-2.920 54.032 70.471
115.738 -31.825 98.933
-155.067 19.733 105.020
-3.134 51.215 85.089
89.467 21.783 78.907
147.330 -42.887 91.863
4.120 51.977 82.643
-4.631 53.308 83.550
114.217 22.300 85.419
159.957 -9.425 110.970
25.973 70.980 65.533
-157.867 21.307 109.703
12.467 56.100 75.871
131.683 32.417 89.113
-124.217 40.767 100.395
-4.111 51.211 87.394
-43.165 -22.897 81.273
-0.186 53.631 87.867
124.167 24.333 90.763
-169.530 16.738 102.309
103.792 1.462 91.490
-78.833 -33.622 81.305
-134.412 58.298 77.985
130.567 31.583 86.678
-156.467 20.900 109.001
23.096 65.697 -0.814
121.282 28.088 80.745
-171.718 -2.810 102.943
120.288 22.615 90.720
154.777 1.098 103.878
21.215 62.344 0.783
139.750 35.517 92.624
121.745 25.157 85.811
101.358 3.050 88.217
102.153 2.215 97.035
24.515 65.673 -3.147
70.220 -49.345 116.920
-131.625 55.333 83.476
-81.808 24.553 104.724
-5.050 58.457 77.507
12.894 55.522 83.642
23.033 -34.050 96.007
99.817 11.795 85.660
98.425 7.832 98.269
135.183 34.683 82.674
133.567 33.500 82.294
-152.512 57.732 94.738
134.583 34.017 83.362
116.067 5.983 92.200
103.430 3.975 94.021
130.200 32.600 90.648
103.443 1.325 91.893
15.589 56.105 75.710
11.127 58.997 53.225
135.767 33.483 84.623
144.367 42.983 81.821
167.733 8.733 110.000
-8.400 43.367 91.269
-117.257 32.867 102.213
-80.917 -2.200 90.663
-110.345 24.162 106.728
-1.221 46.158 81.609
-87.817 13.333 101.311
17.865 58.742 51.789
99.765 6.432 96.704
177.433 -17.600 98.561
-4.781 48.359 91.830
0.106 49.482 79.471
-1.765 47.205 84.438
123.750 13.150 97.771
-3.182 55.990 81.970
-1.140 60.155 85.932
-1.794 46.497 85.198
-75.120 38.782 110.958
119.417 34.750 83.765
-64.753 17.697 95.702
10.299 43.546 75.293
-3.825 53.332 72.209
-80.717 -6.933 85.821
159.067 -31.517 96.895
-118.272 33.720 97.687
-64.883 47.083 133.176
1.751 52.473 86.861
15.150 -26.650 104.281
100.613 4.240 88.660
121.617 32.133 81.355
5.113 61.934 71.371
-67.047 17.972 97.981
137.617 34.683 79.572
135.383 35.467 92.423
171.373 7.107 107.031
130.300 31.267 86.019
-4.417 36.717 79.918
134.463 7.330 104.648
73.527 4.190 102.447
-7.333 55.367 81.226
120.967 14.583 88.074
21.463 61.594 11.236
174.500 -35.833 91.234
16.837 58.554 55.426
173.200 52.833 102.801
-72.117 -17.000 84.807
132.717 33.867 90.660
-81.432 30.395 108.910
-106.422 23.198 99.767
139.817 34.917 88.732
15.563 38.196 81.238
-177.367 28.217 101.899
-5.014 51.702 88.304
-4.906 55.750 73.380
50.600 26.233 70.660
130.450 32.617 89.825
139.482 34.067 88.017
141.983 39.650 98.323
-157.800 21.433 109.937
7.421 43.729 75.944
-71.960 41.048 109.294
-121.888 36.605 102.875
22.133 -34.183 98.430
134.167 33.267 81.980
129.867 32.733 91.889
136.883 35.083 82.161
127.667 26.200 93.947
129.842 29.842 91.905
-1.634 47.194 86.319
-70.097 41.285 111.296
176.917 -39.483 93.840
14.269 40.841 79.601
166.905 -0.528 101.824
-159.350 21.967 104.297
129.495 28.382 93.939
-124.617 48.368 93.000
-72.087 41.355 107.036
-74.015 40.700 110.652
0.057 50.782 78.429
-5.542 50.102 90.678
-71.327 41.505 112.494
-122.910 49.200 89.999
130.992 30.735 92.480
-1.440 55.007 81.100
-60.250 46.217 122.903
166.437 -22.292 102.692
-175.167 -21.133 99.169
-140.082 -8.930 100.070
11.950 78.933 52.195
141.717 39.067 82.606
141.750 39.017 82.533
139.383 34.783 91.783
17.097 57.366 62.906
138.217 34.617 84.098
140.900 36.933 81.732
135.433 34.650 82.039
16.478 57.275 63.759
10.734 59.909 52.270
25.418 65.040 -0.753
130.217 32.983 87.701
136.217 34.067 83.965
-170.683 -14.283 108.247
-81.167 -5.083 88.113
-149.567 -17.525 88.681
-123.451 48.654 92.255
100.347 5.422 88.204
-158.053 -8.977 95.196
-87.213 30.403 100.689
-75.142 39.933 118.119
22.690 63.709 2.237
158.243 6.987 105.102
-123.253 49.337 92.299
-25.672 37.735 102.888
-123.440 48.125 92.349
-59.133 47.567 123.834
-1.062 45.569 85.753
25.630 -33.960 100.914
118.575 -20.318 99.476
150.912 -34.473 100.860
57.495 -20.155 110.310
16.867 -29.250 98.561
-3.446 47.644 82.236
3.107 42.520 80.752
-127.489 50.722 74.351
-97.215 26.060 94.194
-70.247 43.657 110.043
141.600 -38.333 91.314
-5.120 54.843 80.371
-120.760 35.177 101.601
-1.112 50.803 81.363
-130.324 54.317 67.994
-71.401 41.807 107.815
-87.950 15.833 98.513
-15.417 28.133 96.183
-72.967 -41.483 49.170
-67.617 -54.933 33.934
-132.072 53.252 86.177
24.407 64.666 -0.308
-159.775 -21.207 88.559
20.895 63.986 -2.480
21.426 61.133 11.297
-75.573 39.558 121.733
-21.940 64.151 70.820
-134.953 -23.125 94.181
12.113 57.250 62.551
-97.047 28.022 96.383
63.418 -19.668 102.007
11.230 64.859 51.629
-3.966 48.718 86.977
150.790 -23.162 102.138
-17.750 28.683 101.172
-93.870 29.730 84.508
133.333 36.200 94.768
-2.246 47.140 84.404
-1.682 43.395 79.401
-2.028 48.641 86.011
-2.202 47.267 84.953
-66.063 45.251 105.725
145.742 15.227 93.131
133.250 35.550 79.731
17.950 -33.017 101.697
-95.203 16.160 97.728
-117.173 32.713 101.200
-80.108 -26.292 82.224
-122.465 37.807 95.258
-90.833 13.917 101.143
-66.117 18.460 98.126
-160.502 55.337 97.578
-74.009 40.467 110.832
-90.313 -0.755 99.918
-118.500 34.008 94.427
-122.339 47.603 92.062
104.115 1.932 90.146
-151.720 59.441 88.071
-149.427 60.120 87.377
-76.330 36.947 113.975
115.350 22.750 84.121
0.743 51.442 89.821
119.550 35.383 85.665
138.517 35.017 84.396
135.383 33.683 85.202
18.433 -34.183 99.215
14.358 55.557 81.878
-135.342 57.052 88.017
19.012 63.191 -0.938
-135.327 59.450 79.320
12.829 55.417 82.253
11.218 58.354 53.965
-76.452 38.317 114.991
-124.043 44.625 97.715
17.531 62.363 2.325
147.933 -42.550 94.054
-78.918 33.655 109.923
-82.627 27.760 102.666
-52.717 47.567 117.807
11.832 58.093 63.313
-123.181 49.125 93.070
-2.117 49.183 86.442
18.082 59.325 40.188
-6.389 58.207 85.101
134.900 34.350 83.813
178.427 -18.132 99.172
39.600 -69.000 69.614
134.050 34.350 82.606
-81.282 -4.582 87.872
103.853 1.262 90.482
135.183 34.333 84.172
174.033 -39.050 80.824
-5.600 36.000 75.672
176.183 -37.650 86.325
117.883 4.233 94.342
-16.240 28.480 101.657
133.640 -32.150 95.729
104.140 2.807 91.417
136.850 34.467 83.912
-6.064 56.623 78.209
-125.913 49.154 85.144
139.767 35.650 86.624
132.967 32.783 86.780
5.913 43.117 78.315
146.833 -19.250 91.984
137.217 36.767 84.522
7.567 58.000 77.319
13.750 45.650 71.741
151.850 7.450 101.149
-78.730 1.817 84.420
22.101 60.428 30.110
138.883 35.017 85.824
-5.158 57.895 79.049
-166.537 53.880 103.172
133.950 34.483 80.238
135.900 33.567 83.198
132.550 33.233 90.998
21.571 63.081 -1.942
-146.362 61.125 82.451
-0.330 39.460 81.448
-71.633 -33.033 67.146
-123.110 49.287 93.185
12.217 57.100 67.394
31.100 70.333 69.844
12.426 45.419 72.491
-123.370 48.422 91.124
12.579 56.142 73.657
18.284 57.639 69.278
135.150 34.217 84.504
166.617 19.283 96.843
141.683 45.400 88.034
14.500 -22.950 103.012
-77.022 38.873 110.446
174.783 -41.283 83.982
-2.448 50.608 83.486
-0.614 54.490 85.141
-3.086 58.441 84.280
-123.965 46.708 96.586
-73.782 40.793 111.494
-77.953 34.227 106.979
18.419 54.797 68.427
-62.700 45.683 116.977
-70.672 41.523 107.595
-3.568 54.651 78.485
128.102 -15.453 93.536
118.067 24.450 85.618
-139.733 59.548 81.431
138.128 9.508 95.218
-66.117 43.833 110.744
139.633 35.467 87.964
13.817 55.417 80.018
39.190 -6.155 96.548
111.833 21.583 85.629
