144.283 44.017 58.222
-2.075 57.143 60.833
131.417 31.583 65.754
-89.833 13.583 72.529
-99.912 16.840 65.258
-176.632 51.863 68.875
-122.298 37.772 62.620
-126.931 50.587 41.056
-5.433 36.117 48.542
-149.890 61.238 54.589
-76.482 38.983 83.997
-70.400 -23.650 58.557
-53.983 47.300 73.644
-13.530 28.972 71.417
-123.767 46.208 62.520
-74.418 39.355 87.153
-2.715 51.511 57.198
141.500 38.300 59.784
-79.573 8.962 68.683
-76.578 39.267 83.020
-90.285 -0.437 70.319
-125.136 48.836 57.465
2.163 41.342 60.138
-68.205 44.392 74.409
12.903 55.756 59.996
-1.515 43.527 53.834
109.083 21.483 63.160
-128.143 52.163 35.157
-64.700 32.400 80.085
-3.050 43.357 59.735
-6.340 36.800 56.449
141.917 -10.600 71.466
-71.052 42.355 79.611
1.578 50.727 64.331
-4.500 48.383 62.756
-73.182 41.173 80.550
153.167 -27.367 76.961
122.217 -18.000 73.652
-77.100 3.900 63.470
-58.500 -34.667 53.725
152.380 -24.767 78.127
145.915 -41.050 70.970
-109.908 22.880 74.665
-6.283 36.533 57.489
1.868 50.969 58.706
-77.150 -12.050 65.843
-76.068 38.573 84.785
-125.247 50.042 51.715
-47.925 -25.017 60.787
147.058 -19.277 67.566
18.433 -33.900 74.852
-74.960 38.968 82.510
113.652 -24.898 72.154
-75.533 10.383 71.418
-9.417 38.692 59.991
15.094 37.498 57.078
103.187 5.265 69.067
-5.317 35.900 51.417
91.050 22.217 57.163
-124.322 43.345 66.251
-79.925 32.782 78.590
-64.920 18.335 68.113
-63.117 46.233 80.468
-1.635 49.651 56.950
-76.113 36.967 85.933
142.200 27.100 77.461
140.867 35.750 64.595
-157.472 1.982 74.163
-94.200 58.783 -10.375
96.883 -12.117 81.920
-1.890 47.277 61.229
-145.753 60.558 48.483
-97.217 27.580 63.758
91.833 21.450 55.701
-124.183 41.745 65.005
-79.915 9.355 70.522
1.302 52.934 65.178
8.717 53.867 61.773
130.850 -12.467 73.928
20.385 60.032 8.601
6.933 53.326 65.392
4.746 52.965 60.227
-4.185 50.368 65.052
1.085 49.929 72.207
-2.088 47.306 59.899
108.617 19.100 68.941
1.318 51.117 65.766
-75.740 36.183 87.335
2.367 51.048 61.442
31.050 -29.867 69.580
27.917 -33.017 77.691
-109.448 -27.150 58.299
-66.985 44.903 74.929
162.387 11.430 83.869
-116.633 31.850 75.879
8.433 55.467 62.556
-79.647 0.992 61.528
121.900 -33.867 69.100
-64.267 -65.250 15.029
1.348 51.957 67.612
-81.467 30.672 78.419
-4.983 52.014 58.913
18.211 60.409 1.676
151.233 -33.850 74.535
-80.902 32.033 78.377
-95.308 28.948 68.046
115.717 -32.050 69.777
-166.288 23.868 77.551
139.933 40.650 64.041
128.850 32.700 75.459
-123.451 48.769 58.496
179.195 -8.525 79.020
-16.907 32.640 79.305
21.231 64.916 -24.305
-94.793 29.310 64.463
73.152 -0.687 82.675
11.933 54.567 59.135
102.107 6.227 63.663
-5.350 36.117 53.750
-3.018 53.450 48.608
11.791 57.685 40.956
-89.957 29.263 51.563
144.650 13.433 75.299
-110.900 27.933 65.381
141.533 40.533 72.071
110.283 20.017 62.371
140.717 41.783 62.778
-63.583 44.667 81.079
132.067 34.900 58.585
27.179 60.563 34.505
145.567 43.283 70.935
22.977 59.823 30.957
1.284 51.947 69.630
9.101 63.425 28.886
24.956 60.154 35.186
-2.920 54.032 46.917
115.738 -31.825 69.538
-155.067 19.733 74.839
-3.134 51.215 60.718
89.467 21.783 58.412
147.330 -42.887 69.359
4.120 51.977 60.189
-4.631 53.308 57.263
114.217 22.300 63.243
159.957 -9.425 83.609
25.973 70.980 44.111
-157.867 21.307 79.673
12.467 56.100 55.424
131.683 32.417 64.982
-124.217 40.767 66.918
-4.111 51.211 61.520
-43.165 -22.897 62.898
-0.186 53.631 62.413
124.167 24.333 68.747
-169.530 16.738 73.021
103.792 1.462 67.333
-78.833 -33.622 70.067
-134.412 58.298 43.086
130.567 31.583 65.114
-156.467 20.900 79.123
23.096 65.697 -19.549
121.282 28.088 58.859
-171.718 -2.810 74.117
120.288 22.615 68.954
154.777 1.098 77.106
21.215 62.344 -19.459
139.750 35.517 71.356
121.745 25.157 64.079
101.358 3.050 64.382
102.153 2.215 72.924
24.515 65.673 -22.396
70.220 -49.345 95.813
-131.625 55.333 49.754
-81.808 24.553 75.503
-5.050 58.457 50.928
12.894 55.522 63.925
23.033 -34.050 69.759
99.817 11.795 64.076
98.425 7.832 75.318
135.183 34.683 59.344
133.567 33.500 58.577
-152.512 57.732 62.327
134.583 34.017 60.280
116.067 5.983 67.611
103.430 3.975 70.021
130.200 32.600 70.414
103.443 1.325 68.479
15.589 56.105 55.639
11.127 58.997 30.785
135.767 33.483 62.168
144.367 42.983 57.696
167.733 8.733 82.828
-8.400 43.367 66.477
-117.257 32.867 70.134
-80.917 -2.200 67.359
-110.345 24.162 74.759
-1.221 46.158 55.795
-87.817 13.333 74.170
17.865 58.742 33.831
99.765 6.432 73.021
177.433 -17.600 73.214
-4.781 48.359 65.764
0.106 49.482 53.771
-1.765 47.205 58.070
123.750 13.150 74.224
-3.182 55.990 56.456
-1.140 60.155 60.930
-1.794 46.497 59.217
-75.120 38.782 80.716
119.417 34.750 64.708
-64.753 17.697 65.820
10.299 43.546 53.362
-3.825 53.332 48.891
-80.717 -6.933 62.964
159.067 -31.517 74.621
-118.272 33.720 64.952
-64.883 47.083 101.989
1.751 52.473 63.262
15.150 -26.650 80.081
100.613 4.240 64.468
121.617 32.133 60.789
5.113 61.934 47.168
-67.047 17.972 68.860
137.617 34.683 55.254
135.383 35.467 72.625
171.373 7.107 79.634
130.300 31.267 64.144
-4.417 36.717 56.601
134.463 7.330 79.311
73.527 4.190 79.504
-7.333 55.367 54.992
120.967 14.583 66.064
21.463 61.594 -8.260
174.500 -35.833 71.923
16.837 58.554 36.634
173.200 52.833 75.294
-72.117 -17.000 66.569
132.717 33.867 68.406
-81.432 30.395 79.552
-106.422 23.198 68.860
139.817 34.917 66.040
15.563 38.196 59.858
-177.367 28.217 75.175
-5.014 51.702 61.358
-4.906 55.750 47.423
50.600 26.233 52.041
130.450 32.617 69.413
139.482 34.067 65.360
141.983 39.650 77.094
-157.800 21.433 80.593
7.421 43.729 53.799
-71.960 41.048 79.721
-121.888 36.605 69.879
22.133 -34.183 74.421
134.167 33.267 58.408
129.867 32.733 71.780
136.883 35.083 57.590
127.667 26.200 73.974
129.842 29.842 71.064
-1.634 47.194 60.406
-70.097 41.285 79.577
176.917 -39.483 77.889
14.269 40.841 58.769
166.905 -0.528 73.801
-159.350 21.967 74.041
129.495 28.382 74.393
-124.617 48.368 58.566
-72.087 41.355 77.161
-74.015 40.700 79.187
0.057 50.782 54.426
-5.542 50.102 64.112
-71.327 41.505 81.243
-122.910 49.200 55.391
130.992 30.735 72.224
-1.440 55.007 56.486
-60.250 46.217 91.275
166.437 -22.292 78.494
-175.167 -21.133 76.673
-140.082 -8.930 74.482
11.950 78.933 16.656
141.717 39.067 60.760
141.750 39.017 60.455
139.383 34.783 70.989
17.097 57.366 45.265
138.217 34.617 59.956
140.900 36.933 59.795
135.433 34.650 58.878
16.478 57.275 44.914
10.734 59.909 29.690
25.418 65.040 -19.422
130.217 32.983 67.074
136.217 34.067 60.843
-170.683 -14.283 83.574
-81.167 -5.083 64.906
-149.567 -17.525 64.036
-123.451 48.654 58.605
100.347 5.422 64.420
-158.053 -8.977 67.412
-87.213 30.403 69.652
-75.142 39.933 87.821
22.690 63.709 -16.850
158.243 6.987 77.753
-123.253 49.337 58.252
-25.672 37.735 75.872
-123.440 48.125 58.041
-59.133 47.567 94.016
-1.062 45.569 60.099
25.630 -33.960 75.690
118.575 -20.318 72.663
150.912 -34.473 77.605
57.495 -20.155 82.448
16.867 -29.250 74.553
-3.446 47.644 56.099
3.107 42.520 57.375
-127.489 50.722 40.741
-97.215 26.060 63.549
-70.247 43.657 78.395
141.600 -38.333 66.226
-5.120 54.843 53.728
-120.760 35.177 68.830
-1.112 50.803 56.894
-130.324 54.317 34.311
-71.401 41.807 76.473
-87.950 15.833 72.738
-15.417 28.133 70.802
-72.967 -41.483 42.837
-67.617 -54.933 45.178
-132.072 53.252 52.270
24.407 64.666 -19.635
-159.775 -21.207 64.817
20.895 63.986 -21.971
21.426 61.133 -7.903
-75.573 39.558 90.249
-21.940 64.151 37.436
-134.953 -23.125 73.446
12.113 57.250 40.398
-97.047 28.022 65.965
63.418 -19.668 72.233
11.230 64.859 28.256
-3.966 48.718 60.790
150.790 -23.162 76.515
-17.750 28.683 76.005
-93.870 29.730 50.931
133.333 36.200 74.868
-2.246 47.140 58.586
-1.682 43.395 55.334
-2.028 48.641 60.553
-2.202 47.267 58.967
-66.063 45.251 77.442
145.742 15.227 65.796
133.250 35.550 59.355
17.950 -33.017 78.244
-95.203 16.160 68.552
-117.173 32.713 69.073
-80.108 -26.292 65.608
-122.465 37.807 62.000
-90.833 13.917 73.300
-66.117 18.460 68.773
-160.502 55.337 66.701
-74.009 40.467 79.231
-90.313 -0.755 75.748
-118.500 34.008 62.393
-122.339 47.603 58.075
104.115 1.932 65.638
-151.720 59.441 55.577
-149.427 60.120 54.693
-76.330 36.947 84.022
115.350 22.750 62.991
0.743 51.442 66.089
119.550 35.383 66.474
138.517 35.017 60.836
135.383 33.683 63.249
18.433 -34.183 76.246
14.358 55.557 62.383
-135.342 57.052 53.955
19.012 63.191 -21.444
-135.327 59.450 44.463
12.829 55.417 61.670
11.218 58.354 31.517
-76.452 38.317 85.628
-124.043 44.625 63.717
17.531 62.363 -18.126
147.933 -42.550 74.064
-78.918 33.655 79.806
-82.627 27.760 72.023
-52.717 47.567 84.865
11.832 58.093 40.768
-123.181 49.125 58.633
-2.117 49.183 61.587
18.082 59.325 19.092
-6.389 58.207 58.078
134.900 34.350 60.667
178.427 -18.132 75.473
39.600 -69.000 62.185
134.050 34.350 59.182
-81.282 -4.582 64.787
103.853 1.262 65.737
135.183 34.333 61.608
174.033 -39.050 62.560
-5.600 36.000 50.603
176.183 -37.650 70.091
117.883 4.233 71.636
-16.240 28.480 77.101
133.640 -32.150 68.986
104.140 2.807 67.630
136.850 34.467 60.795
-6.064 56.623 52.436
-125.913 49.154 50.900
139.767 35.650 63.918
132.967 32.783 62.480
5.913 43.117 54.508
146.833 -19.250 67.196
137.217 36.767 63.787
7.567 58.000 55.066
13.750 45.650 48.010
151.850 7.450 74.657
-78.730 1.817 60.196
22.101 60.428 12.293
138.883 35.017 62.251
-5.158 57.895 53.056
-166.537 53.880 71.298
133.950 34.483 59.886
135.900 33.567 60.441
132.550 33.233 68.525
21.571 63.081 -21.455
-146.362 61.125 49.562
-0.330 39.460 57.875
-71.633 -33.033 56.258
-123.110 49.287 58.490
12.217 57.100 45.267
31.100 70.333 49.575
12.426 45.419 48.455
-123.370 48.422 57.354
12.579 56.142 53.285
18.284 57.639 51.045
135.150 34.217 61.855
166.617 19.283 68.933
141.683 45.400 67.601
14.500 -22.950 79.426
-77.022 38.873 80.568
174.783 -41.283 67.769
-2.448 50.608 58.805
-0.614 54.490 60.233
-3.086 58.441 59.817
-123.965 46.708 62.465
-73.782 40.793 80.133
-77.953 34.227 77.883
18.419 54.797 49.986
-62.700 45.683 87.119
-70.672 41.523 76.115
-3.568 54.651 51.893
128.102 -15.453 68.561
118.067 24.450 64.026
-139.733 59.548 47.470
138.128 9.508 68.781
-66.117 43.833 79.623
139.633 35.467 65.189
13.817 55.417 60.414
39.190 -6.155 72.371
111.833 21.583 64.875
