144.283 44.017 74.489
-2.075 57.143 77.700
131.417 31.583 81.655
-89.833 13.583 90.284
-99.912 16.840 84.034
-176.632 51.863 87.126
-122.298 37.772 82.050
-126.931 50.587 60.154
-5.433 36.117 64.738
-149.890 61.238 72.666
-76.482 38.983 103.011
-70.400 -23.650 70.934
-53.983 47.300 92.394
-13.530 28.972 88.308
-123.767 46.208 82.014
-74.418 39.355 106.115
-2.715 51.511 73.580
141.500 38.300 75.683
-79.573 8.962 86.347
-76.578 39.267 102.072
-90.285 -0.437 87.405
-125.136 48.836 76.610
2.163 41.342 76.021
-68.205 44.392 93.216
12.903 55.756 74.758
-1.515 43.527 69.888
109.083 21.483 77.736
-128.143 52.163 54.134
-64.700 32.400 100.091
-3.050 43.357 75.889
-6.340 36.800 72.693
141.917 -10.600 89.400
-71.052 42.355 99.614
1.578 50.727 80.190
-4.500 48.383 79.414
-73.182 41.173 99.683
153.167 -27.367 94.259
122.217 -18.000 92.280
-77.100 3.900 79.778
-58.500 -34.667 63.848
152.380 -24.767 94.646
145.915 -41.050 87.560
-109.908 22.880 93.657
-6.283 36.533 74.163
1.868 50.969 74.513
-77.150 -12.050 79.950
-76.068 38.573 104.434
-125.247 50.042 71.043
-47.925 -25.017 73.796
147.058 -19.277 84.943
18.433 -33.900 91.109
-74.960 38.968 101.596
113.652 -24.898 90.842
-75.533 10.383 87.945
-9.417 38.692 76.890
15.094 37.498 72.184
103.187 5.265 85.650
-5.317 35.900 67.518
91.050 22.217 71.504
-124.322 43.345 85.601
-79.925 32.782 98.050
-64.920 18.335 86.768
-63.117 46.233 99.434
-1.635 49.651 73.217
-76.113 36.967 104.950
142.200 27.100 93.904
140.867 35.750 81.200
-157.472 1.982 92.846
-94.200 58.783 13.871
96.883 -12.117 100.584
-1.890 47.277 77.616
-145.753 60.558 67.337
-97.217 27.580 82.295
91.833 21.450 69.885
-124.183 41.745 84.819
-79.915 9.355 88.112
1.302 52.934 81.484
8.717 53.867 77.286
130.850 -12.467 91.924
20.385 60.032 23.711
6.933 53.326 80.529
4.746 52.965 76.046
-4.185 50.368 81.736
1.085 49.929 88.427
-2.088 47.306 76.025
108.617 19.100 84.577
1.318 51.117 81.528
-75.740 36.183 106.345
2.367 51.048 77.398
31.050 -29.867 86.527
27.917 -33.017 95.102
-109.448 -27.150 70.474
-66.985 44.903 93.775
162.387 11.430 103.186
-116.633 31.850 94.880
8.433 55.467 78.670
-79.647 0.992 78.055
121.900 -33.867 87.317
-64.267 -65.250 -0.115
1.348 51.957 83.315
-81.467 30.672 97.119
-4.983 52.014 75.541
18.211 60.409 16.936
151.233 -33.850 90.858
-80.902 32.033 98.327
-95.308 28.948 87.373
115.717 -32.050 88.589
-166.288 23.868 96.210
139.933 40.650 79.617
128.850 32.700 91.923
-123.451 48.769 77.838
179.195 -8.525 96.759
-16.907 32.640 96.707
21.231 64.916 -9.560
-94.793 29.310 82.877
73.152 -0.687 99.970
11.933 54.567 73.956
102.107 6.227 80.216
-5.350 36.117 69.951
-3.018 53.450 64.904
11.791 57.685 56.516
-89.957 29.263 69.602
144.650 13.433 93.497
-110.900 27.933 85.407
141.533 40.533 88.448
110.283 20.017 77.721
140.717 41.783 78.425
-63.583 44.667 100.285
132.067 34.900 73.998
27.179 60.563 48.251
145.567 43.283 88.390
22.977 59.823 45.505
1.284 51.947 86.048
9.101 63.425 44.786
24.956 60.154 50.078
-2.920 54.032 63.223
115.738 -31.825 88.011
-155.067 19.733 94.933
-3.134 51.215 76.909
89.467 21.783 73.079
147.330 -42.887 85.596
4.120 51.977 75.932
-4.631 53.308 73.656
114.217 22.300 78.693
159.957 -9.425 100.718
25.973 70.980 60.122
-157.867 21.307 99.086
12.467 56.100 70.713
131.683 32.417 81.190
-124.217 40.767 86.625
-4.111 51.211 77.862
-43.165 -22.897 76.868
-0.186 53.631 78.415
124.167 24.333 84.503
-169.530 16.738 92.179
103.792 1.462 84.523
-78.833 -33.622 80.917
-134.412 58.298 62.156
130.567 31.583 81.054
-156.467 20.900 99.002
23.096 65.697 -5.163
121.282 28.088 73.806
-171.718 -2.810 92.564
120.288 22.615 84.975
154.777 1.098 94.490
21.215 62.344 -4.102
139.750 35.517 86.715
121.745 25.157 79.828
101.358 3.050 80.867
102.153 2.215 89.458
24.515 65.673 -7.306
70.220 -49.345 112.658
-131.625 55.333 68.752
-81.808 24.553 94.687
-5.050 58.457 67.434
12.894 55.522 79.549
23.033 -34.050 87.316
99.817 11.795 79.842
98.425 7.832 92.293
135.183 34.683 75.370
133.567 33.500 74.636
-152.512 57.732 80.993
134.583 34.017 76.100
116.067 5.983 84.256
103.430 3.975 86.599
130.200 32.600 86.034
103.443 1.325 85.753
15.589 56.105 71.185
11.127 58.997 46.218
135.767 33.483 78.043
144.367 42.983 73.698
167.733 8.733 100.275
-8.400 43.367 83.102
-117.257 32.867 88.976
-80.917 -2.200 83.295
-110.345 24.162 93.028
-1.221 46.158 72.107
-87.817 13.333 91.323
17.865 58.742 47.921
99.765 6.432 89.725
177.433 -17.600 91.018
-4.781 48.359 82.381
0.106 49.482 69.652
-1.765 47.205 74.466
123.750 13.150 90.554
-3.182 55.990 72.666
-1.140 60.155 77.135
-1.794 46.497 75.375
-75.120 38.782 100.284
119.417 34.750 79.263
-64.753 17.697 84.339
10.299 43.546 68.737
-3.825 53.332 65.320
-80.717 -6.933 78.873
159.067 -31.517 91.467
-118.272 33.720 84.444
-64.883 47.083 120.233
1.751 52.473 78.775
15.150 -26.650 97.488
100.613 4.240 80.753
121.617 32.133 75.554
5.113 61.934 63.293
-67.047 17.972 87.061
137.617 34.683 70.889
135.383 35.467 87.772
171.373 7.107 97.353
130.300 31.267 79.810
-4.417 36.717 72.583
134.463 7.330 96.494
73.527 4.190 96.399
-7.333 55.367 72.113
120.967 14.583 82.361
21.463 61.594 6.697
174.500 -35.833 87.577
16.837 58.554 52.505
173.200 52.833 93.647
-72.117 -17.000 80.414
132.717 33.867 84.061
-81.432 30.395 98.418
-106.422 23.198 88.308
139.817 34.917 82.231
15.563 38.196 75.049
-177.367 28.217 93.861
-5.014 51.702 78.248
-4.906 55.750 64.024
50.600 26.233 65.598
130.450 32.617 85.810
139.482 34.067 81.256
141.983 39.650 93.459
-157.800 21.433 99.943
7.421 43.729 69.050
-71.960 41.048 98.364
-121.888 36.605 89.783
22.133 -34.183 90.781
134.167 33.267 74.602
129.867 32.733 87.724
136.883 35.083 73.688
127.667 26.200 89.561
129.842 29.842 86.529
-1.634 47.194 76.706
-70.097 41.285 98.682
176.917 -39.483 92.080
14.269 40.841 73.402
166.905 -0.528 92.088
-159.350 21.967 93.301
129.495 28.382 89.630
-124.617 48.368 77.738
-72.087 41.355 96.707
-74.015 40.700 98.065
0.057 50.782 70.462
-5.542 50.102 80.905
-71.327 41.505 99.847
-122.910 49.200 74.842
130.992 30.735 87.737
-1.440 55.007 72.475
-60.250 46.217 110.549
166.437 -22.292 96.068
-175.167 -21.133 94.599
-140.082 -8.930 91.357
11.950 78.933 34.797
141.717 39.067 76.626
141.750 39.017 76.614
139.383 34.783 86.145
17.097 57.366 59.650
138.217 34.617 76.179
140.900 36.933 76.318
135.433 34.650 74.554
16.478 57.275 59.685
10.734 59.909 44.764
25.418 65.040 -4.268
130.217 32.983 82.787
136.217 34.067 76.807
-170.683 -14.283 100.117
-81.167 -5.083 80.799
-149.567 -17.525 79.970
-123.451 48.654 77.638
100.347 5.422 80.874
-158.053 -8.977 85.317
-87.213 30.403 88.567
-75.142 39.933 106.582
22.690 63.709 -1.922
158.243 6.987 94.791
-123.253 49.337 77.546
-25.672 37.735 94.276
-123.440 48.125 77.464
-59.133 47.567 110.636
-1.062 45.569 76.427
25.630 -33.960 93.085
118.575 -20.318 90.736
150.912 -34.473 94.256
57.495 -20.155 102.340
16.867 -29.250 91.569
-3.446 47.644 72.441
3.107 42.520 72.985
-127.489 50.722 59.635
-97.215 26.060 82.874
-70.247 43.657 97.420
141.600 -38.333 83.032
-5.120 54.843 70.062
-120.760 35.177 88.334
-1.112 50.803 73.098
-130.324 54.317 53.236
-71.401 41.807 95.744
-87.950 15.833 91.015
-15.417 28.133 88.632
-72.967 -41.483 49.304
-67.617 -54.933 43.432
-132.072 53.252 71.551
24.407 64.666 -4.367
-159.775 -21.207 80.859
20.895 63.986 -7.187
21.426 61.133 7.305
-75.573 39.558 109.302
-21.940 64.151 56.704
-134.953 -23.125 88.706
12.113 57.250 55.643
-97.047 28.022 84.666
63.418 -19.668 91.299
11.230 64.859 43.809
-3.966 48.718 77.468
150.790 -23.162 94.002
-17.750 28.683 93.609
-93.870 29.730 71.007
133.333 36.200 90.404
-2.246 47.140 74.575
-1.682 43.395 71.001
-2.028 48.641 76.799
-2.202 47.267 75.251
-66.063 45.251 95.120
145.742 15.227 83.188
133.250 35.550 74.822
17.950 -33.017 95.205
-95.203 16.160 86.532
-117.173 32.713 88.112
-80.108 -26.292 78.184
-122.465 37.807 81.974
-90.833 13.917 91.501
-66.117 18.460 87.524
-160.502 55.337 85.409
-74.009 40.467 98.413
-90.313 -0.755 92.915
-118.500 34.008 82.001
-122.339 47.603 77.381
104.115 1.932 82.707
-151.720 59.441 74.004
-149.427 60.120 73.061
-76.330 36.947 102.833
115.350 22.750 78.092
0.743 51.442 82.260
119.550 35.383 81.090
138.517 35.017 76.783
135.383 33.683 78.846
18.433 -34.183 92.774
14.358 55.557 77.228
-135.342 57.052 72.951
19.012 63.191 -6.397
-135.327 59.450 63.423
12.829 55.417 76.702
11.218 58.354 47.566
-76.452 38.317 104.526
-124.043 44.625 82.923
17.531 62.363 -2.958
147.933 -42.550 89.512
-78.918 33.655 98.911
-82.627 27.760 91.225
-52.717 47.567 104.721
11.832 58.093 56.472
-123.181 49.125 77.987
-2.117 49.183 77.765
18.082 59.325 34.685
-6.389 58.207 74.877
134.900 34.350 76.758
178.427 -18.132 91.979
39.600 -69.000 70.495
134.050 34.350 75.345
-81.282 -4.582 80.404
103.853 1.262 83.029
135.183 34.333 77.455
174.033 -39.050 77.617
-5.600 36.000 66.743
176.183 -37.650 84.442
117.883 4.233 89.242
-16.240 28.480 94.751
133.640 -32.150 86.584
104.140 2.807 84.679
136.850 34.467 76.684
-6.064 56.623 68.820
-125.913 49.154 70.234
139.767 35.650 80.026
132.967 32.783 78.314
5.913 43.117 69.987
146.833 -19.250 84.474
137.217 36.767 79.762
7.567 58.000 70.554
13.750 45.650 63.010
151.850 7.450 92.234
-78.730 1.817 76.620
22.101 60.428 27.199
138.883 35.017 78.894
-5.158 57.895 69.324
-166.537 53.880 90.094
133.950 34.483 75.096
135.900 33.567 75.775
132.550 33.233 83.961
21.571 63.081 -6.708
-146.362 61.125 68.447
-0.330 39.460 73.806
-71.633 -33.033 65.981
-123.110 49.287 78.172
12.217 57.100 60.492
31.100 70.333 64.933
12.426 45.419 63.399
-123.370 48.422 76.325
12.579 56.142 67.991
18.284 57.639 65.419
135.150 34.217 77.678
166.617 19.283 87.225
141.683 45.400 83.143
14.500 -22.950 96.155
-77.022 38.873 99.445
174.783 -41.283 82.734
-2.448 50.608 75.017
-0.614 54.490 76.475
-3.086 58.441 76.115
-123.965 46.708 81.696
-73.782 40.793 98.783
-77.953 34.227 97.104
18.419 54.797 64.626
-62.700 45.683 105.667
-70.672 41.523 95.273
-3.568 54.651 68.695
128.102 -15.453 85.974
118.067 24.450 79.182
-139.733 59.548 66.654
138.128 9.508 86.177
-66.117 43.833 99.892
139.633 35.467 80.942
13.817 55.417 75.246
39.190 -6.155 88.928
111.833 21.583 79.937
