144.283 44.017 202.649
-2.075 57.143 209.242
131.417 31.583 207.250
-89.833 13.583 235.408
-99.912 16.840 232.020
-176.632 51.863 235.032
-122.298 37.772 237.555
-126.931 50.587 213.234
-5.433 36.117 194.135
-149.890 61.238 220.439
-76.482 38.983 254.545
-70.400 -23.650 168.535
-53.983 47.300 246.142
-13.530 28.972 224.282
-123.767 46.208 236.408
-74.418 39.355 258.264
-2.715 51.511 204.034
141.500 38.300 203.271
-79.573 8.962 226.505
-76.578 39.267 253.760
-90.285 -0.437 222.618
-125.136 48.836 230.664
2.163 41.342 202.413
-68.205 44.392 245.750
12.903 55.756 196.677
-1.515 43.527 197.518
109.083 21.483 197.879
-128.143 52.163 206.476
-64.700 32.400 257.119
-3.050 43.357 204.389
-6.340 36.800 203.968
141.917 -10.600 230.594
-71.052 42.355 251.514
1.578 50.727 206.922
-4.500 48.383 211.624
-73.182 41.173 252.573
153.167 -27.367 228.940
122.217 -18.000 236.026
-77.100 3.900 211.617
-58.500 -34.667 144.553
152.380 -24.767 230.653
145.915 -41.050 218.627
-109.908 22.880 247.364
-6.283 36.533 205.104
1.868 50.969 201.375
-77.150 -12.050 195.527
-76.068 38.573 257.451
-125.247 50.042 225.067
-47.925 -25.017 177.536
147.058 -19.277 222.372
18.433 -33.900 226.489
-74.960 38.968 254.854
113.652 -24.898 239.944
-75.533 10.383 227.986
-9.417 38.692 211.461
15.094 37.498 192.618
103.187 5.265 219.054
-5.317 35.900 196.440
91.050 22.217 187.775
-124.322 43.345 240.451
-79.925 32.782 250.516
-64.920 18.335 236.211
-63.117 46.233 251.743
-1.635 49.651 202.136
-76.113 36.967 258.577
142.200 27.100 228.280
140.867 35.750 209.387
-157.472 1.982 238.734
-94.200 58.783 155.090
96.883 -12.117 252.488
-1.890 47.277 207.830
-145.753 60.558 215.845
-97.217 27.580 233.034
91.833 21.450 186.164
-124.183 41.745 240.393
-79.915 9.355 228.435
1.302 52.934 209.953
8.717 53.867 201.784
130.850 -12.467 232.427
20.385 60.032 144.024
6.933 53.326 205.106
4.746 52.965 201.590
-4.185 50.368 214.286
1.085 49.929 214.710
-2.088 47.306 206.411
108.617 19.100 205.160
1.318 51.117 208.678
-75.740 36.183 259.891
2.367 51.048 203.829
31.050 -29.867 227.527
27.917 -33.017 233.170
-109.448 -27.150 166.698
-66.985 44.903 248.593
162.387 11.430 248.650
-116.633 31.850 250.814
8.433 55.467 204.466
-79.647 0.992 209.611
121.900 -33.867 233.124
-64.267 -65.250 -126.030
1.348 51.957 209.958
-81.467 30.672 249.922
-4.983 52.014 207.215
18.211 60.409 137.427
151.233 -33.850 223.141
-80.902 32.033 250.302
-95.308 28.948 237.687
115.717 -32.050 236.366
-166.288 23.868 250.847
139.933 40.650 206.425
128.850 32.700 214.344
-123.451 48.769 231.665
179.195 -8.525 240.344
-16.907 32.640 236.751
21.231 64.916 110.746
-94.793 29.310 232.953
73.152 -0.687 242.077
11.933 54.567 195.520
102.107 6.227 212.316
-5.350 36.117 199.289
-3.018 53.450 195.405
11.791 57.685 179.581
-89.957 29.263 220.110
144.650 13.433 233.173
-110.900 27.933 236.420
141.533 40.533 216.816
110.283 20.017 198.245
140.717 41.783 205.134
-63.583 44.667 254.658
132.067 34.900 197.808
27.179 60.563 165.226
145.567 43.283 216.764
22.977 59.823 164.093
1.284 51.947 212.527
9.101 63.425 171.035
24.956 60.154 166.836
-2.920 54.032 193.734
115.738 -31.825 235.930
-155.067 19.733 251.156
-3.134 51.215 207.238
89.467 21.783 189.103
147.330 -42.887 213.839
4.120 51.977 201.400
-4.631 53.308 205.655
114.217 22.300 201.419
159.957 -9.425 244.732
25.973 70.980 184.788
-157.867 21.307 255.436
12.467 56.100 193.288
131.683 32.417 206.798
-124.217 40.767 242.583
-4.111 51.211 210.254
-43.165 -22.897 186.079
-0.186 53.631 207.249
124.167 24.333 211.503
-169.530 16.738 243.939
103.792 1.462 221.661
-78.833 -33.622 158.178
-134.412 58.298 211.282
130.567 31.583 205.261
-156.467 20.900 254.792
23.096 65.697 115.411
121.282 28.088 193.606
-171.718 -2.810 237.283
120.288 22.615 209.832
154.777 1.098 238.463
21.215 62.344 116.396
139.750 35.517 215.330
121.745 25.157 202.625
101.358 3.050 214.581
102.153 2.215 222.700
24.515 65.673 113.442
70.220 -49.345 256.581
-131.625 55.333 220.154
-81.808 24.553 247.180
-5.050 58.457 201.634
12.894 55.522 201.160
23.033 -34.050 223.662
99.817 11.795 207.089
98.425 7.832 223.426
135.183 34.683 202.371
133.567 33.500 200.731
-152.512 57.732 231.525
134.583 34.017 202.383
116.067 5.983 217.610
103.430 3.975 220.346
130.200 32.600 210.192
103.443 1.325 222.092
15.589 56.105 192.629
11.127 58.997 170.921
135.767 33.483 205.085
144.367 42.983 203.226
167.733 8.733 247.240
-8.400 43.367 217.237
-117.257 32.867 244.338
-80.917 -2.200 210.901
-110.345 24.162 245.982
-1.221 46.158 200.689
-87.817 13.333 235.836
17.865 58.742 168.912
99.765 6.432 223.235
177.433 -17.600 229.286
-4.781 48.359 214.864
0.106 49.482 197.098
-1.765 47.205 204.399
123.750 13.150 221.282
-3.182 55.990 204.438
-1.140 60.155 209.875
-1.794 46.497 205.754
-75.120 38.782 253.311
119.417 34.750 195.376
-64.753 17.697 232.433
10.299 43.546 190.875
-3.825 53.332 195.725
-80.717 -6.933 202.069
159.067 -31.517 226.317
-118.272 33.720 239.710
-64.883 47.083 271.767
1.751 52.473 206.800
15.150 -26.650 231.705
100.613 4.240 215.016
121.617 32.133 193.146
5.113 61.934 193.392
-67.047 17.972 235.542
137.617 34.683 199.254
135.383 35.467 212.713
171.373 7.107 244.181
130.300 31.267 204.355
-4.417 36.717 200.963
134.463 7.330 236.104
73.527 4.190 233.289
-7.333 55.367 206.075
120.967 14.583 212.393
21.463 61.594 127.380
174.500 -35.833 209.927
16.837 58.554 171.648
173.200 52.833 238.292
-72.117 -17.000 188.449
132.717 33.867 209.813
-81.432 30.395 251.672
-106.422 23.198 239.132
139.817 34.917 211.436
15.563 38.196 195.245
-177.367 28.217 245.096
-5.014 51.702 211.408
-4.906 55.750 197.445
50.600 26.233 176.624
130.450 32.617 210.035
139.482 34.067 210.291
141.983 39.650 222.353
-157.800 21.433 254.405
7.421 43.729 191.926
-71.960 41.048 253.035
-121.888 36.605 246.320
22.133 -34.183 227.193
134.167 33.267 200.336
129.867 32.733 211.731
136.883 35.083 201.906
127.667 26.200 216.797
129.842 29.842 213.569
-1.634 47.194 206.745
-70.097 41.285 252.577
176.917 -39.483 207.160
14.269 40.841 193.913
166.905 -0.528 237.338
-159.350 21.967 248.518
129.495 28.382 215.912
-124.617 48.368 232.010
-72.087 41.355 250.262
-74.015 40.700 251.159
0.057 50.782 198.378
-5.542 50.102 214.470
-71.327 41.505 253.586
-122.910 49.200 228.780
130.992 30.735 213.961
-1.440 55.007 203.169
-60.250 46.217 263.491
166.437 -22.292 234.815
-175.167 -21.133 227.096
-140.082 -8.930 227.010
11.950 78.933 167.857
141.717 39.067 204.541
141.750 39.017 204.433
139.383 34.783 215.562
17.097 57.366 180.272
138.217 34.617 204.319
140.900 36.933 205.506
135.433 34.650 201.525
16.478 57.275 180.635
10.734 59.909 169.467
25.418 65.040 115.742
130.217 32.983 206.435
136.217 34.067 204.555
-170.683 -14.283 237.956
-81.167 -5.083 206.334
-149.567 -17.525 207.297
-123.451 48.654 231.768
100.347 5.422 215.078
-158.053 -8.977 224.276
-87.213 30.403 240.917
-75.142 39.933 258.108
22.690 63.709 117.363
158.243 6.987 240.557
-123.253 49.337 231.501
-25.672 37.735 241.943
-123.440 48.125 231.086
-59.133 47.567 265.564
-1.062 45.569 205.562
25.630 -33.960 230.307
118.575 -20.318 236.809
150.912 -34.473 226.964
57.495 -20.155 256.281
16.867 -29.250 226.817
-3.446 47.644 203.712
3.107 42.520 198.389
-127.489 50.722 212.660
-97.215 26.060 233.354
-70.247 43.657 251.110
141.600 -38.333 217.518
-5.120 54.843 202.286
-120.760 35.177 244.476
-1.112 50.803 202.613
-130.324 54.317 204.680
-71.401 41.807 249.526
-87.950 15.833 236.948
-15.417 28.133 226.904
-72.967 -41.483 99.734
-67.617 -54.933 30.430
-132.072 53.252 224.773
24.407 64.666 114.992
-159.775 -21.207 207.759
20.895 63.986 113.589
21.426 61.133 127.536
-75.573 39.558 261.495
-21.940 64.151 195.940
-134.953 -23.125 200.972
12.113 57.250 179.076
-97.047 28.022 234.948
63.418 -19.668 246.232
11.230 64.859 169.504
-3.966 48.718 209.949
150.790 -23.162 230.132
-17.750 28.683 234.402
-93.870 29.730 220.360
133.333 36.200 214.941
-2.246 47.140 204.947
-1.682 43.395 199.039
-2.028 48.641 206.950
-2.202 47.267 205.372
-66.063 45.251 250.396
145.742 15.227 222.709
133.250 35.550 198.329
17.950 -33.017 229.523
-95.203 16.160 234.386
-117.173 32.713 243.734
-80.108 -26.292 172.851
-122.465 37.807 237.493
-90.833 13.917 237.350
-66.117 18.460 235.606
-160.502 55.337 236.106
-74.009 40.467 250.831
-90.313 -0.755 227.956
-118.500 34.008 237.287
-122.339 47.603 230.946
104.115 1.932 219.690
-151.720 59.441 221.584
-149.427 60.120 222.275
-76.330 36.947 256.550
115.350 22.750 199.788
0.743 51.442 209.003
119.550 35.383 197.297
138.517 35.017 205.109
135.383 33.683 205.543
18.433 -34.183 227.531
14.358 55.557 198.313
-135.342 57.052 224.964
19.012 63.191 114.683
-135.327 59.450 212.691
12.829 55.417 198.370
11.218 58.354 171.740
-76.452 38.317 257.298
-124.043 44.625 238.211
17.531 62.363 118.659
147.933 -42.550 218.657
-78.918 33.655 251.838
-82.627 27.760 244.392
-52.717 47.567 257.930
11.832 58.093 179.720
-123.181 49.125 232.103
-2.117 49.183 208.108
18.082 59.325 154.921
-6.389 58.207 210.189
134.900 34.350 202.931
178.427 -18.132 229.744
39.600 -69.000 138.643
134.050 34.350 201.201
-81.282 -4.582 206.957
103.853 1.262 220.394
135.183 34.333 204.156
174.033 -39.050 195.379
-5.600 36.000 195.906
176.183 -37.650 201.997
117.883 4.233 222.581
-16.240 28.480 234.227
133.640 -32.150 225.915
104.140 2.807 220.550
136.850 34.467 204.572
-6.064 56.623 203.129
-125.913 49.154 224.047
139.767 35.650 208.091
132.967 32.783 204.579
5.913 43.117 195.226
146.833 -19.250 221.955
137.217 36.767 205.461
7.567 58.000 197.707
13.750 45.650 182.543
151.850 7.450 234.685
-78.730 1.817 208.712
22.101 60.428 146.685
138.883 35.017 206.892
-5.158 57.895 203.514
-166.537 53.880 241.645
133.950 34.483 198.808
135.900 33.567 202.980
132.550 33.233 209.871
21.571 63.081 113.236
-146.362 61.125 216.414
-0.330 39.460 200.472
-71.633 -33.033 146.001
-123.110 49.287 232.161
12.217 57.100 184.371
31.100 70.333 187.169
12.426 45.419 183.186
-123.370 48.422 230.148
12.579 56.142 191.064
18.284 57.639 185.396
135.150 34.217 204.374
166.617 19.283 233.281
141.683 45.400 208.384
14.500 -22.950 231.137
-77.022 38.873 252.478
174.783 -41.283 195.366
-2.448 50.608 205.439
-0.614 54.490 205.995
-3.086 58.441 208.894
-123.965 46.708 236.260
-73.782 40.793 251.376
-77.953 34.227 250.460
18.419 54.797 181.105
-62.700 45.683 259.297
-70.672 41.523 249.858
-3.568 54.651 200.585
128.102 -15.453 225.969
118.067 24.450 202.297
-139.733 59.548 215.316
138.128 9.508 225.549
-66.117 43.833 254.589
139.633 35.467 209.849
13.817 55.417 195.839
39.190 -6.155 221.731
111.833 21.583 199.885
