144.283 44.017 42.131
-2.075 57.143 44.755
131.417 31.583 50.203
-89.833 13.583 53.745
-99.912 16.840 46.740
-176.632 51.863 50.120
-122.298 37.772 43.245
-126.931 50.587 21.723
-5.433 36.117 32.427
-149.890 61.238 36.078
-76.482 38.983 65.258
-70.400 -23.650 46.130
-53.983 47.300 54.179
-13.530 28.972 54.400
-123.767 46.208 43.385
-74.418 39.355 68.252
-2.715 51.511 40.790
141.500 38.300 43.463
-79.573 8.962 50.897
-76.578 39.267 64.350
-90.285 -0.437 53.513
-125.136 48.836 38.236
2.163 41.342 44.805
-68.205 44.392 54.078
12.903 55.756 44.632
-1.515 43.527 37.932
109.083 21.483 47.762
-128.143 52.163 16.104
-64.700 32.400 60.263
-3.050 43.357 43.557
-6.340 36.800 39.882
141.917 -10.600 53.835
-71.052 42.355 60.701
1.578 50.727 48.794
-4.500 48.383 46.276
-73.182 41.173 61.401
153.167 -27.367 60.185
122.217 -18.000 55.968
-77.100 3.900 46.707
-58.500 -34.667 43.657
152.380 -24.767 60.699
145.915 -41.050 54.293
-109.908 22.880 55.125
-6.283 36.533 41.150
1.868 50.969 42.520
-77.150 -12.050 50.634
-76.068 38.573 66.294
-125.247 50.042 32.541
-47.925 -25.017 47.859
147.058 -19.277 50.422
18.433 -33.900 57.691
-74.960 38.968 63.477
113.652 -24.898 53.353
-75.533 10.383 53.374
-9.417 38.692 43.110
15.094 37.498 41.917
103.187 5.265 52.474
-5.317 35.900 35.355
91.050 22.217 42.714
-124.322 43.345 46.839
-79.925 32.782 60.058
-64.920 18.335 49.433
-63.117 46.233 61.535
-1.635 49.651 40.961
-76.113 36.967 66.981
142.200 27.100 60.273
140.867 35.750 48.599
-157.472 1.982 56.228
-94.200 58.783 -23.236
96.883 -12.117 62.947
-1.890 47.277 45.029
-145.753 60.558 30.186
-97.217 27.580 45.170
91.833 21.450 40.868
-124.183 41.745 45.607
-79.915 9.355 53.772
1.302 52.934 49.421
8.717 53.867 46.324
130.850 -12.467 56.267
20.385 60.032 -6.467
6.933 53.326 50.282
4.746 52.965 44.450
-4.185 50.368 48.465
1.085 49.929 56.133
-2.088 47.306 43.488
108.617 19.100 54.198
1.318 51.117 50.022
-75.740 36.183 68.177
2.367 51.048 45.629
31.050 -29.867 51.444
27.917 -33.017 61.141
-109.448 -27.150 46.466
-66.985 44.903 57.250
162.387 11.430 65.811
-116.633 31.850 56.201
8.433 55.467 46.789
-79.647 0.992 44.808
121.900 -33.867 50.914
-64.267 -65.250 31.933
1.348 51.957 51.557
-81.467 30.672 58.848
-4.983 52.014 42.488
18.211 60.409 -13.536
151.233 -33.850 57.729
-80.902 32.033 60.083
-95.308 28.948 49.204
115.717 -32.050 51.571
-166.288 23.868 58.579
139.933 40.650 47.711
128.850 32.700 60.426
-123.451 48.769 39.562
179.195 -8.525 61.064
-16.907 32.640 61.738
21.231 64.916 -39.833
-94.793 29.310 45.695
73.152 -0.687 63.172
11.933 54.567 43.819
102.107 6.227 46.908
-5.350 36.117 37.648
-3.018 53.450 31.988
11.791 57.685 25.217
-89.957 29.263 32.224
144.650 13.433 58.180
-110.900 27.933 47.208
141.533 40.533 56.004
110.283 20.017 47.617
140.717 41.783 46.583
-63.583 44.667 61.437
132.067 34.900 43.181
27.179 60.563 19.603
145.567 43.283 54.784
22.977 59.823 15.290
1.284 51.947 54.071
9.101 63.425 13.134
24.956 60.154 21.918
-2.920 54.032 30.519
115.738 -31.825 50.676
-155.067 19.733 56.391
-3.134 51.215 44.308
89.467 21.783 43.831
147.330 -42.887 53.194
4.120 51.977 44.469
-4.631 53.308 40.864
114.217 22.300 47.822
159.957 -9.425 64.711
25.973 70.980 28.045
-157.867 21.307 60.634
12.467 56.100 40.138
131.683 32.417 49.739
-124.217 40.767 47.648
-4.111 51.211 44.663
-43.165 -22.897 49.572
-0.186 53.631 46.640
124.167 24.333 53.110
-169.530 16.738 53.771
103.792 1.462 50.141
-78.833 -33.622 60.300
-134.412 58.298 24.679
130.567 31.583 49.984
-156.467 20.900 60.442
23.096 65.697 -34.284
121.282 28.088 43.876
-171.718 -2.810 56.300
120.288 22.615 53.765
154.777 1.098 58.952
21.215 62.344 -34.289
139.750 35.517 55.591
121.745 25.157 48.401
101.358 3.050 47.355
102.153 2.215 55.746
24.515 65.673 -37.601
70.220 -49.345 76.863
-131.625 55.333 31.118
-81.808 24.553 56.274
-5.050 58.457 33.846
12.894 55.522 48.786
23.033 -34.050 53.285
99.817 11.795 47.882
98.425 7.832 58.702
135.183 34.683 43.818
133.567 33.500 42.827
-152.512 57.732 43.273
134.583 34.017 44.295
116.067 5.983 50.864
103.430 3.975 53.302
130.200 32.600 55.013
103.443 1.325 51.699
15.589 56.105 41.862
11.127 58.997 15.483
135.767 33.483 46.516
144.367 42.983 41.311
167.733 8.733 63.638
-8.400 43.367 49.630
-117.257 32.867 50.198
-80.917 -2.200 51.720
-110.345 24.162 56.044
-1.221 46.158 39.582
-87.817 13.333 56.282
17.865 58.742 17.555
99.765 6.432 56.725
177.433 -17.600 56.136
-4.781 48.359 49.206
0.106 49.482 37.696
-1.765 47.205 41.850
123.750 13.150 57.036
-3.182 55.990 40.271
-1.140 60.155 43.740
-1.794 46.497 42.716
-75.120 38.782 61.650
119.417 34.750 50.635
-64.753 17.697 47.225
10.299 43.546 38.352
-3.825 53.332 32.457
-80.717 -6.933 47.665
159.067 -31.517 57.762
-118.272 33.720 45.802
-64.883 47.083 81.668
1.751 52.473 47.008
15.150 -26.650 63.873
100.613 4.240 47.358
121.617 32.133 46.033
5.113 61.934 31.121
-67.047 17.972 50.024
137.617 34.683 38.896
135.383 35.467 56.130
171.373 7.107 60.280
130.300 31.267 48.763
-4.417 36.717 40.460
134.463 7.330 61.975
73.527 4.190 62.568
-7.333 55.367 38.480
120.967 14.583 49.711
21.463 61.594 -23.351
174.500 -35.833 57.228
16.837 58.554 21.207
173.200 52.833 58.483
-72.117 -17.000 53.500
132.717 33.867 52.303
-81.432 30.395 61.314
-106.422 23.198 50.524
139.817 34.917 49.991
15.563 38.196 45.091
-177.367 28.217 56.208
-5.014 51.702 44.720
-4.906 55.750 30.668
50.600 26.233 38.126
130.450 32.617 54.688
139.482 34.067 49.167
141.983 39.650 61.860
-157.800 21.433 60.376
7.421 43.729 38.446
-71.960 41.048 59.724
-121.888 36.605 50.430
22.133 -34.183 56.991
134.167 33.267 42.872
129.867 32.733 56.458
136.883 35.083 41.705
127.667 26.200 57.432
129.842 29.842 55.581
-1.634 47.194 44.011
-70.097 41.285 59.870
176.917 -39.483 63.516
14.269 40.841 43.269
166.905 -0.528 55.392
-159.350 21.967 54.243
129.495 28.382 57.675
-124.617 48.368 39.185
-72.087 41.355 58.156
-74.015 40.700 60.451
0.057 50.782 38.449
-5.542 50.102 47.757
-71.327 41.505 61.564
-122.910 49.200 36.015
130.992 30.735 56.287
-1.440 55.007 39.872
-60.250 46.217 72.422
166.437 -22.292 62.058
-175.167 -21.133 60.156
-140.082 -8.930 57.292
11.950 78.933 2.490
141.717 39.067 44.488
141.750 39.017 44.267
139.383 34.783 53.472
17.097 57.366 29.999
138.217 34.617 44.118
140.900 36.933 43.735
135.433 34.650 42.961
16.478 57.275 29.827
10.734 59.909 13.921
25.418 65.040 -34.076
130.217 32.983 51.308
136.217 34.067 44.826
-170.683 -14.283 66.909
-81.167 -5.083 49.537
-149.567 -17.525 48.063
-123.451 48.654 39.400
100.347 5.422 47.437
-158.053 -8.977 49.854
-87.213 30.403 50.935
-75.142 39.933 69.065
22.690 63.709 -31.635
158.243 6.987 59.246
-123.253 49.337 39.151
-25.672 37.735 57.184
-123.440 48.125 38.982
-59.133 47.567 74.309
-1.062 45.569 44.103
25.630 -33.960 58.418
118.575 -20.318 53.719
150.912 -34.473 60.656
57.495 -20.155 64.761
16.867 -29.250 58.162
-3.446 47.644 39.647
3.107 42.520 41.807
-127.489 50.722 21.399
-97.215 26.060 44.158
-70.247 43.657 59.812
141.600 -38.333 49.328
-5.120 54.843 36.940
-120.760 35.177 49.675
-1.112 50.803 40.344
-130.324 54.317 15.161
-71.401 41.807 57.450
-87.950 15.833 54.141
-15.417 28.133 54.106
-72.967 -41.483 36.693
-67.617 -54.933 46.480
-132.072 53.252 33.270
24.407 64.666 -33.843
-159.775 -21.207 48.975
20.895 63.986 -37.155
21.426 61.133 -22.923
-75.573 39.558 72.647
-21.940 64.151 20.520
-134.953 -23.125 59.289
12.113 57.250 24.563
-97.047 28.022 47.166
63.418 -19.668 52.953
11.230 64.859 12.593
-3.966 48.718 44.280
150.790 -23.162 59.549
-17.750 28.683 58.833
-93.870 29.730 33.774
133.333 36.200 59.869
-2.246 47.140 42.182
-1.682 43.395 39.257
-2.028 48.641 43.994
-2.202 47.267 42.807
-66.063 45.251 57.095
145.742 15.227 48.093
133.250 35.550 43.909
17.950 -33.017 60.974
-95.203 16.160 49.698
-117.173 32.713 49.861
-80.108 -26.292 53.698
-122.465 37.807 42.651
-90.833 13.917 55.041
-66.117 18.460 50.388
-160.502 55.337 47.388
-74.009 40.467 60.396
-90.313 -0.755 59.190
-118.500 34.008 43.117
-122.339 47.603 38.846
104.115 1.932 48.354
-151.720 59.441 36.600
-149.427 60.120 36.119
-76.330 36.947 64.856
115.350 22.750 47.772
0.743 51.442 50.480
119.550 35.383 52.793
138.517 35.017 44.912
135.383 33.683 47.293
18.433 -34.183 59.074
14.358 55.557 46.371
-135.342 57.052 34.808
19.012 63.191 -36.584
-135.327 59.450 25.916
12.829 55.417 46.136
11.218 58.354 16.427
-76.452 38.317 66.438
-124.043 44.625 44.452
17.531 62.363 -33.139
147.933 -42.550 57.873
-78.918 33.655 60.237
-82.627 27.760 53.098
-52.717 47.567 65.846
11.832 58.093 25.551
-123.181 49.125 39.522
-2.117 49.183 44.893
18.082 59.325 4.468
-6.389 58.207 41.109
134.900 34.350 45.130
178.427 -18.132 57.338
39.600 -69.000 53.915
134.050 34.350 43.400
-81.282 -4.582 48.764
103.853 1.262 48.618
135.183 34.333 46.054
174.033 -39.050 47.959
-5.600 36.000 34.257
176.183 -37.650 54.799
117.883 4.233 55.590
-16.240 28.480 60.716
133.640 -32.150 51.849
104.140 2.807 50.384
136.850 34.467 44.850
-6.064 56.623 34.831
-125.913 49.154 31.681
139.767 35.650 47.885
132.967 32.783 46.720
5.913 43.117 38.845
146.833 -19.250 50.166
137.217 36.767 48.097
7.567 58.000 39.035
13.750 45.650 33.190
151.850 7.450 56.235
-78.730 1.817 43.334
22.101 60.428 -2.752
138.883 35.017 46.570
-5.158 57.895 36.057
-166.537 53.880 52.722
133.950 34.483 44.271
135.900 33.567 44.248
132.550 33.233 51.842
21.571 63.081 -36.580
-146.362 61.125 30.984
-0.330 39.460 41.943
-71.633 -33.033 46.459
-123.110 49.287 39.278
12.217 57.100 29.432
31.100 70.333 34.719
12.426 45.419 33.688
-123.370 48.422 37.962
12.579 56.142 37.250
18.284 57.639 35.473
135.150 34.217 45.870
166.617 19.283 50.678
141.683 45.400 51.363
14.500 -22.950 63.617
-77.022 38.873 61.628
174.783 -41.283 54.177
-2.448 50.608 42.397
-0.614 54.490 43.888
-3.086 58.441 43.280
-123.965 46.708 43.062
-73.782 40.793 60.958
-77.953 34.227 58.530
18.419 54.797 35.843
-62.700 45.683 67.334
-70.672 41.523 57.192
-3.568 54.651 35.408
128.102 -15.453 51.170
118.067 24.450 48.236
-139.733 59.548 29.375
138.128 9.508 51.054
-66.117 43.833 59.962
139.633 35.467 48.826
13.817 55.417 44.885
39.190 -6.155 55.446
111.833 21.583 49.615
