144.283 44.017 157.752
-2.075 57.143 163.186
131.417 31.583 168.077
-89.833 13.583 185.973
-99.912 16.840 177.641
-176.632 51.863 184.642
-122.298 37.772 177.965
-126.931 50.587 147.604
-5.433 36.117 143.618
-149.890 61.238 163.796
-76.482 38.983 200.361
-70.400 -23.650 139.464
-53.983 47.300 191.674
-13.530 28.972 181.455
-123.767 46.208 173.203
-74.418 39.355 206.236
-2.715 51.511 154.876
141.500 38.300 161.405
-79.573 8.962 177.957
-76.578 39.267 199.108
-90.285 -0.437 176.088
-125.136 48.836 167.822
2.163 41.342 160.199
-68.205 44.392 193.774
12.903 55.756 157.695
-1.515 43.527 152.287
109.083 21.483 158.579
-128.143 52.163 144.004
-64.700 32.400 198.900
-3.050 43.357 160.221
-6.340 36.800 156.742
141.917 -10.600 181.701
-71.052 42.355 198.121
1.578 50.727 165.437
-4.500 48.383 164.174
-73.182 41.173 197.436
153.167 -27.367 187.001
122.217 -18.000 185.309
-77.100 3.900 166.363
-58.500 -34.667 123.978
152.380 -24.767 188.889
145.915 -41.050 175.267
-109.908 22.880 193.128
-6.283 36.533 159.278
1.868 50.969 156.226
-77.150 -12.050 160.592
-76.068 38.573 204.408
-125.247 50.042 161.995
-47.925 -25.017 148.145
147.058 -19.277 174.714
18.433 -33.900 185.366
-74.960 38.968 200.346
113.652 -24.898 185.723
-75.533 10.383 181.052
-9.417 38.692 162.880
15.094 37.498 148.781
103.187 5.265 173.978
-5.317 35.900 147.533
91.050 22.217 146.349
-124.322 43.345 179.314
-79.925 32.782 194.198
-64.920 18.335 182.778
-63.117 46.233 194.847
-1.635 49.651 156.080
-76.113 36.967 203.642
142.200 27.100 186.325
140.867 35.750 169.617
-157.472 1.982 188.967
-94.200 58.783 96.422
96.883 -12.117 200.414
-1.890 47.277 161.515
-145.753 60.558 156.360
-97.217 27.580 175.975
91.833 21.450 144.884
-124.183 41.745 178.647
-79.915 9.355 181.146
1.302 52.934 166.635
8.717 53.867 158.928
130.850 -12.467 185.527
20.385 60.032 107.412
6.933 53.326 161.806
4.746 52.965 158.000
-4.185 50.368 166.691
1.085 49.929 175.618
-2.088 47.306 159.073
108.617 19.100 167.476
1.318 51.117 166.787
-75.740 36.183 205.786
2.367 51.048 161.572
31.050 -29.867 179.186
27.917 -33.017 189.423
-109.448 -27.150 136.386
-66.985 44.903 193.366
162.387 11.430 203.998
-116.633 31.850 195.636
8.433 55.467 161.238
-79.647 0.992 161.354
121.900 -33.867 178.811
-64.267 -65.250 -40.817
1.348 51.957 167.529
-81.467 30.672 191.312
-4.983 52.014 160.724
18.211 60.409 98.466
151.233 -33.850 179.120
-80.902 32.033 192.334
-95.308 28.948 179.330
115.717 -32.050 180.767
-166.288 23.868 199.498
139.933 40.650 166.758
128.850 32.700 179.713
-123.451 48.769 169.733
179.195 -8.525 190.387
-16.907 32.640 195.339
21.231 64.916 70.520
-94.793 29.310 174.087
73.152 -0.687 197.775
11.933 54.567 156.883
102.107 6.227 167.787
-5.350 36.117 151.524
-3.018 53.450 146.368
11.791 57.685 139.121
-89.957 29.263 162.020
144.650 13.433 190.349
-110.900 27.933 181.770
141.533 40.533 184.112
110.283 20.017 155.507
140.717 41.783 164.270
-63.583 44.667 201.143
132.067 34.900 155.950
27.179 60.563 128.333
145.567 43.283 182.539
22.977 59.823 127.338
1.284 51.947 171.416
9.101 63.425 126.900
24.956 60.154 130.110
-2.920 54.032 144.626
115.738 -31.825 180.609
-155.067 19.733 198.817
-3.134 51.215 159.840
89.467 21.783 148.707
147.330 -42.887 174.852
4.120 51.977 157.945
-4.631 53.308 158.956
114.217 22.300 160.020
159.957 -9.425 197.550
25.973 70.980 144.611
-157.867 21.307 204.915
12.467 56.100 154.825
131.683 32.417 167.447
-124.217 40.767 181.156
-4.111 51.211 162.764
-43.165 -22.897 155.365
-0.186 53.631 162.745
124.167 24.333 171.413
-169.530 16.738 192.865
103.792 1.462 176.437
-78.833 -33.622 140.223
-134.412 58.298 151.210
130.567 31.583 166.845
-156.467 20.900 204.467
23.096 65.697 75.105
121.282 28.088 150.697
-171.718 -2.810 189.228
120.288 22.615 171.982
154.777 1.098 190.365
21.215 62.344 76.278
139.750 35.517 180.081
121.745 25.157 162.188
101.358 3.050 169.551
102.153 2.215 179.854
24.515 65.673 71.841
70.220 -49.345 217.981
-131.625 55.333 159.290
-81.808 24.553 193.923
-5.050 58.457 151.466
12.894 55.522 163.759
23.033 -34.050 177.792
99.817 11.795 166.966
98.425 7.832 180.860
135.183 34.683 159.052
133.567 33.500 157.139
-152.512 57.732 174.038
134.583 34.017 160.188
116.067 5.983 173.083
103.430 3.975 176.302
130.200 32.600 176.018
103.443 1.325 179.974
15.589 56.105 156.328
11.127 58.997 129.254
135.767 33.483 165.128
144.367 42.983 157.806
167.733 8.733 200.612
-8.400 43.367 172.015
-117.257 32.867 188.259
-80.917 -2.200 170.110
-110.345 24.162 195.423
-1.221 46.158 153.348
-87.817 13.333 185.449
17.865 58.742 131.366
99.765 6.432 178.951
177.433 -17.600 183.272
-4.781 48.359 167.804
0.106 49.482 151.704
-1.765 47.205 155.736
123.750 13.150 182.371
-3.182 55.990 160.056
-1.140 60.155 163.286
-1.794 46.497 157.789
-75.120 38.782 196.674
119.417 34.750 162.205
-64.753 17.697 176.782
10.299 43.546 149.361
-3.825 53.332 146.939
-80.717 -6.933 161.327
159.067 -31.517 184.292
-118.272 33.720 179.300
-64.883 47.083 217.771
1.751 52.473 161.742
15.150 -26.650 195.462
100.613 4.240 170.077
121.617 32.133 152.867
5.113 61.934 147.803
-67.047 17.972 182.536
137.617 34.683 153.189
135.383 35.467 178.657
171.373 7.107 196.333
130.300 31.267 164.695
-4.417 36.717 159.358
134.463 7.330 193.332
73.527 4.190 191.840
-7.333 55.367 156.414
120.967 14.583 172.388
21.463 61.594 88.732
174.500 -35.833 174.362
16.837 58.554 135.659
173.200 52.833 190.198
-72.117 -17.000 156.883
132.717 33.867 173.354
-81.432 30.395 193.170
-106.422 23.198 184.840
139.817 34.917 171.763
15.563 38.196 154.585
-177.367 28.217 193.033
-5.014 51.702 162.736
-4.906 55.750 147.096
50.600 26.233 141.382
130.450 32.617 174.493
139.482 34.067 171.247
141.983 39.650 192.754
-157.800 21.433 205.237
7.421 43.729 150.335
-71.960 41.048 195.428
-121.888 36.605 187.744
22.133 -34.183 184.224
134.167 33.267 156.790
129.867 32.733 178.160
136.883 35.083 157.536
127.667 26.200 180.025
129.842 29.842 177.036
-1.634 47.194 159.737
-70.097 41.285 197.755
176.917 -39.483 181.327
14.269 40.841 154.729
166.905 -0.528 187.131
-159.350 21.967 195.928
129.495 28.382 180.250
-124.617 48.368 169.822
-72.087 41.355 193.522
-74.015 40.700 195.965
0.057 50.782 153.231
-5.542 50.102 166.260
-71.327 41.505 198.943
-122.910 49.200 164.273
130.992 30.735 179.279
-1.440 55.007 157.700
-60.250 46.217 207.204
166.437 -22.292 191.951
-175.167 -21.133 184.596
-140.082 -8.930 180.934
11.950 78.933 113.152
141.717 39.067 163.415
141.750 39.017 162.398
139.383 34.783 179.892
17.097 57.366 141.977
138.217 34.617 161.990
140.900 36.933 163.616
135.433 34.650 157.429
16.478 57.275 142.188
10.734 59.909 127.558
25.418 65.040 75.298
130.217 32.983 170.044
136.217 34.067 161.752
-170.683 -14.283 194.038
-81.167 -5.083 164.788
-149.567 -17.525 163.343
-123.451 48.654 166.350
100.347 5.422 169.624
-158.053 -8.977 173.162
-87.213 30.403 181.928
-75.142 39.933 204.569
22.690 63.709 79.449
158.243 6.987 192.278
-123.253 49.337 169.910
-25.672 37.735 195.073
-123.440 48.125 165.742
-59.133 47.567 208.837
-1.062 45.569 160.053
25.630 -33.960 187.299
118.575 -20.318 185.153
150.912 -34.473 184.257
57.495 -20.155 202.601
16.867 -29.250 186.941
-3.446 47.644 154.638
3.107 42.520 156.408
-127.489 50.722 147.342
-97.215 26.060 175.356
-70.247 43.657 198.666
141.600 -38.333 169.803
-5.120 54.843 154.353
-120.760 35.177 186.723
-1.112 50.803 155.662
-130.324 54.317 139.222
-71.401 41.807 193.346
-87.950 15.833 185.278
-15.417 28.133 183.683
-72.967 -41.483 91.242
-67.617 -54.933 54.389
-132.072 53.252 162.625
24.407 64.666 75.598
-159.775 -21.207 162.669
20.895 63.986 73.898
21.426 61.133 89.508
-75.573 39.558 209.778
-21.940 64.151 136.004
-134.953 -23.125 167.317
12.113 57.250 137.828
-97.047 28.022 178.209
63.418 -19.668 189.240
11.230 64.859 125.687
-3.966 48.718 161.275
150.790 -23.162 186.959
-17.750 28.683 191.676
-93.870 29.730 163.191
133.333 36.200 181.812
-2.246 47.140 157.507
-1.682 43.395 153.948
-2.028 48.641 160.236
-2.202 47.267 158.337
-66.063 45.251 194.459
145.742 15.227 173.458
133.250 35.550 157.708
17.950 -33.017 190.008
-95.203 16.160 181.030
-117.173 32.713 186.747
-80.108 -26.292 146.290
-122.465 37.807 177.129
-90.833 13.917 185.957
-66.117 18.460 183.953
-160.502 55.337 180.765
-74.009 40.467 195.710
-90.313 -0.755 182.867
-118.500 34.008 176.758
-122.339 47.603 165.676
104.115 1.932 173.089
-151.720 59.441 165.238
-149.427 60.120 163.032
-76.330 36.947 200.354
115.350 22.750 159.307
0.743 51.442 166.884
119.550 35.383 166.062
138.517 35.017 163.332
135.383 33.683 166.642
18.433 -34.183 187.091
14.358 55.557 161.997
-135.342 57.052 162.458
19.012 63.191 73.388
-135.327 59.450 152.519
12.829 55.417 160.039
11.218 58.354 130.886
-76.452 38.317 203.968
-124.043 44.625 175.425
17.531 62.363 78.539
147.933 -42.550 183.134
-78.918 33.655 192.690
-82.627 27.760 185.785
-52.717 47.567 203.468
11.832 58.093 139.425
-123.181 49.125 169.118
-2.117 49.183 161.284
18.082 59.325 119.813
-6.389 58.207 161.503
134.900 34.350 163.025
178.427 -18.132 185.177
39.600 -69.000 126.571
134.050 34.350 158.904
-81.282 -4.582 164.140
103.853 1.262 174.340
135.183 34.333 163.399
174.033 -39.050 158.986
-5.600 36.000 146.886
176.183 -37.650 168.783
117.883 4.233 180.578
-16.240 28.480 193.327
133.640 -32.150 175.678
104.140 2.807 175.649
136.850 34.467 162.220
-6.064 56.623 153.734
-125.913 49.154 160.398
139.767 35.650 168.187
132.967 32.783 162.795
5.913 43.117 150.643
146.833 -19.250 175.691
137.217 36.767 167.278
7.567 58.000 155.467
13.750 45.650 137.127
151.850 7.450 188.586
-78.730 1.817 160.773
22.101 60.428 109.596
138.883 35.017 166.232
-5.158 57.895 154.800
-166.537 53.880 187.793
133.950 34.483 157.603
135.900 33.567 160.372
132.550 33.233 173.882
21.571 63.081 74.447
-146.362 61.125 157.224
-0.330 39.460 157.167
-71.633 -33.033 127.346
-123.110 49.287 169.963
12.217 57.100 144.545
31.100 70.333 150.237
12.426 45.419 136.661
-123.370 48.422 164.711
12.579 56.142 151.628
18.284 57.639 149.191
135.150 34.217 163.789
166.617 19.283 182.984
141.683 45.400 172.464
14.500 -22.950 194.808
-77.022 38.873 196.160
174.783 -41.283 167.182
-2.448 50.608 157.381
-0.614 54.490 161.359
-3.086 58.441 163.377
-123.965 46.708 171.999
-73.782 40.793 196.229
-77.953 34.227 190.894
18.419 54.797 145.875
-62.700 45.683 203.372
-70.672 41.523 193.336
-3.568 54.651 152.622
128.102 -15.453 179.614
118.067 24.450 162.906
-139.733 59.548 155.677
138.128 9.508 177.264
-66.117 43.833 201.011
139.633 35.467 170.025
13.817 55.417 160.072
39.190 -6.155 178.049
111.833 21.583 162.769
