144.283 44.017 93.652
-2.075 57.143 96.885
131.417 31.583 104.812
-89.833 13.583 112.207
-99.912 16.840 103.524
-176.632 51.863 110.261
-122.298 37.772 99.660
-126.931 50.587 71.091
-5.433 36.117 78.835
-149.890 61.238 89.657
-76.482 38.983 124.981
-70.400 -23.650 90.842
-53.983 47.300 114.843
-13.530 28.972 112.425
-123.767 46.208 95.901
-74.418 39.355 129.250
-2.715 51.511 89.719
141.500 38.300 97.697
-79.573 8.962 107.935
-76.578 39.267 123.107
-90.285 -0.437 108.424
-125.136 48.836 90.613
2.163 41.342 97.473
-68.205 44.392 116.329
12.903 55.756 97.049
-1.515 43.527 88.424
109.083 21.483 98.785
-128.143 52.163 67.549
-64.700 32.400 118.401
-3.050 43.357 95.889
-6.340 36.800 91.153
141.917 -10.600 110.996
-71.052 42.355 122.763
1.578 50.727 102.667
-4.500 48.383 97.743
-73.182 41.173 121.188
153.167 -27.367 119.466
122.217 -18.000 113.316
-77.100 3.900 100.737
-58.500 -34.667 83.754
152.380 -24.767 120.787
145.915 -41.050 108.678
-109.908 22.880 116.870
-6.283 36.533 93.645
1.868 50.969 93.014
-77.150 -12.050 102.804
-76.068 38.573 127.085
-125.247 50.042 85.287
-47.925 -25.017 95.851
147.058 -19.277 106.121
18.433 -33.900 117.940
-74.960 38.968 123.845
113.652 -24.898 111.464
-75.533 10.383 110.660
-9.417 38.692 95.478
15.094 37.498 88.773
103.187 5.265 107.598
-5.317 35.900 83.038
91.050 22.217 88.475
-124.322 43.345 101.852
-79.925 32.782 117.316
-64.920 18.335 106.700
-63.117 46.233 119.283
-1.635 49.651 91.484
-76.113 36.967 126.905
142.200 27.100 119.844
140.867 35.750 105.905
-157.472 1.982 115.170
-94.200 58.783 23.308
96.883 -12.117 124.817
-1.890 47.277 96.730
-145.753 60.558 81.825
-97.217 27.580 100.741
91.833 21.450 86.743
-124.183 41.745 100.554
-79.915 9.355 111.460
1.302 52.934 102.000
8.717 53.867 97.040
130.850 -12.467 114.685
20.385 60.032 47.820
6.933 53.326 100.421
4.746 52.965 95.521
-4.185 50.368 100.221
1.085 49.929 112.888
-2.088 47.306 93.899
108.617 19.100 107.173
1.318 51.117 102.936
-75.740 36.183 129.330
2.367 51.048 98.005
31.050 -29.867 109.105
27.917 -33.017 119.897
-109.448 -27.150 88.072
-66.985 44.903 117.457
162.387 11.430 131.302
-116.633 31.850 118.058
8.433 55.467 98.497
-79.647 0.992 95.679
121.900 -33.867 106.189
-64.267 -65.250 21.406
1.348 51.957 104.057
-81.467 30.672 114.889
-4.983 52.014 94.529
18.211 60.409 38.423
151.233 -33.850 112.681
-80.902 32.033 116.014
-95.308 28.948 103.954
115.717 -32.050 106.922
-166.288 23.868 123.160
139.933 40.650 103.495
128.850 32.700 119.084
-123.451 48.769 92.357
179.195 -8.525 119.032
-16.907 32.640 125.248
21.231 64.916 10.703
-94.793 29.310 99.055
73.152 -0.687 125.072
11.933 54.567 95.728
102.107 6.227 101.791
-5.350 36.117 86.863
-3.018 53.450 81.239
11.791 57.685 76.769
-89.957 29.263 85.979
144.650 13.433 121.288
-110.900 27.933 105.708
141.533 40.533 118.296
110.283 20.017 95.224
140.717 41.783 101.722
-63.583 44.667 122.633
132.067 34.900 94.242
27.179 60.563 69.980
145.567 43.283 118.375
22.977 59.823 67.908
1.284 51.947 108.411
9.101 63.425 63.581
24.956 60.154 71.891
-2.920 54.032 79.472
115.738 -31.825 106.777
-155.067 19.733 121.592
-3.134 51.215 94.667
89.467 21.783 90.244
147.330 -42.887 110.976
4.120 51.977 95.016
-4.631 53.308 92.898
114.217 22.300 98.573
159.957 -9.425 127.874
25.973 70.980 81.507
-157.867 21.307 127.300
12.467 56.100 93.662
131.683 32.417 104.832
-124.217 40.767 103.474
-4.111 51.211 96.365
-43.165 -22.897 100.833
-0.186 53.631 98.420
124.167 24.333 107.812
-169.530 16.738 117.511
103.792 1.462 107.587
-78.833 -33.622 101.362
-134.412 58.298 76.378
130.567 31.583 104.830
-156.467 20.900 127.214
23.096 65.697 15.193
121.282 28.088 90.975
-171.718 -2.810 114.943
120.288 22.615 109.338
154.777 1.098 116.502
21.215 62.344 15.732
139.750 35.517 115.281
121.745 25.157 101.184
101.358 3.050 103.262
102.153 2.215 111.883
24.515 65.673 11.737
70.220 -49.345 146.629
-131.625 55.333 84.063
-81.808 24.553 116.662
-5.050 58.457 84.306
12.894 55.522 103.653
23.033 -34.050 109.478
99.817 11.795 103.541
98.425 7.832 114.490
135.183 34.683 95.560
133.567 33.500 93.888
-152.512 57.732 99.032
134.583 34.017 97.461
116.067 5.983 106.540
103.430 3.975 109.298
130.200 32.600 113.814
103.443 1.325 112.457
15.589 56.105 95.856
11.127 58.997 67.193
135.767 33.483 101.652
144.367 42.983 93.373
167.733 8.733 127.398
-8.400 43.367 104.728
-117.257 32.867 111.558
-80.917 -2.200 105.569
-110.345 24.162 116.943
-1.221 46.158 88.757
-87.817 13.333 113.744
17.865 58.742 71.536
99.765 6.432 111.964
177.433 -17.600 114.836
-4.781 48.359 101.434
0.106 49.482 87.890
-1.765 47.205 90.613
123.750 13.150 117.629
-3.182 55.990 93.864
-1.140 60.155 96.076
-1.794 46.497 92.848
-75.120 38.782 120.241
119.417 34.750 104.511
-64.753 17.697 102.376
10.299 43.546 88.001
-3.825 53.332 81.811
-80.717 -6.933 99.544
159.067 -31.517 116.950
-118.272 33.720 101.903
-64.883 47.083 141.143
1.751 52.473 98.170
15.150 -26.650 125.838
100.613 4.240 103.194
121.617 32.133 94.094
5.113 61.934 83.365
-67.047 17.972 109.520
137.617 34.683 88.654
135.383 35.467 116.876
171.373 7.107 122.880
130.300 31.267 102.219
-4.417 36.717 95.409
134.463 7.330 122.728
73.527 4.190 122.368
-7.333 55.367 89.576
120.967 14.583 107.964
21.463 61.594 28.439
174.500 -35.833 113.345
16.837 58.554 74.344
173.200 52.833 117.761
-72.117 -17.000 104.041
132.717 33.867 110.624
-81.432 30.395 116.873
-106.422 23.198 108.426
139.817 34.917 107.414
15.563 38.196 94.795
-177.367 28.217 117.173
-5.014 51.702 95.906
-4.906 55.750 80.602
50.600 26.233 86.091
130.450 32.617 112.631
139.482 34.067 106.259
141.983 39.650 127.715
-157.800 21.433 126.367
7.421 43.729 88.986
-71.960 41.048 118.020
-121.888 36.605 109.082
22.133 -34.183 116.024
134.167 33.267 93.784
129.867 32.733 115.678
136.883 35.083 93.123
127.667 26.200 117.104
129.842 29.842 113.119
-1.634 47.194 94.588
-70.097 41.285 121.018
176.917 -39.483 122.505
14.269 40.841 94.416
166.905 -0.528 114.974
-159.350 21.967 119.213
129.495 28.382 117.476
-124.617 48.368 92.976
-72.087 41.355 116.674
-74.015 40.700 119.599
0.057 50.782 89.000
-5.542 50.102 99.742
-71.327 41.505 122.755
-122.910 49.200 87.593
130.992 30.735 116.098
-1.440 55.007 92.491
-60.250 46.217 131.934
166.437 -22.292 122.082
-175.167 -21.133 117.669
-140.082 -8.930 113.484
11.950 78.933 44.436
141.717 39.067 99.413
141.750 39.017 99.439
139.383 34.783 114.246
17.097 57.366 82.303
138.217 34.617 97.966
140.900 36.933 98.456
135.433 34.650 94.031
16.478 57.275 81.474
10.734 59.909 65.131
25.418 65.040 15.640
130.217 32.983 108.187
136.217 34.067 97.661
-170.683 -14.283 123.637
-81.167 -5.083 102.169
-149.567 -17.525 99.370
-123.451 48.654 89.571
100.347 5.422 102.248
-158.053 -8.977 103.489
-87.213 30.403 105.955
-75.142 39.933 127.812
22.690 63.709 19.938
158.243 6.987 120.102
-123.253 49.337 92.477
-25.672 37.735 122.965
-123.440 48.125 88.844
-59.133 47.567 131.725
-1.062 45.569 95.480
25.630 -33.960 118.291
118.575 -20.318 112.320
150.912 -34.473 117.251
57.495 -20.155 125.933
16.867 -29.250 119.520
-3.446 47.644 88.930
3.107 42.520 93.335
-127.489 50.722 70.434
-97.215 26.060 99.335
-70.247 43.657 120.833
141.600 -38.333 102.880
-5.120 54.843 87.753
-120.760 35.177 108.381
-1.112 50.803 90.588
-130.324 54.317 63.485
-71.401 41.807 117.121
-87.950 15.833 112.264
-15.417 28.133 114.772
-72.967 -41.483 66.119
-67.617 -54.933 61.219
-132.072 53.252 85.967
24.407 64.666 15.738
-159.775 -21.207 99.379
20.895 63.986 14.113
21.426 61.133 29.122
-75.573 39.558 135.372
-21.940 64.151 66.425
-134.953 -23.125 109.307
12.113 57.250 76.166
-97.047 28.022 102.865
63.418 -19.668 111.225
11.230 64.859 62.318
-3.966 48.718 94.882
150.790 -23.162 118.163
-17.750 28.683 122.331
-93.870 29.730 87.076
133.333 36.200 119.785
-2.246 47.140 92.296
-1.682 43.395 90.160
-2.028 48.641 94.933
-2.202 47.267 93.191
-66.063 45.251 118.148
145.742 15.227 103.304
133.250 35.550 95.614
17.950 -33.017 122.825
-95.203 16.160 106.501
-117.173 32.713 110.487
-80.108 -26.292 97.778
-122.465 37.807 99.240
-90.833 13.917 114.092
-66.117 18.460 109.522
-160.502 55.337 105.423
-74.009 40.467 120.066
-90.313 -0.755 116.449
-118.500 34.008 97.640
-122.339 47.603 89.231
104.115 1.932 104.508
-151.720 59.441 91.226
-149.427 60.120 88.576
-76.330 36.947 123.366
115.350 22.750 98.422
0.743 51.442 103.751
119.550 35.383 108.190
138.517 35.017 99.562
135.383 33.683 103.171
18.433 -34.183 119.663
14.358 55.557 101.791
-135.342 57.052 86.345
19.012 63.191 12.915
-135.327 59.450 77.696
12.829 55.417 98.910
11.218 58.354 68.755
-76.452 38.317 127.285
-124.043 44.625 97.726
17.531 62.363 17.821
147.933 -42.550 119.573
-78.918 33.655 116.129
-82.627 27.760 109.531
-52.717 47.567 126.525
11.832 58.093 78.038
-123.181 49.125 92.002
-2.117 49.183 96.203
18.082 59.325 58.738
-6.389 58.207 93.420
134.900 34.350 99.209
178.427 -18.132 116.163
39.600 -69.000 93.626
134.050 34.350 96.078
-81.282 -4.582 100.747
103.853 1.262 105.756
135.183 34.333 100.161
174.033 -39.050 100.692
-5.600 36.000 82.347
176.183 -37.650 109.517
117.883 4.233 112.359
-16.240 28.480 123.284
133.640 -32.150 105.524
104.140 2.807 107.828
136.850 34.467 98.212
-6.064 56.623 86.385
-125.913 49.154 83.888
139.767 35.650 104.090
132.967 32.783 99.668
5.913 43.117 88.035
146.833 -19.250 106.919
137.217 36.767 104.135
7.567 58.000 92.502
13.750 45.650 77.259
151.850 7.450 116.789
-78.730 1.817 94.969
22.101 60.428 50.229
138.883 35.017 102.132
-5.158 57.895 87.491
-166.537 53.880 112.046
133.950 34.483 95.778
135.900 33.567 96.575
132.550 33.233 110.761
21.571 63.081 14.187
-146.362 61.125 83.073
-0.330 39.460 93.743
-71.633 -33.033 86.091
-123.110 49.287 93.214
12.217 57.100 82.499
31.100 70.333 90.280
12.426 45.419 76.941
-123.370 48.422 88.151
12.579 56.142 90.549
18.284 57.639 88.498
135.150 34.217 100.474
166.617 19.283 109.377
141.683 45.400 109.236
14.500 -22.950 125.871
-77.022 38.873 119.200
174.783 -41.283 109.021
-2.448 50.608 92.221
-0.614 54.490 97.112
-3.086 58.441 96.593
-123.965 46.708 94.761
-73.782 40.793 119.825
-77.953 34.227 113.895
18.419 54.797 88.334
-62.700 45.683 126.542
-70.672 41.523 116.518
-3.568 54.651 86.531
128.102 -15.453 109.375
118.067 24.450 100.962
-139.733 59.548 80.942
138.128 9.508 107.649
-66.117 43.833 123.745
139.633 35.467 106.107
13.817 55.417 99.372
39.190 -6.155 111.766
111.833 21.583 103.248
