144.283 44.017 130.284
-2.075 57.143 135.351
131.417 31.583 135.325
-89.833 13.583 155.247
-99.912 16.840 150.606
-176.632 51.863 154.410
-122.298 37.772 154.316
-126.931 50.587 132.096
-5.433 36.117 122.419
-149.890 61.238 141.962
-76.482 38.983 171.748
-70.400 -23.650 110.919
-53.983 47.300 162.529
-13.530 28.972 146.711
-123.767 46.208 154.561
-74.418 39.355 174.912
-2.715 51.511 130.843
141.500 38.300 129.918
-79.573 8.962 146.804
-76.578 39.267 170.230
-90.285 -0.437 146.047
-125.136 48.836 149.704
2.163 41.342 130.726
-68.205 44.392 159.816
12.903 55.756 125.679
-1.515 43.527 126.318
109.083 21.483 128.753
-128.143 52.163 126.353
-64.700 32.400 171.799
-3.050 43.357 132.644
-6.340 36.800 130.142
141.917 -10.600 150.765
-71.052 42.355 167.375
1.578 50.727 135.499
-4.500 48.383 138.365
-73.182 41.173 169.414
153.167 -27.367 151.718
122.217 -18.000 154.607
-77.100 3.900 138.215
-58.500 -34.667 96.618
152.380 -24.767 154.354
145.915 -41.050 144.205
-109.908 22.880 163.890
-6.283 36.533 131.025
1.868 50.969 130.708
-77.150 -12.050 129.942
-76.068 38.573 172.672
-125.247 50.042 143.530
-47.925 -25.017 116.474
147.058 -19.277 144.445
18.433 -33.900 149.353
-74.960 38.968 170.011
113.652 -24.898 156.578
-75.533 10.383 148.418
-9.417 38.692 136.571
15.094 37.498 124.838
103.187 5.265 143.893
-5.317 35.900 123.967
91.050 22.217 121.016
-124.322 43.345 157.717
-79.925 32.782 166.238
-64.920 18.335 154.224
-63.117 46.233 164.053
-1.635 49.651 130.702
-76.113 36.967 173.923
142.200 27.100 148.407
140.867 35.750 136.048
-157.472 1.982 157.349
-94.200 58.783 76.801
96.883 -12.117 167.018
-1.890 47.277 136.156
-145.753 60.558 137.426
-97.217 27.580 150.671
91.833 21.450 119.357
-124.183 41.745 156.927
-79.915 9.355 148.894
1.302 52.934 137.412
8.717 53.867 130.619
130.850 -12.467 152.513
20.385 60.032 71.642
6.933 53.326 135.823
4.746 52.965 129.664
-4.185 50.368 141.298
1.085 49.929 143.196
-2.088 47.306 134.775
108.617 19.100 135.128
1.318 51.117 136.888
-75.740 36.183 175.349
2.367 51.048 132.391
31.050 -29.867 148.750
27.917 -33.017 153.867
-109.448 -27.150 111.516
-66.985 44.903 161.617
162.387 11.430 166.995
-116.633 31.850 166.649
8.433 55.467 132.846
-79.647 0.992 135.118
121.900 -33.867 152.053
-64.267 -65.250 -71.470
1.348 51.957 138.771
-81.467 30.672 165.242
-4.983 52.014 134.502
18.211 60.409 66.405
151.233 -33.850 147.862
-80.902 32.033 166.191
-95.308 28.948 155.357
115.717 -32.050 154.540
-166.288 23.868 164.231
139.933 40.650 132.875
128.850 32.700 141.626
-123.451 48.769 150.707
179.195 -8.525 159.315
-16.907 32.640 155.825
21.231 64.916 42.222
-94.793 29.310 149.408
73.152 -0.687 159.151
11.933 54.567 126.806
102.107 6.227 136.246
-5.350 36.117 127.046
-3.018 53.450 120.642
11.791 57.685 109.317
-89.957 29.263 138.552
144.650 13.433 154.228
-110.900 27.933 154.654
141.533 40.533 141.962
110.283 20.017 130.117
140.717 41.783 130.932
-63.583 44.667 171.028
132.067 34.900 126.804
27.179 60.563 95.161
145.567 43.283 140.607
22.977 59.823 93.774
1.284 51.947 140.278
9.101 63.425 98.513
24.956 60.154 96.307
-2.920 54.032 119.340
115.738 -31.825 154.358
-155.067 19.733 163.882
-3.134 51.215 134.018
89.467 21.783 122.186
147.330 -42.887 140.211
4.120 51.977 129.773
-4.631 53.308 133.357
114.217 22.300 131.384
159.957 -9.425 163.571
25.973 70.980 111.934
-157.867 21.307 168.248
12.467 56.100 121.967
131.683 32.417 136.189
-124.217 40.767 159.135
-4.111 51.211 136.863
-43.165 -22.897 122.591
-0.186 53.631 136.095
124.167 24.333 137.980
-169.530 16.738 159.192
103.792 1.462 142.726
-78.833 -33.622 111.044
-134.412 58.298 133.902
130.567 31.583 133.620
-156.467 20.900 167.273
23.096 65.697 44.968
121.282 28.088 125.751
-171.718 -2.810 157.076
120.288 22.615 137.343
154.777 1.098 158.387
21.215 62.344 45.993
139.750 35.517 141.018
121.745 25.157 132.199
101.358 3.050 138.410
102.153 2.215 146.519
24.515 65.673 42.228
70.220 -49.345 171.073
-131.625 55.333 139.677
-81.808 24.553 161.541
-5.050 58.457 127.300
12.894 55.522 129.451
23.033 -34.050 147.166
99.817 11.795 133.392
98.425 7.832 147.795
135.183 34.683 130.340
133.567 33.500 129.553
-152.512 57.732 151.021
134.583 34.017 130.498
116.067 5.983 142.003
103.430 3.975 144.220
130.200 32.600 137.756
103.443 1.325 142.859
15.589 56.105 120.757
11.127 58.997 99.995
135.767 33.483 132.453
144.367 42.983 130.616
167.733 8.733 164.400
-8.400 43.367 141.466
-117.257 32.867 160.224
-80.917 -2.200 137.930
-110.345 24.162 164.363
-1.221 46.158 130.031
-87.817 13.333 155.470
17.865 58.742 97.097
99.765 6.432 146.853
177.433 -17.600 150.392
-4.781 48.359 141.023
0.106 49.482 127.231
-1.765 47.205 133.394
123.750 13.150 146.145
-3.182 55.990 131.044
-1.140 60.155 135.709
-1.794 46.497 134.095
-75.120 38.782 167.886
119.417 34.750 127.410
-64.753 17.697 151.658
10.299 43.546 121.384
-3.825 53.332 121.062
-80.717 -6.933 132.052
159.067 -31.517 147.610
-118.272 33.720 155.067
-64.883 47.083 188.217
1.751 52.473 134.730
15.150 -26.650 153.989
100.613 4.240 138.747
121.617 32.133 125.448
5.113 61.934 119.647
-67.047 17.972 153.721
137.617 34.683 127.801
135.383 35.467 138.848
171.373 7.107 162.785
130.300 31.267 132.994
-4.417 36.717 127.803
134.463 7.330 156.841
73.527 4.190 153.420
-7.333 55.367 131.195
120.967 14.583 136.886
21.463 61.594 56.447
174.500 -35.833 137.318
16.837 58.554 100.428
173.200 52.833 156.462
-72.117 -17.000 125.927
132.717 33.867 138.226
-81.432 30.395 166.350
-106.422 23.198 156.779
139.817 34.917 137.223
15.563 38.196 126.334
-177.367 28.217 159.046
-5.014 51.702 137.719
-4.906 55.750 123.156
50.600 26.233 111.983
130.450 32.617 136.667
139.482 34.067 136.402
141.983 39.650 146.940
-157.800 21.433 168.025
7.421 43.729 122.046
-71.960 41.048 166.915
-121.888 36.605 161.211
22.133 -34.183 149.254
134.167 33.267 129.381
129.867 32.733 138.679
136.883 35.083 130.280
127.667 26.200 141.327
129.842 29.842 139.273
-1.634 47.194 135.032
-70.097 41.285 168.668
176.917 -39.483 136.408
14.269 40.841 124.684
166.905 -0.528 156.393
-159.350 21.967 162.538
129.495 28.382 141.370
-124.617 48.368 150.748
-72.087 41.355 164.136
-74.015 40.700 167.989
0.057 50.782 126.253
-5.542 50.102 140.716
-71.327 41.505 169.788
-122.910 49.200 147.999
130.992 30.735 140.248
-1.440 55.007 130.190
-60.250 46.217 180.288
166.437 -22.292 155.046
-175.167 -21.133 149.518
-140.082 -8.930 151.088
11.950 78.933 101.012
141.717 39.067 130.733
141.750 39.017 130.743
139.383 34.783 140.434
17.097 57.366 108.775
138.217 34.617 131.898
140.900 36.933 130.111
135.433 34.650 129.713
16.478 57.275 109.087
10.734 59.909 98.520
25.418 65.040 44.769
130.217 32.983 134.772
136.217 34.067 131.896
-170.683 -14.283 159.631
-81.167 -5.083 135.214
-149.567 -17.525 136.567
-123.451 48.654 150.172
100.347 5.422 138.302
-158.053 -8.977 147.259
-87.213 30.403 157.474
-75.142 39.933 174.654
22.690 63.709 47.333
158.243 6.987 159.075
-123.253 49.337 150.666
-25.672 37.735 158.334
-123.440 48.125 149.799
-59.133 47.567 180.811
-1.062 45.569 134.060
25.630 -33.960 152.519
118.575 -20.318 154.448
150.912 -34.473 150.360
57.495 -20.155 167.724
16.867 -29.250 149.408
-3.446 47.644 131.412
3.107 42.520 127.653
-127.489 50.722 131.619
-97.215 26.060 150.734
-70.247 43.657 168.020
141.600 -38.333 141.860
-5.120 54.843 130.037
-120.760 35.177 159.878
-1.112 50.803 129.815
-130.324 54.317 124.408
-71.401 41.807 165.853
-87.950 15.833 153.713
-15.417 28.133 147.681
-72.967 -41.483 68.382
-67.617 -54.933 29.140
-132.072 53.252 143.467
24.407 64.666 44.433
-159.775 -21.207 136.142
20.895 63.986 42.990
21.426 61.133 56.673
-75.573 39.558 178.406
-21.940 64.151 124.399
-134.953 -23.125 136.706
12.113 57.250 108.766
-97.047 28.022 152.208
63.418 -19.668 159.957
11.230 64.859 98.504
-3.966 48.718 136.784
150.790 -23.162 152.797
-17.750 28.683 153.501
-93.870 29.730 138.860
133.333 36.200 141.561
-2.246 47.140 133.059
-1.682 43.395 127.441
-2.028 48.641 134.481
-2.202 47.267 133.724
-66.063 45.251 163.791
145.742 15.227 145.297
133.250 35.550 126.012
17.950 -33.017 151.983
-95.203 16.160 152.571
-117.173 32.713 159.175
-80.108 -26.292 117.841
-122.465 37.807 153.612
-90.833 13.917 155.740
-66.117 18.460 153.993
-160.502 55.337 154.258
-74.009 40.467 168.237
-90.313 -0.755 151.051
-118.500 34.008 152.868
-122.339 47.603 149.511
104.115 1.932 141.479
-151.720 59.441 143.936
-149.427 60.120 143.115
-76.330 36.947 171.674
115.350 22.750 130.105
0.743 51.442 137.296
119.550 35.383 128.949
138.517 35.017 132.685
135.383 33.683 132.863
18.433 -34.183 149.828
14.358 55.557 127.266
-135.342 57.052 145.006
19.012 63.191 44.459
-135.327 59.450 135.252
12.829 55.417 127.057
11.218 58.354 100.616
-76.452 38.317 172.761
-124.043 44.625 155.988
17.531 62.363 47.591
147.933 -42.550 142.263
-78.918 33.655 166.939
-82.627 27.760 159.879
-52.717 47.567 175.070
11.832 58.093 109.555
-123.181 49.125 150.838
-2.117 49.183 135.414
18.082 59.325 85.329
-6.389 58.207 134.840
134.900 34.350 131.178
178.427 -18.132 150.885
39.600 -69.000 94.497
134.050 34.350 129.620
-81.282 -4.582 135.571
103.853 1.262 142.082
135.183 34.333 131.842
174.033 -39.050 125.373
-5.600 36.000 124.060
176.183 -37.650 130.738
117.883 4.233 144.802
-16.240 28.480 153.921
133.640 -32.150 147.963
104.140 2.807 142.578
136.850 34.467 131.887
-6.064 56.623 128.417
-125.913 49.154 142.716
139.767 35.650 134.773
132.967 32.783 134.164
5.913 43.117 125.156
146.833 -19.250 143.671
137.217 36.767 131.355
7.567 58.000 125.144
13.750 45.650 116.485
151.850 7.450 155.669
-78.730 1.817 133.759
22.101 60.428 75.030
138.883 35.017 133.964
-5.158 57.895 128.921
-166.537 53.880 160.301
133.950 34.483 126.698
135.900 33.567 130.788
132.550 33.233 138.192
21.571 63.081 42.828
-146.362 61.125 138.098
-0.330 39.460 128.927
-71.633 -33.033 97.474
-123.110 49.287 150.924
12.217 57.100 113.474
31.100 70.333 115.248
12.426 45.419 117.405
-123.370 48.422 148.640
12.579 56.142 119.318
18.284 57.639 114.323
135.150 34.217 131.932
166.617 19.283 151.679
141.683 45.400 135.402
14.500 -22.950 153.096
-77.022 38.873 167.495
174.783 -41.283 126.827
-2.448 50.608 132.421
-0.614 54.490 133.551
-3.086 58.441 134.552
-123.965 46.708 154.485
-73.782 40.793 168.600
-77.953 34.227 164.631
18.419 54.797 112.626
-62.700 45.683 172.591
-70.672 41.523 165.410
-3.568 54.651 127.825
128.102 -15.453 146.216
118.067 24.450 131.570
-139.733 59.548 138.020
138.128 9.508 147.208
-66.117 43.833 168.098
139.633 35.467 135.877
13.817 55.417 125.428
39.190 -6.155 146.514
111.833 21.583 130.374
