144.283 44.017 221.799
-2.075 57.143 229.036
131.417 31.583 230.955
-89.833 13.583 257.917
-99.912 16.840 251.376
-176.632 51.863 259.156
-122.298 37.772 255.582
-126.931 50.587 224.104
-5.433 36.117 208.195
-149.890 61.238 237.760
-76.482 38.983 276.669
-70.400 -23.650 188.328
-53.983 47.300 268.265
-13.530 28.972 248.961
-123.767 46.208 250.050
-74.418 39.355 281.100
-2.715 51.511 220.106
141.500 38.300 225.718
-79.573 8.962 247.971
-76.578 39.267 274.705
-90.285 -0.437 244.374
-125.136 48.836 244.890
2.163 41.342 224.104
-68.205 44.392 269.915
12.903 55.756 218.757
-1.515 43.527 216.109
109.083 21.483 218.632
-128.143 52.163 219.723
-64.700 32.400 276.484
-3.050 43.357 224.411
-6.340 36.800 222.086
141.917 -10.600 252.232
-71.052 42.355 273.735
1.578 50.727 228.337
-4.500 48.383 230.163
-73.182 41.173 273.507
153.167 -27.367 253.524
122.217 -18.000 258.043
-77.100 3.900 232.492
-58.500 -34.667 164.279
152.380 -24.767 256.813
145.915 -41.050 240.436
-109.908 22.880 269.771
-6.283 36.533 225.228
1.868 50.969 219.540
-77.150 -12.050 217.933
-76.068 38.573 280.178
-125.247 50.042 239.310
-47.925 -25.017 199.547
147.058 -19.277 243.483
18.433 -33.900 252.221
-74.960 38.968 276.941
113.652 -24.898 260.193
-75.533 10.383 250.967
-9.417 38.692 230.121
15.094 37.498 209.239
103.187 5.265 240.366
-5.317 35.900 212.270
91.050 22.217 204.699
-124.322 43.345 256.710
-79.925 32.782 270.425
-64.920 18.335 256.756
-63.117 46.233 270.633
-1.635 49.651 220.276
-76.113 36.967 280.272
142.200 27.100 254.031
140.867 35.750 234.373
-157.472 1.982 261.485
-94.200 58.783 172.678
96.883 -12.117 276.988
-1.890 47.277 226.489
-145.753 60.558 230.618
-97.217 27.580 249.880
91.833 21.450 202.612
-124.183 41.745 256.400
-79.915 9.355 251.095
1.302 52.934 230.816
8.717 53.867 221.359
130.850 -12.467 255.575
20.385 60.032 167.546
6.933 53.326 224.315
4.746 52.965 220.887
-4.185 50.368 233.005
1.085 49.929 239.376
-2.088 47.306 224.249
108.617 19.100 227.536
1.318 51.117 230.960
-75.740 36.183 283.243
2.367 51.048 224.653
31.050 -29.867 249.266
27.917 -33.017 258.847
-109.448 -27.150 184.334
-66.985 44.903 271.039
162.387 11.430 277.659
-116.633 31.850 273.228
8.433 55.467 223.588
-79.647 0.992 227.472
121.900 -33.867 252.077
-64.267 -65.250 -102.229
1.348 51.957 231.110
-81.467 30.672 267.862
-4.983 52.014 226.609
18.211 60.409 159.064
151.233 -33.850 245.255
-80.902 32.033 267.903
-95.308 28.948 254.827
115.717 -32.050 254.689
-166.288 23.868 277.788
139.933 40.650 229.798
128.850 32.700 243.501
-123.451 48.769 246.447
179.195 -8.525 261.979
-16.907 32.640 265.864
21.231 64.916 130.920
-94.793 29.310 249.339
73.152 -0.687 267.850
11.933 54.567 217.025
102.107 6.227 233.787
-5.350 36.117 215.895
-3.018 53.450 211.931
11.791 57.685 200.586
-89.957 29.263 236.823
144.650 13.433 260.894
-110.900 27.933 256.930
141.533 40.533 247.060
110.283 20.017 216.263
140.717 41.783 228.476
-63.583 44.667 276.758
132.067 34.900 218.049
27.179 60.563 186.586
145.567 43.283 246.540
22.977 59.823 187.068
1.284 51.947 235.809
9.101 63.425 189.932
24.956 60.154 188.432
-2.920 54.032 210.072
115.738 -31.825 254.353
-155.067 19.733 277.108
-3.134 51.215 225.128
89.467 21.783 206.623
147.330 -42.887 238.842
4.120 51.977 221.037
-4.631 53.308 224.706
114.217 22.300 221.213
159.957 -9.425 270.236
25.973 70.980 207.948
-157.867 21.307 281.820
12.467 56.100 215.786
131.683 32.417 230.292
-124.217 40.767 258.896
-4.111 51.211 228.497
-43.165 -22.897 210.179
-0.186 53.631 226.841
124.167 24.333 234.325
-169.530 16.738 269.336
103.792 1.462 245.402
-78.833 -33.622 179.804
-134.412 58.298 225.530
130.567 31.583 229.395
-156.467 20.900 282.556
23.096 65.697 135.123
121.282 28.088 211.147
-171.718 -2.810 259.789
120.288 22.615 234.236
154.777 1.098 260.997
21.215 62.344 136.497
139.750 35.517 245.584
121.745 25.157 223.921
101.358 3.050 236.604
102.153 2.215 246.794
24.515 65.673 132.668
70.220 -49.345 290.037
-131.625 55.333 235.532
-81.808 24.553 270.360
-5.050 58.457 218.522
12.894 55.522 224.678
23.033 -34.050 245.835
99.817 11.795 231.069
98.425 7.832 246.817
135.183 34.683 222.075
133.567 33.500 220.193
-152.512 57.732 249.061
134.583 34.017 223.967
116.067 5.983 239.606
103.430 3.975 242.878
130.200 32.600 238.591
103.443 1.325 248.266
15.589 56.105 216.103
11.127 58.997 191.673
135.767 33.483 228.265
144.367 42.983 222.585
167.733 8.733 273.106
-8.400 43.367 238.486
-117.257 32.867 266.809
-80.917 -2.200 232.820
-110.345 24.162 268.736
-1.221 46.158 217.961
-87.817 13.333 256.770
17.865 58.742 192.622
99.765 6.432 244.369
177.433 -17.600 252.633
-4.781 48.359 233.808
0.106 49.482 215.237
-1.765 47.205 220.552
123.750 13.150 248.602
-3.182 55.990 225.345
-1.140 60.155 229.241
-1.794 46.497 223.422
-75.120 38.782 273.490
119.417 34.750 219.947
-64.753 17.697 250.805
10.299 43.546 210.821
-3.825 53.332 212.323
-80.717 -6.933 222.513
159.067 -31.517 251.723
-118.272 33.720 257.046
-64.883 47.083 293.420
1.751 52.473 225.384
15.150 -26.650 261.797
100.613 4.240 237.467
121.617 32.133 211.736
5.113 61.934 212.730
-67.047 17.972 257.684
137.617 34.683 217.178
135.383 35.467 241.223
171.373 7.107 270.296
130.300 31.267 227.027
-4.417 36.717 223.223
134.463 7.330 261.486
73.527 4.190 259.459
-7.333 55.367 223.777
120.967 14.583 238.084
21.463 61.594 148.816
174.500 -35.833 235.016
16.837 58.554 196.034
173.200 52.833 263.272
-72.117 -17.000 210.444
132.717 33.867 236.962
-81.432 30.395 269.711
-106.422 23.198 260.641
139.817 34.917 237.342
15.563 38.196 214.580
-177.367 28.217 268.512
-5.014 51.702 229.400
-4.906 55.750 214.163
50.600 26.233 196.661
130.450 32.617 237.103
139.482 34.067 235.540
141.983 39.650 257.822
-157.800 21.433 283.516
7.421 43.729 211.653
-71.960 41.048 272.902
-121.888 36.605 265.281
22.133 -34.183 252.669
134.167 33.267 219.622
129.867 32.733 239.489
136.883 35.083 220.923
127.667 26.200 244.365
129.842 29.842 239.404
-1.634 47.194 224.911
-70.097 41.285 274.644
176.917 -39.483 237.952
14.269 40.841 215.024
166.905 -0.528 259.918
-159.350 21.967 274.195
129.495 28.382 244.003
-124.617 48.368 246.682
-72.087 41.355 270.215
-74.015 40.700 272.038
0.057 50.782 217.139
-5.542 50.102 233.166
-71.327 41.505 275.933
-122.910 49.200 241.790
130.992 30.735 242.075
-1.440 55.007 222.887
-60.250 46.217 284.240
166.437 -22.292 260.513
-175.167 -21.133 250.168
-140.082 -8.930 248.557
11.950 78.933 182.331
141.717 39.067 227.929
141.750 39.017 227.160
139.383 34.783 242.849
17.097 57.366 201.750
138.217 34.617 226.404
140.900 36.933 228.190
135.433 34.650 220.732
16.478 57.275 202.447
10.734 59.909 189.684
25.418 65.040 135.576
130.217 32.983 231.901
136.217 34.067 225.645
-170.683 -14.283 263.004
-81.167 -5.083 226.927
-149.567 -17.525 227.636
-123.451 48.654 243.314
100.347 5.422 236.115
-158.053 -8.977 242.529
-87.213 30.403 257.995
-75.142 39.933 279.705
22.690 63.709 138.950
158.243 6.987 264.305
-123.253 49.337 246.578
-25.672 37.735 268.543
-123.440 48.125 242.354
-59.133 47.567 286.662
-1.062 45.569 224.188
25.630 -33.960 255.730
118.575 -20.318 258.299
150.912 -34.473 249.525
57.495 -20.155 278.150
16.867 -29.250 254.131
-3.446 47.644 220.212
3.107 42.520 219.047
-127.489 50.722 223.623
-97.215 26.060 251.047
-70.247 43.657 273.740
141.600 -38.333 237.198
-5.120 54.843 220.383
-120.760 35.177 264.192
-1.112 50.803 220.617
-130.324 54.317 214.846
-71.401 41.807 270.573
-87.950 15.833 258.328
-15.417 28.133 252.397
-72.967 -41.483 116.582
-67.617 -54.933 47.984
-132.072 53.252 239.521
24.407 64.666 135.595
-159.775 -21.207 226.606
20.895 63.986 134.586
21.426 61.133 149.853
-75.573 39.558 287.463
-21.940 64.151 207.963
-134.953 -23.125 223.221
12.113 57.250 199.702
-97.047 28.022 253.834
63.418 -19.668 266.707
11.230 64.859 188.621
-3.966 48.718 227.404
150.790 -23.162 254.973
-17.750 28.683 262.849
-93.870 29.730 238.259
133.333 36.200 244.905
-2.246 47.140 222.515
-1.682 43.395 217.786
-2.028 48.641 225.345
-2.202 47.267 223.234
-66.063 45.251 271.145
145.742 15.227 243.258
133.250 35.550 218.958
17.950 -33.017 257.103
-95.203 16.160 254.404
-117.173 32.713 265.164
-80.108 -26.292 193.073
-122.465 37.807 255.188
-90.833 13.917 258.545
-66.117 18.460 257.938
-160.502 55.337 255.882
-74.009 40.467 272.528
-90.313 -0.755 250.643
-118.500 34.008 254.183
-122.339 47.603 242.573
104.115 1.932 241.504
-151.720 59.441 239.391
-149.427 60.120 237.615
-76.330 36.947 276.952
115.350 22.750 220.134
0.743 51.442 230.714
119.550 35.383 224.596
138.517 35.017 227.488
135.383 33.683 229.873
18.433 -34.183 254.330
14.358 55.557 223.169
-135.342 57.052 238.368
19.012 63.191 133.622
-135.327 59.450 227.655
12.829 55.417 221.135
11.218 58.354 193.589
-76.452 38.317 280.170
-124.043 44.625 252.675
17.531 62.363 139.138
147.933 -42.550 246.546
-78.918 33.655 269.081
-82.627 27.760 262.512
-52.717 47.567 280.224
11.832 58.093 201.486
-123.181 49.125 246.206
-2.117 49.183 226.161
18.082 59.325 179.324
-6.389 58.207 227.927
134.900 34.350 225.693
178.427 -18.132 255.136
39.600 -69.000 161.989
134.050 34.350 222.259
-81.282 -4.582 227.650
103.853 1.262 243.207
135.183 34.333 227.021
174.033 -39.050 218.211
-5.600 36.000 211.556
176.183 -37.650 227.253
117.883 4.233 246.445
-16.240 28.480 262.185
133.640 -32.150 245.516
104.140 2.807 243.777
136.850 34.467 226.049
-6.064 56.623 220.487
-125.913 49.154 238.067
139.767 35.650 231.774
132.967 32.783 225.796
5.913 43.117 213.007
146.833 -19.250 244.328
137.217 36.767 229.290
7.567 58.000 218.949
13.750 45.650 196.730
151.850 7.450 259.862
-78.730 1.817 227.551
22.101 60.428 169.883
138.883 35.017 230.677
-5.158 57.895 222.232
-166.537 53.880 262.805
133.950 34.483 219.315
135.900 33.567 223.830
132.550 33.233 236.643
21.571 63.081 134.383
-146.362 61.125 231.102
-0.330 39.460 220.027
-71.633 -33.033 166.794
-123.110 49.287 246.717
12.217 57.100 206.406
31.100 70.333 211.191
12.426 45.419 196.769
-123.370 48.422 241.579
12.579 56.142 212.528
18.284 57.639 208.933
135.150 34.217 227.460
166.617 19.283 255.959
141.683 45.400 236.113
14.500 -22.950 261.478
-77.022 38.873 271.974
174.783 -41.283 223.090
-2.448 50.608 222.569
-0.614 54.490 226.465
-3.086 58.441 229.866
-123.965 46.708 249.487
-73.782 40.793 272.446
-77.953 34.227 268.074
18.419 54.797 204.758
-62.700 45.683 279.504
-70.672 41.523 270.646
-3.568 54.651 218.576
128.102 -15.453 248.961
118.067 24.450 224.350
-139.733 59.548 230.007
138.128 9.508 247.683
-66.117 43.833 277.379
139.633 35.467 234.841
13.817 55.417 219.978
39.190 -6.155 244.948
111.833 21.583 222.663
