144.283 44.017 162.544
-2.075 57.143 168.095
131.417 31.583 167.158
-89.833 13.583 192.077
-99.912 16.840 187.561
-176.632 51.863 191.707
-122.298 37.772 193.369
-126.931 50.587 170.362
-5.433 36.117 154.693
-149.890 61.238 179.077
-76.482 38.983 209.190
-70.400 -23.650 135.618
-53.983 47.300 201.034
-13.530 28.972 180.941
-123.767 46.208 193.181
-74.418 39.355 213.233
-2.715 51.511 163.556
141.500 38.300 162.076
-79.573 8.962 181.878
-76.578 39.267 208.554
-90.285 -0.437 179.683
-125.136 48.836 187.896
2.163 41.342 162.178
-68.205 44.392 199.055
12.903 55.756 155.617
-1.515 43.527 158.085
109.083 21.483 158.285
-128.143 52.163 164.465
-64.700 32.400 210.624
-3.050 43.357 164.646
-6.340 36.800 163.167
141.917 -10.600 186.129
-71.052 42.355 206.213
1.578 50.727 167.391
-4.500 48.383 171.686
-73.182 41.173 207.263
153.167 -27.367 184.434
122.217 -18.000 190.478
-77.100 3.900 171.316
-58.500 -34.667 116.682
152.380 -24.767 188.371
145.915 -41.050 177.474
-109.908 22.880 202.144
-6.283 36.533 163.883
1.868 50.969 162.512
-77.150 -12.050 158.638
-76.068 38.573 210.643
-125.247 50.042 182.034
-47.925 -25.017 142.359
147.058 -19.277 178.503
18.433 -33.900 182.491
-74.960 38.968 207.966
113.652 -24.898 193.685
-75.533 10.383 183.266
-9.417 38.692 170.078
15.094 37.498 154.792
103.187 5.265 176.723
-5.317 35.900 156.166
91.050 22.217 149.811
-124.322 43.345 196.352
-79.925 32.782 204.131
-64.920 18.335 191.524
-63.117 46.233 201.247
-1.635 49.651 162.750
-76.113 36.967 212.167
142.200 27.100 181.877
140.867 35.750 168.083
-157.472 1.982 194.263
-94.200 58.783 115.042
96.883 -12.117 204.386
-1.890 47.277 168.397
-145.753 60.558 174.593
-97.217 27.580 188.802
91.833 21.450 148.655
-124.183 41.745 195.776
-79.915 9.355 184.252
1.302 52.934 169.381
8.717 53.867 161.452
130.850 -12.467 187.977
20.385 60.032 101.735
6.933 53.326 166.281
4.746 52.965 161.197
-4.185 50.368 174.264
1.085 49.929 174.741
-2.088 47.306 167.281
108.617 19.100 165.555
1.318 51.117 168.879
-75.740 36.183 213.360
2.367 51.048 163.991
31.050 -29.867 183.940
27.917 -33.017 188.910
-109.448 -27.150 135.528
-66.985 44.903 202.246
162.387 11.430 202.297
-116.633 31.850 204.844
8.433 55.467 164.210
-79.647 0.992 168.140
121.900 -33.867 188.473
-64.267 -65.250 -103.492
1.348 51.957 170.337
-81.467 30.672 203.620
-4.983 52.014 167.302
18.211 60.409 96.788
151.233 -33.850 180.552
-80.902 32.033 203.860
-95.308 28.948 192.761
115.717 -32.050 191.267
-166.288 23.868 203.149
139.933 40.650 164.582
128.850 32.700 172.606
-123.451 48.769 188.925
179.195 -8.525 195.301
-16.907 32.640 190.675
21.231 64.916 71.863
-94.793 29.310 186.696
73.152 -0.687 195.298
11.933 54.567 157.301
102.107 6.227 169.191
-5.350 36.117 159.315
-3.018 53.450 153.250
11.791 57.685 140.272
-89.957 29.263 175.484
144.650 13.433 188.847
-110.900 27.933 191.984
141.533 40.533 173.890
110.283 20.017 160.125
140.717 41.783 162.370
-63.583 44.667 210.125
132.067 34.900 157.756
27.179 60.563 124.301
145.567 43.283 172.958
22.977 59.823 123.662
1.284 51.947 171.990
9.101 63.425 129.913
24.956 60.154 125.720
-2.920 54.032 152.126
115.738 -31.825 191.542
-155.067 19.733 202.024
-3.134 51.215 166.276
89.467 21.783 151.436
147.330 -42.887 172.353
4.120 51.977 161.041
-4.631 53.308 166.142
114.217 22.300 162.257
159.957 -9.425 200.071
25.973 70.980 143.589
-157.867 21.307 207.043
12.467 56.100 152.601
131.683 32.417 167.584
-124.217 40.767 197.700
-4.111 51.211 169.960
-43.165 -22.897 149.701
-0.186 53.631 167.922
124.167 24.333 169.804
-169.530 16.738 197.465
103.792 1.462 177.259
-78.833 -33.622 131.674
-134.412 58.298 171.131
130.567 31.583 164.882
-156.467 20.900 206.112
23.096 65.697 74.639
121.282 28.088 155.706
-171.718 -2.810 193.973
120.288 22.615 168.477
154.777 1.098 194.482
21.215 62.344 76.223
139.750 35.517 172.781
121.745 25.157 163.155
101.358 3.050 171.941
102.153 2.215 180.584
24.515 65.673 72.217
70.220 -49.345 207.089
-131.625 55.333 177.518
-81.808 24.553 199.840
-5.050 58.457 161.108
12.894 55.522 159.392
23.033 -34.050 181.195
99.817 11.795 165.301
98.425 7.832 180.874
135.183 34.683 162.324
133.567 33.500 161.086
-152.512 57.732 188.502
134.583 34.017 162.352
116.067 5.983 175.707
103.430 3.975 177.607
130.200 32.600 168.414
103.443 1.325 176.775
15.589 56.105 150.722
11.127 58.997 131.306
135.767 33.483 164.062
144.367 42.983 162.805
167.733 8.733 201.495
-8.400 43.367 174.956
-117.257 32.867 198.767
-80.917 -2.200 169.789
-110.345 24.162 202.289
-1.221 46.158 162.235
-87.817 13.333 191.529
17.865 58.742 127.304
99.765 6.432 179.423
177.433 -17.600 185.135
-4.781 48.359 174.280
0.106 49.482 159.016
-1.765 47.205 165.903
123.750 13.150 179.352
-3.182 55.990 163.821
-1.140 60.155 168.696
-1.794 46.497 166.695
-75.120 38.782 206.226
119.417 34.750 156.098
-64.753 17.697 188.598
10.299 43.546 151.716
-3.825 53.332 153.809
-80.717 -6.933 162.892
159.067 -31.517 181.258
-118.272 33.720 194.553
-64.883 47.083 226.403
1.751 52.473 166.728
15.150 -26.650 188.466
100.613 4.240 172.012
121.617 32.133 154.659
5.113 61.934 152.184
-67.047 17.972 191.073
137.617 34.683 159.961
135.383 35.467 169.997
171.373 7.107 199.337
130.300 31.267 163.983
-4.417 36.717 159.907
134.463 7.330 192.286
73.527 4.190 188.365
-7.333 55.367 165.237
120.967 14.583 169.417
21.463 61.594 86.461
174.500 -35.833 167.846
16.837 58.554 130.018
173.200 52.833 193.463
-72.117 -17.000 152.744
132.717 33.867 169.784
-81.432 30.395 204.994
-106.422 23.198 194.412
139.817 34.917 169.153
15.563 38.196 156.401
-177.367 28.217 196.771
-5.014 51.702 171.694
-4.906 55.750 156.839
50.600 26.233 139.923
130.450 32.617 167.698
139.482 34.067 168.801
141.983 39.650 178.608
-157.800 21.433 207.435
7.421 43.729 152.730
-71.960 41.048 206.079
-121.888 36.605 200.440
22.133 -34.183 183.377
134.167 33.267 160.993
129.867 32.733 169.189
136.883 35.083 162.254
127.667 26.200 173.325
129.842 29.842 171.124
-1.634 47.194 167.478
-70.097 41.285 207.492
176.917 -39.483 165.930
14.269 40.841 154.695
166.905 -0.528 192.651
-159.350 21.967 201.433
129.495 28.382 172.961
-124.617 48.368 189.459
-72.087 41.355 202.454
-74.015 40.700 206.304
0.057 50.782 158.150
-5.542 50.102 173.556
-71.327 41.505 208.876
-122.910 49.200 186.534
130.992 30.735 171.965
-1.440 55.007 162.765
-60.250 46.217 218.829
166.437 -22.292 189.290
-175.167 -21.133 182.081
-140.082 -8.930 184.904
11.950 78.933 134.634
141.717 39.067 162.871
141.750 39.017 162.522
139.383 34.783 172.862
17.097 57.366 139.125
138.217 34.617 163.994
140.900 36.933 162.854
135.433 34.650 161.510
16.478 57.275 139.284
10.734 59.909 129.729
25.418 65.040 75.219
130.217 32.983 165.256
136.217 34.067 163.697
-170.683 -14.283 194.296
-81.167 -5.083 166.716
-149.567 -17.525 168.517
-123.451 48.654 188.691
100.347 5.422 171.700
-158.053 -8.977 182.614
-87.213 30.403 195.488
-75.142 39.933 212.706
22.690 63.709 76.865
158.243 6.987 195.276
-123.253 49.337 189.022
-25.672 37.735 194.898
-123.440 48.125 187.924
-59.133 47.567 221.813
-1.062 45.569 166.122
25.630 -33.960 186.783
118.575 -20.318 190.904
150.912 -34.473 183.599
57.495 -20.155 205.659
16.867 -29.250 182.900
-3.446 47.644 164.123
3.107 42.520 159.087
-127.489 50.722 169.909
-97.215 26.060 187.947
-70.247 43.657 206.186
141.600 -38.333 175.276
-5.120 54.843 162.980
-120.760 35.177 199.020
-1.112 50.803 162.305
-130.324 54.317 162.309
-71.401 41.807 203.988
-87.950 15.833 190.137
-15.417 28.133 182.875
-72.967 -41.483 80.927
-67.617 -54.933 26.049
-132.072 53.252 181.953
24.407 64.666 74.421
-159.775 -21.207 167.815
20.895 63.986 72.916
21.426 61.133 86.864
-75.573 39.558 216.276
-21.940 64.151 158.900
-134.953 -23.125 165.184
12.113 57.250 139.640
-97.047 28.022 189.945
63.418 -19.668 198.554
11.230 64.859 129.858
-3.966 48.718 169.701
150.790 -23.162 187.526
-17.750 28.683 188.627
-93.870 29.730 176.814
133.333 36.200 172.647
-2.246 47.140 165.813
-1.682 43.395 159.294
-2.028 48.641 167.245
-2.202 47.267 166.598
-66.063 45.251 201.508
145.742 15.227 180.309
133.250 35.550 156.953
17.950 -33.017 186.149
-95.203 16.160 190.010
-117.173 32.713 198.529
-80.108 -26.292 141.720
-122.465 37.807 193.028
-90.833 13.917 192.455
-66.117 18.460 191.060
-160.502 55.337 191.961
-74.009 40.467 205.819
-90.313 -0.755 185.336
-118.500 34.008 191.349
-122.339 47.603 188.106
104.115 1.932 175.987
-151.720 59.441 180.623
-149.427 60.120 180.754
-76.330 36.947 210.148
115.350 22.750 160.557
0.743 51.442 169.224
119.550 35.383 158.153
138.517 35.017 164.484
135.383 33.683 164.651
18.433 -34.183 183.770
14.358 55.557 157.611
-135.342 57.052 182.846
19.012 63.191 74.762
-135.327 59.450 172.864
12.829 55.417 157.948
11.218 58.354 131.640
-76.452 38.317 210.934
-124.043 44.625 194.688
17.531 62.363 77.986
147.933 -42.550 174.214
-78.918 33.655 204.849
-82.627 27.760 198.004
-52.717 47.567 214.254
11.832 58.093 140.459
-123.181 49.125 189.269
-2.117 49.183 167.919
18.082 59.325 115.062
-6.389 58.207 168.752
134.900 34.350 162.576
178.427 -18.132 185.186
39.600 -69.000 111.529
134.050 34.350 161.275
-81.282 -4.582 167.170
103.853 1.262 176.007
135.183 34.333 163.595
174.033 -39.050 154.477
-5.600 36.000 156.359
176.183 -37.650 159.982
117.883 4.233 178.204
-16.240 28.480 188.717
133.640 -32.150 182.844
104.140 2.807 176.526
136.850 34.467 163.737
-6.064 56.623 162.149
-125.913 49.154 181.359
139.767 35.650 167.014
132.967 32.783 165.467
5.913 43.117 156.547
146.833 -19.250 177.887
137.217 36.767 162.525
7.567 58.000 156.354
13.750 45.650 146.446
151.850 7.450 191.088
-78.730 1.817 166.937
22.101 60.428 104.783
138.883 35.017 165.907
-5.158 57.895 162.710
-166.537 53.880 197.083
133.950 34.483 157.242
135.900 33.567 162.630
132.550 33.233 169.859
21.571 63.081 73.102
-146.362 61.125 174.655
-0.330 39.460 160.665
-71.633 -33.033 117.544
-123.110 49.287 189.530
12.217 57.100 144.902
31.100 70.333 146.030
12.426 45.419 147.325
-123.370 48.422 186.939
12.579 56.142 150.496
18.284 57.639 144.156
135.150 34.217 163.625
166.617 19.283 188.240
141.683 45.400 166.859
14.500 -22.950 186.847
-77.022 38.873 205.654
174.783 -41.283 155.327
-2.448 50.608 165.083
-0.614 54.490 165.966
-3.086 58.441 167.876
-123.965 46.708 193.109
-73.782 40.793 207.126
-77.953 34.227 202.917
18.419 54.797 141.477
-62.700 45.683 211.518
-70.672 41.523 203.732
-3.568 54.651 161.026
128.102 -15.453 181.183
118.067 24.450 162.189
-139.733 59.548 174.698
138.128 9.508 182.172
-66.117 43.833 207.862
139.633 35.467 168.114
13.817 55.417 155.875
39.190 -6.155 179.296
111.833 21.583 160.472
