144.283 44.017 109.204
-2.075 57.143 114.391
131.417 31.583 121.088
-89.833 13.583 131.365
-99.912 16.840 121.190
-176.632 51.863 129.186
-122.298 37.772 119.393
-126.931 50.587 90.224
-5.433 36.117 95.033
-149.890 61.238 107.653
-76.482 38.983 143.499
-70.400 -23.650 102.887
-53.983 47.300 133.577
-13.530 28.972 130.510
-123.767 46.208 114.998
-74.418 39.355 148.979
-2.715 51.511 106.079
141.500 38.300 113.832
-79.573 8.962 125.112
-76.578 39.267 142.163
-90.285 -0.437 125.318
-125.136 48.836 110.179
2.163 41.342 113.191
-68.205 44.392 135.422
12.903 55.756 112.049
-1.515 43.527 104.300
109.083 21.483 114.178
-128.143 52.163 86.772
-64.700 32.400 139.885
-3.050 43.357 112.248
-6.340 36.800 107.508
141.917 -10.600 128.714
-71.052 42.355 139.879
1.578 50.727 117.859
-4.500 48.383 114.532
-73.182 41.173 140.280
153.167 -27.367 135.142
122.217 -18.000 131.917
-77.100 3.900 117.324
-58.500 -34.667 93.907
152.380 -24.767 137.150
145.915 -41.050 125.169
-109.908 22.880 135.610
-6.283 36.533 109.866
1.868 50.969 108.632
-77.150 -12.050 117.291
-76.068 38.573 146.161
-125.247 50.042 104.166
-47.925 -25.017 108.833
147.058 -19.277 123.083
18.433 -33.900 135.158
-74.960 38.968 142.682
113.652 -24.898 129.849
-75.533 10.383 128.433
-9.417 38.692 112.441
15.094 37.498 103.895
103.187 5.265 123.668
-5.317 35.900 99.384
91.050 22.217 102.868
-124.322 43.345 121.049
-79.925 32.782 136.820
-64.920 18.335 125.948
-63.117 46.233 138.805
-1.635 49.651 107.350
-76.113 36.967 146.244
142.200 27.100 137.482
140.867 35.750 121.860
-157.472 1.982 133.860
-94.200 58.783 42.282
96.883 -12.117 143.999
-1.890 47.277 112.710
-145.753 60.558 100.818
-97.217 27.580 118.972
91.833 21.450 100.959
-124.183 41.745 119.784
-79.915 9.355 128.648
1.302 52.934 118.568
8.717 53.867 112.842
130.850 -12.467 131.922
20.385 60.032 62.580
6.933 53.326 115.625
4.746 52.965 110.940
-4.185 50.368 116.636
1.085 49.929 127.617
-2.088 47.306 110.466
108.617 19.100 121.769
1.318 51.117 119.427
-75.740 36.183 148.904
2.367 51.048 114.056
31.050 -29.867 126.628
27.917 -33.017 137.781
-109.448 -27.150 99.983
-66.985 44.903 136.839
162.387 11.430 149.255
-116.633 31.850 136.400
8.433 55.467 114.103
-79.647 0.992 112.236
121.900 -33.867 124.622
-64.267 -65.250 6.454
1.348 51.957 119.865
-81.467 30.672 134.019
-4.983 52.014 111.285
18.211 60.409 53.463
151.233 -33.850 130.109
-80.902 32.033 134.673
-95.308 28.948 122.978
115.717 -32.050 125.458
-166.288 23.868 143.502
139.933 40.650 119.118
128.850 32.700 136.140
-123.451 48.769 111.805
179.195 -8.525 136.580
-16.907 32.640 142.373
21.231 64.916 26.049
-94.793 29.310 118.047
73.152 -0.687 143.285
11.933 54.567 111.231
102.107 6.227 117.805
-5.350 36.117 102.500
-3.018 53.450 97.722
11.791 57.685 92.450
-89.957 29.263 104.382
144.650 13.433 137.935
-110.900 27.933 124.907
141.533 40.533 136.650
110.283 20.017 110.431
140.717 41.783 118.288
-63.583 44.667 142.761
132.067 34.900 109.530
27.179 60.563 84.646
145.567 43.283 134.632
22.977 59.823 83.187
1.284 51.947 124.399
9.101 63.425 79.530
24.956 60.154 85.961
-2.920 54.032 95.839
115.738 -31.825 125.132
-155.067 19.733 140.405
-3.134 51.215 111.169
89.467 21.783 105.436
147.330 -42.887 126.863
4.120 51.977 111.076
-4.631 53.308 109.652
114.217 22.300 113.639
159.957 -9.425 143.490
25.973 70.980 98.300
-157.867 21.307 145.734
12.467 56.100 109.015
131.683 32.417 120.356
-124.217 40.767 122.981
-4.111 51.211 113.221
-43.165 -22.897 114.325
-0.186 53.631 114.176
124.167 24.333 124.001
-169.530 16.738 136.392
103.792 1.462 124.531
-78.833 -33.622 112.071
-134.412 58.298 95.149
130.567 31.583 121.176
-156.467 20.900 145.898
23.096 65.697 30.037
121.282 28.088 105.834
-171.718 -2.810 134.319
120.288 22.615 124.929
154.777 1.098 135.004
21.215 62.344 30.848
139.750 35.517 133.370
121.745 25.157 116.428
101.358 3.050 119.452
102.153 2.215 129.508
24.515 65.673 26.853
70.220 -49.345 165.173
-131.625 55.333 102.854
-81.808 24.553 137.074
-5.050 58.457 100.876
12.894 55.522 118.937
23.033 -34.050 126.171
99.817 11.795 119.104
98.425 7.832 132.128
135.183 34.683 111.388
133.567 33.500 109.972
-152.512 57.732 117.917
134.583 34.017 113.265
116.067 5.983 122.799
103.430 3.975 126.076
130.200 32.600 129.750
103.443 1.325 129.611
15.589 56.105 110.967
11.127 58.997 82.809
135.767 33.483 117.537
144.367 42.983 109.734
167.733 8.733 145.285
-8.400 43.367 121.404
-117.257 32.867 130.915
-80.917 -2.200 120.906
-110.345 24.162 136.609
-1.221 46.158 104.978
-87.817 13.333 131.460
17.865 58.742 85.999
99.765 6.432 128.442
177.433 -17.600 131.771
-4.781 48.359 118.229
0.106 49.482 103.833
-1.765 47.205 106.781
123.750 13.150 134.766
-3.182 55.990 110.634
-1.140 60.155 113.270
-1.794 46.497 109.142
-75.120 38.782 139.690
119.417 34.750 119.132
-64.753 17.697 120.992
10.299 43.546 103.116
-3.825 53.332 97.993
-80.717 -6.933 115.044
159.067 -31.517 134.304
-118.272 33.720 120.555
-64.883 47.083 158.265
1.751 52.473 114.303
15.150 -26.650 144.022
100.613 4.240 120.451
121.617 32.133 108.845
5.113 61.934 99.425
-67.047 17.972 127.624
137.617 34.683 105.332
135.383 35.467 131.724
171.373 7.107 141.409
130.300 31.267 117.986
-4.417 36.717 110.917
134.463 7.330 139.747
73.527 4.190 138.996
-7.333 55.367 106.418
120.967 14.583 123.669
21.463 61.594 43.272
174.500 -35.833 128.792
16.837 58.554 90.810
173.200 52.833 137.533
-72.117 -17.000 116.743
132.717 33.867 126.260
-81.432 30.395 135.974
-106.422 23.198 127.979
139.817 34.917 123.964
15.563 38.196 109.724
-177.367 28.217 135.989
-5.014 51.702 112.926
-4.906 55.750 97.115
50.600 26.233 99.875
130.450 32.617 127.962
139.482 34.067 122.985
141.983 39.650 143.020
-157.800 21.433 144.791
7.421 43.729 104.401
-71.960 41.048 137.715
-121.888 36.605 128.538
22.133 -34.183 133.681
134.167 33.267 109.303
129.867 32.733 131.125
136.883 35.083 109.048
127.667 26.200 132.958
129.842 29.842 129.355
-1.634 47.194 110.822
-70.097 41.285 139.808
176.917 -39.483 137.761
14.269 40.841 109.592
166.905 -0.528 133.873
-159.350 21.967 138.450
129.495 28.382 132.107
-124.617 48.368 111.621
-72.087 41.355 136.216
-74.015 40.700 139.421
0.057 50.782 105.055
-5.542 50.102 116.486
-71.327 41.505 142.245
-122.910 49.200 106.410
130.992 30.735 130.977
-1.440 55.007 108.771
-60.250 46.217 152.325
166.437 -22.292 139.819
-175.167 -21.133 134.091
-140.082 -8.930 131.237
11.950 78.933 62.642
141.717 39.067 115.574
141.750 39.017 115.246
139.383 34.783 132.387
17.097 57.366 97.118
138.217 34.617 113.988
140.900 36.933 114.981
135.433 34.650 109.961
16.478 57.275 97.375
10.734 59.909 81.299
25.418 65.040 29.975
130.217 32.983 123.221
136.217 34.067 113.685
-170.683 -14.283 142.238
-81.167 -5.083 117.610
-149.567 -17.525 115.697
-123.451 48.654 108.817
100.347 5.422 118.936
-158.053 -8.977 120.468
-87.213 30.403 125.138
-75.142 39.933 147.741
22.690 63.709 34.759
158.243 6.987 138.517
-123.253 49.337 112.063
-25.672 37.735 140.559
-123.440 48.125 108.208
-59.133 47.567 152.019
-1.062 45.569 111.319
25.630 -33.960 135.267
118.575 -20.318 130.375
150.912 -34.473 134.068
57.495 -20.155 144.569
16.867 -29.250 136.818
-3.446 47.644 105.290
3.107 42.520 109.330
-127.489 50.722 89.781
-97.215 26.060 119.099
-70.247 43.657 140.252
141.600 -38.333 119.829
-5.120 54.843 104.580
-120.760 35.177 127.642
-1.112 50.803 107.217
-130.324 54.317 82.763
-71.401 41.807 135.737
-87.950 15.833 129.709
-15.417 28.133 132.015
-72.967 -41.483 72.606
-67.617 -54.933 59.522
-132.072 53.252 105.797
24.407 64.666 31.153
-159.775 -21.207 115.453
20.895 63.986 29.257
21.426 61.133 44.434
-75.573 39.558 154.559
-21.940 64.151 85.186
-134.953 -23.125 124.424
12.113 57.250 91.766
-97.047 28.022 121.897
63.418 -19.668 130.834
11.230 64.859 78.653
-3.966 48.718 111.363
150.790 -23.162 136.037
-17.750 28.683 139.377
-93.870 29.730 107.997
133.333 36.200 135.029
-2.246 47.140 108.430
-1.682 43.395 105.912
-2.028 48.641 111.330
-2.202 47.267 109.509
-66.063 45.251 137.737
145.742 15.227 121.278
133.250 35.550 110.994
17.950 -33.017 139.950
-95.203 16.160 125.186
-117.173 32.713 129.447
-80.108 -26.292 110.620
-122.465 37.807 119.030
-90.833 13.917 131.536
-66.117 18.460 128.442
-160.502 55.337 124.355
-74.009 40.467 138.822
-90.313 -0.755 131.949
-118.500 34.008 117.944
-122.339 47.603 108.169
104.115 1.932 121.453
-151.720 59.441 109.416
-149.427 60.120 106.731
-76.330 36.947 142.666
115.350 22.750 113.513
0.743 51.442 119.255
119.550 35.383 123.147
138.517 35.017 115.616
135.383 33.683 118.199
18.433 -34.183 136.132
14.358 55.557 115.916
-135.342 57.052 105.686
19.012 63.191 27.817
-135.327 59.450 97.023
12.829 55.417 114.375
11.218 58.354 84.520
-76.452 38.317 146.543
-124.043 44.625 117.107
17.531 62.363 32.722
147.933 -42.550 134.518
-78.918 33.655 135.676
-82.627 27.760 128.724
-52.717 47.567 145.855
11.832 58.093 92.849
-123.181 49.125 111.131
-2.117 49.183 112.378
18.082 59.325 73.395
-6.389 58.207 110.375
134.900 34.350 115.915
178.427 -18.132 134.032
39.600 -69.000 102.228
134.050 34.350 111.350
-81.282 -4.582 116.709
103.853 1.262 123.046
135.183 34.333 116.158
174.033 -39.050 115.062
-5.600 36.000 98.652
176.183 -37.650 123.611
117.883 4.233 129.659
-16.240 28.480 141.297
133.640 -32.150 123.569
104.140 2.807 124.844
136.850 34.467 114.587
-6.064 56.623 102.842
-125.913 49.154 102.804
139.767 35.650 119.610
132.967 32.783 115.102
5.913 43.117 103.695
146.833 -19.250 124.309
137.217 36.767 118.738
7.567 58.000 107.748
13.750 45.650 91.930
151.850 7.450 133.959
-78.730 1.817 111.365
22.101 60.428 65.155
138.883 35.017 118.534
-5.158 57.895 104.281
-166.537 53.880 131.883
133.950 34.483 111.102
135.900 33.567 112.951
132.550 33.233 126.612
21.571 63.081 28.902
-146.362 61.125 102.086
-0.330 39.460 109.093
-71.633 -33.033 96.739
-123.110 49.287 112.008
12.217 57.100 97.649
31.100 70.333 104.338
12.426 45.419 91.981
-123.370 48.422 107.133
12.579 56.142 105.735
18.284 57.639 104.196
135.150 34.217 116.346
166.617 19.283 128.189
141.683 45.400 124.710
14.500 -22.950 144.540
-77.022 38.873 138.262
174.783 -41.283 123.385
-2.448 50.608 107.905
-0.614 54.490 112.768
-3.086 58.441 112.900
-123.965 46.708 114.174
-73.782 40.793 138.232
-77.953 34.227 133.727
18.419 54.797 102.257
-62.700 45.683 146.189
-70.672 41.523 135.503
-3.568 54.651 103.221
128.102 -15.453 127.423
118.067 24.450 116.602
-139.733 59.548 98.792
138.128 9.508 125.384
-66.117 43.833 141.898
139.633 35.467 123.560
13.817 55.417 115.208
39.190 -6.155 128.750
111.833 21.583 118.405
