144.283 44.017 194.573
-2.075 57.143 201.246
131.417 31.583 198.566
-89.833 13.583 228.085
-99.912 16.840 224.633
-176.632 51.863 228.685
-122.298 37.772 232.437
-126.931 50.587 208.535
-5.433 36.117 187.172
-149.890 61.238 216.422
-76.482 38.983 247.380
-70.400 -23.650 159.987
-53.983 47.300 239.796
-13.530 28.972 214.747
-123.767 46.208 232.081
-74.418 39.355 250.920
-2.715 51.511 196.185
141.500 38.300 193.957
-79.573 8.962 216.888
-76.578 39.267 246.358
-90.285 -0.437 213.665
-125.136 48.836 226.641
2.163 41.342 193.889
-68.205 44.392 235.986
12.903 55.756 186.605
-1.515 43.527 190.238
109.083 21.483 189.014
-128.143 52.163 202.683
-64.700 32.400 250.115
-3.050 43.357 196.826
-6.340 36.800 195.927
141.917 -10.600 221.248
-71.052 42.355 245.276
1.578 50.727 199.021
-4.500 48.383 204.494
-73.182 41.173 245.562
153.167 -27.367 218.704
122.217 -18.000 226.697
-77.100 3.900 204.455
-58.500 -34.667 136.936
152.380 -24.767 222.526
145.915 -41.050 210.111
-109.908 22.880 240.435
-6.283 36.533 196.591
1.868 50.969 193.896
-77.150 -12.050 187.207
-76.068 38.573 249.012
-125.247 50.042 220.521
-47.925 -25.017 168.169
147.058 -19.277 212.931
18.433 -33.900 216.366
-74.960 38.968 246.627
113.652 -24.898 230.975
-75.533 10.383 218.505
-9.417 38.692 203.707
15.094 37.498 185.073
103.187 5.265 210.400
-5.317 35.900 188.471
91.050 22.217 178.893
-124.322 43.345 234.991
-79.925 32.782 242.412
-64.920 18.335 229.042
-63.117 46.233 239.841
-1.635 49.651 195.207
-76.113 36.967 250.670
142.200 27.100 215.524
140.867 35.750 200.123
-157.472 1.982 230.922
-94.200 58.783 152.153
96.883 -12.117 242.620
-1.890 47.277 200.935
-145.753 60.558 211.529
-97.217 27.580 225.710
91.833 21.450 177.506
-124.183 41.745 234.992
-79.915 9.355 218.635
1.302 52.934 201.962
8.717 53.867 192.803
130.850 -12.467 223.584
20.385 60.032 131.597
6.933 53.326 197.398
4.746 52.965 192.590
-4.185 50.368 207.350
1.085 49.929 206.453
-2.088 47.306 199.698
108.617 19.100 195.196
1.318 51.117 200.309
-75.740 36.183 251.768
2.367 51.048 195.715
31.050 -29.867 219.137
27.917 -33.017 223.643
-109.448 -27.150 159.668
-66.985 44.903 238.719
162.387 11.430 238.808
-116.633 31.850 243.134
8.433 55.467 195.936
-79.647 0.992 201.116
121.900 -33.867 224.766
-64.267 -65.250 -135.512
1.348 51.957 201.724
-81.467 30.672 241.380
-4.983 52.014 200.599
18.211 60.409 126.940
151.233 -33.850 214.169
-80.902 32.033 241.896
-95.308 28.948 230.353
115.717 -32.050 228.286
-166.288 23.868 240.800
139.933 40.650 196.055
128.850 32.700 203.101
-123.451 48.769 227.966
179.195 -8.525 230.607
-16.907 32.640 226.351
21.231 64.916 102.489
-94.793 29.310 224.328
73.152 -0.687 230.452
11.933 54.567 187.592
102.107 6.227 202.227
-5.350 36.117 191.721
-3.018 53.450 185.950
11.791 57.685 171.250
-89.957 29.263 214.378
144.650 13.433 224.534
-110.900 27.933 230.115
141.533 40.533 205.749
110.283 20.017 190.048
140.717 41.783 194.336
-63.583 44.667 247.747
132.067 34.900 188.502
27.179 60.563 153.188
145.567 43.283 205.333
22.977 59.823 152.824
1.284 51.947 204.086
9.101 63.425 161.275
24.956 60.154 154.493
-2.920 54.032 184.629
115.738 -31.825 228.158
-155.067 19.733 241.424
-3.134 51.215 199.063
89.467 21.783 180.337
147.330 -42.887 204.550
4.120 51.977 192.609
-4.631 53.308 198.794
114.217 22.300 192.780
159.957 -9.425 236.057
25.973 70.980 175.281
-157.867 21.307 246.457
12.467 56.100 183.185
131.683 32.417 198.886
-124.217 40.767 237.168
-4.111 51.211 203.126
-43.165 -22.897 177.091
-0.186 53.631 200.166
124.167 24.333 201.578
-169.530 16.738 235.279
103.792 1.462 211.362
-78.833 -33.622 150.221
-134.412 58.298 208.655
130.567 31.583 195.914
-156.467 20.900 245.316
23.096 65.697 104.512
121.282 28.088 185.758
-171.718 -2.810 229.658
120.288 22.615 200.138
154.777 1.098 230.411
21.215 62.344 106.290
139.750 35.517 205.804
121.745 25.157 193.865
101.358 3.050 205.353
102.153 2.215 213.586
24.515 65.673 102.077
70.220 -49.345 242.597
-131.625 55.333 215.880
-81.808 24.553 238.083
-5.050 58.457 194.440
12.894 55.522 190.438
23.033 -34.050 215.418
99.817 11.795 197.313
98.425 7.832 213.400
135.183 34.683 193.776
133.567 33.500 192.643
-152.512 57.732 226.671
134.583 34.017 193.838
116.067 5.983 208.480
103.430 3.975 211.287
130.200 32.600 199.454
103.443 1.325 211.291
15.589 56.105 180.524
11.127 58.997 162.109
135.767 33.483 195.672
144.367 42.983 195.188
167.733 8.733 237.740
-8.400 43.367 208.608
-117.257 32.867 237.691
-80.917 -2.200 201.873
-110.345 24.162 240.094
-1.221 46.158 194.432
-87.817 13.333 228.034
17.865 58.742 157.005
99.765 6.432 212.819
177.433 -17.600 219.667
-4.781 48.359 207.823
0.106 49.482 190.938
-1.765 47.205 198.398
123.750 13.150 211.903
-3.182 55.990 197.064
-1.140 60.155 202.180
-1.794 46.497 199.389
-75.120 38.782 244.649
119.417 34.750 185.358
-64.753 17.697 225.677
10.299 43.546 182.326
-3.825 53.332 186.335
-80.717 -6.933 193.916
159.067 -31.517 214.724
-118.272 33.720 232.517
-64.883 47.083 265.325
1.751 52.473 198.074
15.150 -26.650 222.259
100.613 4.240 205.638
121.617 32.133 184.064
5.113 61.934 184.562
-67.047 17.972 227.726
137.617 34.683 191.710
135.383 35.467 201.350
171.373 7.107 235.536
130.300 31.267 195.112
-4.417 36.717 192.219
134.463 7.330 227.217
73.527 4.190 221.150
-7.333 55.367 198.472
120.967 14.583 201.712
21.463 61.594 116.581
174.500 -35.833 198.818
16.837 58.554 160.545
173.200 52.833 228.443
-72.117 -17.000 179.640
132.717 33.867 201.012
-81.432 30.395 243.667
-106.422 23.198 232.163
139.817 34.917 201.511
15.563 38.196 186.444
-177.367 28.217 234.801
-5.014 51.702 204.413
-4.906 55.750 189.896
50.600 26.233 167.573
130.450 32.617 198.677
139.482 34.067 200.881
141.983 39.650 210.700
-157.800 21.433 245.651
7.421 43.729 183.335
-71.960 41.048 244.474
-121.888 36.605 239.696
22.133 -34.183 217.196
134.167 33.267 192.387
129.867 32.733 200.959
136.883 35.083 194.343
127.667 26.200 205.629
129.842 29.842 202.818
-1.634 47.194 200.304
-70.097 41.285 245.902
176.917 -39.483 193.731
14.269 40.841 185.103
166.905 -0.528 229.421
-159.350 21.967 239.615
129.495 28.382 204.588
-124.617 48.368 227.736
-72.087 41.355 241.109
-74.015 40.700 243.760
0.057 50.782 190.435
-5.542 50.102 207.328
-71.327 41.505 246.864
-122.910 49.200 224.813
130.992 30.735 203.113
-1.440 55.007 195.508
-60.250 46.217 256.762
166.437 -22.292 224.033
-175.167 -21.133 215.829
-140.082 -8.930 218.852
11.950 78.933 166.126
141.717 39.067 194.842
141.750 39.017 194.784
139.383 34.783 205.156
17.097 57.366 169.368
138.217 34.617 196.234
140.900 36.933 195.278
135.433 34.650 193.207
16.478 57.275 168.916
10.734 59.909 161.116
25.418 65.040 104.974
130.217 32.983 196.410
136.217 34.067 195.818
-170.683 -14.283 228.226
-81.167 -5.083 198.116
-149.567 -17.525 200.510
-123.451 48.654 227.015
100.347 5.422 205.222
-158.053 -8.977 217.182
-87.213 30.403 233.634
-75.142 39.933 250.905
22.690 63.709 106.697
158.243 6.987 231.239
-123.253 49.337 227.681
-25.672 37.735 231.053
-123.440 48.125 226.578
-59.133 47.567 258.485
-1.062 45.569 198.437
25.630 -33.960 221.380
118.575 -20.318 227.585
150.912 -34.473 215.932
57.495 -20.155 244.366
16.867 -29.250 216.545
-3.446 47.644 197.090
3.107 42.520 190.423
-127.489 50.722 208.247
-97.215 26.060 226.192
-70.247 43.657 244.976
141.600 -38.333 208.892
-5.120 54.843 195.973
-120.760 35.177 238.119
-1.112 50.803 194.710
-130.324 54.317 200.461
-71.401 41.807 243.124
-87.950 15.833 227.094
-15.417 28.133 216.851
-72.967 -41.483 93.374
-67.617 -54.933 22.533
-132.072 53.252 220.193
24.407 64.666 104.910
-159.775 -21.207 199.829
20.895 63.986 103.442
21.426 61.133 116.875
-75.573 39.558 254.302
-21.940 64.151 193.506
-134.953 -23.125 192.944
12.113 57.250 170.753
-97.047 28.022 227.828
63.418 -19.668 237.299
11.230 64.859 161.347
-3.966 48.718 202.928
150.790 -23.162 221.950
-17.750 28.683 223.496
-93.870 29.730 214.895
133.333 36.200 203.304
-2.246 47.140 198.470
-1.682 43.395 191.177
-2.028 48.641 199.697
-2.202 47.267 198.973
-66.063 45.251 239.887
145.742 15.227 215.192
133.250 35.550 187.736
17.950 -33.017 219.668
-95.203 16.160 226.509
-117.173 32.713 236.735
-80.108 -26.292 165.059
-122.465 37.807 231.379
-90.833 13.917 228.835
-66.117 18.460 228.248
-160.502 55.337 229.504
-74.009 40.467 244.233
-90.313 -0.755 219.117
-118.500 34.008 230.281
-122.339 47.603 226.454
104.115 1.932 210.120
-151.720 59.441 217.548
-149.427 60.120 217.597
-76.330 36.947 248.352
115.350 22.750 191.029
0.743 51.442 200.501
119.550 35.383 186.966
138.517 35.017 196.803
135.383 33.683 196.306
18.433 -34.183 217.110
14.358 55.557 187.744
-135.342 57.052 220.997
19.012 63.191 105.422
-135.327 59.450 210.031
12.829 55.417 188.351
11.218 58.354 162.803
-76.452 38.317 249.120
-124.043 44.625 233.607
17.531 62.363 108.548
147.933 -42.550 206.535
-78.918 33.655 243.686
-82.627 27.760 236.397
-52.717 47.567 252.277
11.832 58.093 171.742
-123.181 49.125 227.836
-2.117 49.183 200.336
18.082 59.325 145.587
-6.389 58.207 202.627
134.900 34.350 194.222
178.427 -18.132 220.072
39.600 -69.000 128.611
134.050 34.350 192.785
-81.282 -4.582 198.869
103.853 1.262 210.371
135.183 34.333 195.083
174.033 -39.050 183.809
-5.600 36.000 188.772
176.183 -37.650 189.541
117.883 4.233 211.715
-16.240 28.480 223.451
133.640 -32.150 217.648
104.140 2.807 210.428
136.850 34.467 195.576
-6.064 56.623 195.166
-125.913 49.154 219.813
139.767 35.650 198.825
132.967 32.783 196.931
5.913 43.117 187.829
146.833 -19.250 212.257
137.217 36.767 194.472
7.567 58.000 188.180
13.750 45.650 176.346
151.850 7.450 226.691
-78.730 1.817 200.093
22.101 60.428 134.864
138.883 35.017 197.877
-5.158 57.895 196.294
-166.537 53.880 234.390
133.950 34.483 188.285
135.900 33.567 194.198
132.550 33.233 200.905
21.571 63.081 102.846
-146.362 61.125 212.169
-0.330 39.460 192.285
-71.633 -33.033 137.203
-123.110 49.287 228.217
12.217 57.100 175.464
31.100 70.333 176.694
12.426 45.419 177.347
-123.370 48.422 225.435
12.579 56.142 181.032
18.284 57.639 174.180
135.150 34.217 195.255
166.617 19.283 224.864
141.683 45.400 198.980
14.500 -22.950 220.554
-77.022 38.873 244.184
174.783 -41.283 183.204
-2.448 50.608 197.446
-0.614 54.490 198.580
-3.086 58.441 200.866
-123.965 46.708 231.602
-73.782 40.793 245.108
-77.953 34.227 241.420
18.419 54.797 171.108
-62.700 45.683 249.738
-70.672 41.523 242.377
-3.568 54.651 193.935
128.102 -15.453 215.747
118.067 24.450 193.092
-139.733 59.548 211.908
138.128 9.508 216.962
-66.117 43.833 245.584
139.633 35.467 200.064
13.817 55.417 185.541
39.190 -6.155 212.518
111.833 21.583 190.624
