144.283 44.017 90.525
-2.075 57.143 94.118
131.417 31.583 97.339
-89.833 13.583 108.780
-99.912 16.840 102.611
-176.632 51.863 105.755
-122.298 37.772 101.710
-126.931 50.587 79.272
-5.433 36.117 80.887
-149.890 61.238 91.153
-76.482 38.983 122.039
-70.400 -23.650 82.768
-53.983 47.300 112.135
-13.530 28.972 105.216
-123.767 46.208 101.505
-74.418 39.355 125.350
-2.715 51.511 89.879
141.500 38.300 91.461
-79.573 8.962 103.741
-76.578 39.267 121.182
-90.285 -0.437 104.071
-125.136 48.836 96.141
2.163 41.342 91.844
-68.205 44.392 110.820
12.903 55.756 90.098
-1.515 43.527 85.715
109.083 21.483 93.100
-128.143 52.163 73.006
-64.700 32.400 119.139
-3.050 43.357 91.685
-6.340 36.800 89.038
141.917 -10.600 106.894
-71.052 42.355 118.486
1.578 50.727 96.001
-4.500 48.383 95.824
-73.182 41.173 118.637
153.167 -27.367 111.408
122.217 -18.000 109.860
-77.100 3.900 96.370
-58.500 -34.667 73.676
152.380 -24.767 111.907
145.915 -41.050 103.431
-109.908 22.880 113.111
-6.283 36.533 90.524
1.868 50.969 90.675
-77.150 -12.050 95.168
-76.068 38.573 123.187
-125.247 50.042 90.095
-47.925 -25.017 87.011
147.058 -19.277 102.233
18.433 -33.900 108.595
-74.960 38.968 120.684
113.652 -24.898 109.793
-75.533 10.383 105.970
-9.417 38.692 93.584
15.094 37.498 87.222
103.187 5.265 102.691
-5.317 35.900 83.700
91.050 22.217 86.138
-124.322 43.345 104.925
-79.925 32.782 116.975
-64.920 18.335 105.149
-63.117 46.233 117.577
-1.635 49.651 89.501
-76.113 36.967 124.462
142.200 27.100 110.873
140.867 35.750 97.197
-157.472 1.982 110.257
-94.200 58.783 24.995
96.883 -12.117 119.661
-1.890 47.277 93.767
-145.753 60.558 85.839
-97.217 27.580 101.341
91.833 21.450 84.361
-124.183 41.745 103.987
-79.915 9.355 106.306
1.302 52.934 97.399
8.717 53.867 93.108
130.850 -12.467 109.258
20.385 60.032 39.210
6.933 53.326 96.675
4.746 52.965 91.557
-4.185 50.368 98.477
1.085 49.929 103.863
-2.088 47.306 92.492
108.617 19.100 99.295
1.318 51.117 97.713
-75.740 36.183 125.943
2.367 51.048 92.613
31.050 -29.867 104.240
27.917 -33.017 113.033
-109.448 -27.150 82.613
-66.985 44.903 114.570
162.387 11.430 120.868
-116.633 31.850 114.357
8.433 55.467 94.215
-79.647 0.992 94.171
121.900 -33.867 105.330
-64.267 -65.250 -15.207
1.348 51.957 99.013
-81.467 30.672 116.300
-4.983 52.014 91.693
18.211 60.409 32.047
151.233 -33.850 107.680
-80.902 32.033 116.827
-95.308 28.948 105.998
115.717 -32.050 107.151
-166.288 23.868 115.480
139.933 40.650 95.247
128.850 32.700 105.812
-123.451 48.769 96.991
179.195 -8.525 114.966
-16.907 32.640 113.438
21.231 64.916 5.504
-94.793 29.310 101.714
73.152 -0.687 117.737
11.933 54.567 89.435
102.107 6.227 96.692
-5.350 36.117 86.219
-3.018 53.450 81.088
11.791 57.685 71.407
-89.957 29.263 88.850
144.650 13.433 110.057
-110.900 27.933 103.633
141.533 40.533 105.187
110.283 20.017 92.596
140.717 41.783 93.946
-63.583 44.667 119.845
132.067 34.900 89.742
27.179 60.563 63.434
145.567 43.283 102.900
22.977 59.823 59.669
1.284 51.947 101.388
9.101 63.425 60.347
24.956 60.154 64.593
-2.920 54.032 79.615
115.738 -31.825 106.743
-155.067 19.733 113.595
-3.134 51.215 93.042
89.467 21.783 87.470
147.330 -42.887 101.453
4.120 51.977 91.347
-4.631 53.308 90.342
114.217 22.300 93.803
159.957 -9.425 120.294
25.973 70.980 75.399
-157.867 21.307 119.032
12.467 56.100 85.865
131.683 32.417 96.721
-124.217 40.767 106.130
-4.111 51.211 94.572
-43.165 -22.897 90.535
-0.186 53.631 94.444
124.167 24.333 100.302
-169.530 16.738 110.732
103.792 1.462 101.606
-78.833 -33.622 90.235
-134.412 58.298 80.566
130.567 31.583 96.532
-156.467 20.900 118.032
23.096 65.697 10.739
121.282 28.088 88.682
-171.718 -2.810 110.948
120.288 22.615 100.607
154.777 1.098 112.872
21.215 62.344 10.981
139.750 35.517 103.067
121.745 25.157 95.105
101.358 3.050 97.389
102.153 2.215 106.347
24.515 65.673 7.622
70.220 -49.345 130.603
-131.625 55.333 87.304
-81.808 24.553 113.090
-5.050 58.457 83.915
12.894 55.522 94.322
23.033 -34.050 104.441
99.817 11.795 95.568
98.425 7.832 108.198
135.183 34.683 91.359
133.567 33.500 90.375
-152.512 57.732 99.556
134.583 34.017 91.779
116.067 5.983 101.140
103.430 3.975 103.357
130.200 32.600 101.852
103.443 1.325 102.567
15.589 56.105 86.372
11.127 58.997 61.847
135.767 33.483 94.255
144.367 42.983 89.653
167.733 8.733 119.152
-8.400 43.367 99.722
-117.257 32.867 109.255
-80.917 -2.200 99.568
-110.345 24.162 112.335
-1.221 46.158 88.265
-87.817 13.333 109.605
17.865 58.742 63.227
99.765 6.432 106.444
177.433 -17.600 108.388
-4.781 48.359 99.225
0.106 49.482 85.503
-1.765 47.205 90.530
123.750 13.150 107.021
-3.182 55.990 89.352
-1.140 60.155 93.432
-1.794 46.497 91.476
-75.120 38.782 119.211
119.417 34.750 93.727
-64.753 17.697 102.973
10.299 43.546 83.842
-3.825 53.332 81.521
-80.717 -6.933 94.204
159.067 -31.517 108.460
-118.272 33.720 104.202
-64.883 47.083 140.113
1.751 52.473 95.094
15.150 -26.650 113.435
100.613 4.240 97.894
121.617 32.133 90.098
5.113 61.934 79.945
-67.047 17.972 105.806
137.617 34.683 86.965
135.383 35.467 103.651
171.373 7.107 116.002
130.300 31.267 95.370
-4.417 36.717 88.677
134.463 7.330 114.160
73.527 4.190 113.260
-7.333 55.367 88.606
120.967 14.583 98.450
21.463 61.594 21.735
174.500 -35.833 102.641
16.837 58.554 66.018
173.200 52.833 111.238
-72.117 -17.000 93.370
132.717 33.867 99.916
-81.432 30.395 117.801
-106.422 23.198 107.430
139.817 34.917 98.256
15.563 38.196 90.019
-177.367 28.217 112.947
-5.014 51.702 94.916
-4.906 55.750 80.751
50.600 26.233 79.857
130.450 32.617 100.778
139.482 34.067 97.573
141.983 39.650 109.667
-157.800 21.433 118.495
7.421 43.729 84.569
-71.960 41.048 117.773
-121.888 36.605 109.193
22.133 -34.183 107.896
134.167 33.267 90.206
129.867 32.733 103.011
136.883 35.083 89.695
127.667 26.200 105.421
129.842 29.842 102.859
-1.634 47.194 93.174
-70.097 41.285 117.708
176.917 -39.483 106.091
14.269 40.841 88.387
166.905 -0.528 110.130
-159.350 21.967 112.671
129.495 28.382 106.004
-124.617 48.368 96.845
-72.087 41.355 115.741
-74.015 40.700 117.312
0.057 50.782 86.394
-5.542 50.102 97.722
-71.327 41.505 118.823
-122.910 49.200 93.797
130.992 30.735 103.444
-1.440 55.007 89.122
-60.250 46.217 129.440
166.437 -22.292 113.472
-175.167 -21.133 110.074
-140.082 -8.930 108.100
11.950 78.933 52.139
141.717 39.067 92.710
141.750 39.017 92.625
139.383 34.783 102.375
17.097 57.366 75.003
138.217 34.617 92.238
140.900 36.933 92.355
135.433 34.650 90.427
16.478 57.275 75.270
10.734 59.909 60.806
25.418 65.040 10.787
130.217 32.983 97.901
136.217 34.067 92.656
-170.683 -14.283 118.981
-81.167 -5.083 96.210
-149.567 -17.525 96.083
-123.451 48.654 97.006
100.347 5.422 97.934
-158.053 -8.977 102.461
-87.213 30.403 107.620
-75.142 39.933 125.482
22.690 63.709 13.067
158.243 6.987 113.513
-123.253 49.337 96.871
-25.672 37.735 113.151
-123.440 48.125 96.230
-59.133 47.567 131.088
-1.062 45.569 92.411
25.630 -33.960 110.300
118.575 -20.318 108.545
150.912 -34.473 110.832
57.495 -20.155 121.707
16.867 -29.250 108.461
-3.446 47.644 88.672
3.107 42.520 88.691
-127.489 50.722 78.946
-97.215 26.060 101.115
-70.247 43.657 116.315
141.600 -38.333 100.014
-5.120 54.843 86.722
-120.760 35.177 107.826
-1.112 50.803 89.155
-130.324 54.317 72.012
-71.401 41.807 114.926
-87.950 15.833 109.292
-15.417 28.133 106.295
-72.967 -41.483 55.547
-67.617 -54.933 41.822
-132.072 53.252 90.575
24.407 64.666 10.493
-159.775 -21.207 96.526
20.895 63.986 8.214
21.426 61.133 22.213
-75.573 39.558 128.392
-21.940 64.151 73.688
-134.953 -23.125 102.197
12.113 57.250 71.236
-97.047 28.022 103.272
63.418 -19.668 111.015
11.230 64.859 59.445
-3.966 48.718 93.810
150.790 -23.162 110.297
-17.750 28.683 111.594
-93.870 29.730 91.286
133.333 36.200 106.514
-2.246 47.140 90.953
-1.682 43.395 87.013
-2.028 48.641 92.838
-2.202 47.267 91.410
-66.063 45.251 115.452
145.742 15.227 100.911
133.250 35.550 90.402
17.950 -33.017 111.993
-95.203 16.160 105.008
-117.173 32.713 107.920
-80.108 -26.292 89.436
-122.465 37.807 100.902
-90.833 13.917 110.025
-66.117 18.460 105.787
-160.502 55.337 104.457
-74.009 40.467 117.938
-90.313 -0.755 109.819
-118.500 34.008 101.692
-122.339 47.603 96.385
104.115 1.932 99.868
-151.720 59.441 92.808
-149.427 60.120 92.136
-76.330 36.947 121.906
115.350 22.750 93.575
0.743 51.442 97.983
119.550 35.383 95.704
138.517 35.017 92.860
135.383 33.683 94.746
18.433 -34.183 109.690
14.358 55.557 91.865
-135.342 57.052 91.849
19.012 63.191 9.199
-135.327 59.450 82.228
12.829 55.417 92.181
11.218 58.354 63.018
-76.452 38.317 123.764
-124.043 44.625 102.534
17.531 62.363 12.300
147.933 -42.550 106.520
-78.918 33.655 118.318
-82.627 27.760 110.482
-52.717 47.567 123.034
11.832 58.093 72.005
-123.181 49.125 97.410
-2.117 49.183 94.073
18.082 59.325 49.236
-6.389 58.207 91.759
134.900 34.350 92.502
178.427 -18.132 109.309
39.600 -69.000 79.128
134.050 34.350 90.756
-81.282 -4.582 95.996
103.853 1.262 100.168
135.183 34.333 93.298
174.033 -39.050 92.154
-5.600 36.000 82.892
176.183 -37.650 99.276
117.883 4.233 105.888
-16.240 28.480 112.220
133.640 -32.150 103.849
104.140 2.807 101.349
136.850 34.467 92.898
-6.064 56.623 85.712
-125.913 49.154 89.229
139.767 35.650 95.960
132.967 32.783 94.487
5.913 43.117 85.907
146.833 -19.250 101.801
137.217 36.767 95.139
7.567 58.000 86.902
13.750 45.650 77.842
151.850 7.450 110.121
-78.730 1.817 93.047
22.101 60.428 42.142
138.883 35.017 94.480
-5.158 57.895 86.257
-166.537 53.880 108.963
133.950 34.483 90.519
135.900 33.567 91.805
132.550 33.233 99.770
21.571 63.081 8.523
-146.362 61.125 86.623
-0.330 39.460 89.351
-71.633 -33.033 75.973
-123.110 49.287 97.205
12.217 57.100 76.246
31.100 70.333 79.645
12.426 45.419 78.415
-123.370 48.422 95.526
12.579 56.142 83.543
18.284 57.639 79.646
135.150 34.217 93.341
166.617 19.283 105.292
141.683 45.400 98.855
14.500 -22.950 113.923
-77.022 38.873 118.442
174.783 -41.283 96.645
-2.448 50.608 91.397
-0.614 54.490 92.660
-3.086 58.441 93.036
-123.965 46.708 100.931
-73.782 40.793 118.291
-77.953 34.227 116.270
18.419 54.797 79.401
-62.700 45.683 124.672
-70.672 41.523 114.637
-3.568 54.651 85.286
128.102 -15.453 103.432
118.067 24.450 94.491
-139.733 59.548 84.841
138.128 9.508 103.326
-66.117 43.833 118.718
139.633 35.467 97.471
13.817 55.417 90.072
39.190 -6.155 105.669
111.833 21.583 94.918
