144.283 44.017 189.648
-2.075 57.143 196.952
131.417 31.583 199.338
-89.833 13.583 221.641
-99.912 16.840 213.855
-176.632 51.863 222.429
-122.298 37.772 216.564
-126.931 50.587 186.037
-5.433 36.117 175.737
-149.890 61.238 200.104
-76.482 38.983 238.218
-70.400 -23.650 164.174
-53.983 47.300 229.942
-13.530 28.972 215.812
-123.767 46.208 211.694
-74.418 39.355 243.563
-2.715 51.511 187.761
141.500 38.300 194.004
-79.573 8.962 213.030
-76.578 39.267 237.311
-90.285 -0.437 209.549
-125.136 48.836 206.178
2.163 41.342 192.140
-68.205 44.392 229.279
12.903 55.756 187.782
-1.515 43.527 184.419
109.083 21.483 188.804
-128.143 52.163 181.784
-64.700 32.400 237.297
-3.050 43.357 191.871
-6.340 36.800 189.508
141.917 -10.600 217.605
-71.052 42.355 236.263
1.578 50.727 197.349
-4.500 48.383 196.769
-73.182 41.173 235.413
153.167 -27.367 220.543
122.217 -18.000 221.959
-77.100 3.900 199.576
-58.500 -34.667 143.913
152.380 -24.767 222.389
145.915 -41.050 207.569
-109.908 22.880 231.844
-6.283 36.533 192.033
1.868 50.969 187.847
-77.150 -12.050 188.678
-76.068 38.573 242.719
-125.247 50.042 200.752
-47.925 -25.017 173.608
147.058 -19.277 209.398
18.433 -33.900 219.839
-74.960 38.968 238.422
113.652 -24.898 222.418
-75.533 10.383 215.215
-9.417 38.692 196.435
15.094 37.498 178.991
103.187 5.265 207.234
-5.317 35.900 179.806
91.050 22.217 175.217
-124.322 43.345 218.013
-79.925 32.782 232.608
-64.920 18.335 219.360
-63.117 46.233 234.365
-1.635 49.651 188.238
-76.113 36.967 241.706
142.200 27.100 220.150
140.867 35.750 202.766
-157.472 1.982 225.106
-94.200 58.783 137.526
96.883 -12.117 238.952
-1.890 47.277 194.033
-145.753 60.558 193.468
-97.217 27.580 212.680
91.833 21.450 173.555
-124.183 41.745 217.560
-79.915 9.355 216.363
1.302 52.934 198.956
8.717 53.867 190.511
130.850 -12.467 219.750
20.385 60.032 137.635
6.933 53.326 193.416
4.746 52.965 189.582
-4.185 50.368 199.562
1.085 49.929 206.439
-2.088 47.306 191.571
108.617 19.100 196.985
1.318 51.117 198.715
-75.740 36.183 244.450
2.367 51.048 193.250
31.050 -29.867 214.503
27.917 -33.017 224.167
-109.448 -27.150 160.147
-66.985 44.903 233.247
162.387 11.430 241.086
-116.633 31.850 233.135
8.433 55.467 192.866
-79.647 0.992 194.410
121.900 -33.867 215.701
-64.267 -65.250 -73.461
1.348 51.957 199.072
-81.467 30.672 229.209
-4.983 52.014 193.244
18.211 60.409 128.636
151.233 -33.850 212.328
-80.902 32.033 230.466
-95.308 28.948 217.108
115.717 -32.050 217.927
-166.288 23.868 238.271
139.933 40.650 199.179
128.850 32.700 212.814
-123.451 48.769 207.979
179.195 -8.525 225.350
-16.907 32.640 230.587
21.231 64.916 101.353
-94.793 29.310 211.507
73.152 -0.687 232.797
11.933 54.567 187.385
102.107 6.227 200.396
-5.350 36.117 183.681
-3.018 53.450 179.370
11.791 57.685 169.994
-89.957 29.263 198.800
144.650 13.433 226.032
-110.900 27.933 219.873
141.533 40.533 216.125
110.283 20.017 185.894
140.717 41.783 196.243
-63.583 44.667 238.210
132.067 34.900 186.977
27.179 60.563 157.365
145.567 43.283 213.556
22.977 59.823 157.094
1.284 51.947 203.586
9.101 63.425 158.497
24.956 60.154 158.890
-2.920 54.032 177.443
115.738 -31.825 217.743
-155.067 19.733 238.473
-3.134 51.215 192.097
89.467 21.783 177.845
147.330 -42.887 207.014
4.120 51.977 189.446
-4.631 53.308 191.936
114.217 22.300 190.611
159.957 -9.425 233.668
25.973 70.980 175.233
-157.867 21.307 243.010
12.467 56.100 185.596
131.683 32.417 198.313
-124.217 40.767 219.792
-4.111 51.211 195.417
-43.165 -22.897 182.741
-0.186 53.631 194.901
124.167 24.333 202.879
-169.530 16.738 231.845
103.792 1.462 211.209
-78.833 -33.622 159.219
-134.412 58.298 188.161
130.567 31.583 198.372
-156.467 20.900 242.286
23.096 65.697 105.047
121.282 28.088 180.952
-171.718 -2.810 224.218
120.288 22.615 201.976
154.777 1.098 226.159
21.215 62.344 106.466
139.750 35.517 213.867
121.745 25.157 193.533
101.358 3.050 202.916
102.153 2.215 212.747
24.515 65.673 102.104
70.220 -49.345 256.249
-131.625 55.333 196.809
-81.808 24.553 232.306
-5.050 58.457 184.675
12.894 55.522 194.130
23.033 -34.050 211.594
99.817 11.795 198.601
98.425 7.832 213.545
135.183 34.683 190.393
133.567 33.500 188.749
-152.512 57.732 211.457
134.583 34.017 192.240
116.067 5.983 206.243
103.430 3.975 209.735
130.200 32.600 206.584
103.443 1.325 214.466
15.589 56.105 186.635
11.127 58.997 160.191
135.767 33.483 196.857
144.367 42.983 190.431
167.733 8.733 237.565
-8.400 43.367 204.735
-117.257 32.867 226.490
-80.917 -2.200 200.923
-110.345 24.162 232.225
-1.221 46.158 185.576
-87.817 13.333 221.518
17.865 58.742 160.954
99.765 6.432 211.179
177.433 -17.600 218.740
-4.781 48.359 201.105
0.106 49.482 183.761
-1.765 47.205 188.298
123.750 13.150 217.065
-3.182 55.990 192.030
-1.140 60.155 195.911
-1.794 46.497 190.600
-75.120 38.782 235.243
119.417 34.750 191.394
-64.753 17.697 213.714
10.299 43.546 180.072
-3.825 53.332 179.576
-80.717 -6.933 192.848
159.067 -31.517 218.544
-118.272 33.720 218.802
-64.883 47.083 255.837
1.751 52.473 193.739
15.150 -26.650 227.617
100.613 4.240 204.562
121.617 32.133 182.291
5.113 61.934 179.992
-67.047 17.972 221.196
137.617 34.683 184.970
135.383 35.467 210.745
171.373 7.107 232.576
130.300 31.267 195.794
-4.417 36.717 191.420
134.463 7.330 227.603
73.527 4.190 223.656
-7.333 55.367 190.619
120.967 14.583 204.810
21.463 61.594 119.089
174.500 -35.833 205.084
16.837 58.554 164.457
173.200 52.833 227.252
-72.117 -17.000 184.070
132.717 33.867 205.147
-81.432 30.395 231.553
-106.422 23.198 222.028
139.817 34.917 205.242
15.563 38.196 184.568
-177.367 28.217 231.412
-5.014 51.702 195.798
-4.906 55.750 180.620
50.600 26.233 168.884
130.450 32.617 205.242
139.482 34.067 202.774
141.983 39.650 226.047
-157.800 21.433 242.538
7.421 43.729 180.876
-71.960 41.048 233.983
-121.888 36.605 226.261
22.133 -34.183 217.596
134.167 33.267 188.439
129.867 32.733 209.456
136.883 35.083 189.277
127.667 26.200 212.467
129.842 29.842 208.160
-1.634 47.194 192.225
-70.097 41.285 235.884
176.917 -39.483 208.391
14.269 40.841 184.928
166.905 -0.528 224.785
-159.350 21.967 235.588
129.495 28.382 212.928
-124.617 48.368 208.476
-72.087 41.355 231.914
-74.015 40.700 233.969
0.057 50.782 184.894
-5.542 50.102 199.722
-71.327 41.505 237.084
-122.910 49.200 202.909
130.992 30.735 211.078
-1.440 55.007 190.517
-60.250 46.217 246.297
166.437 -22.292 227.758
-175.167 -21.133 218.107
-140.082 -8.930 214.179
11.950 78.933 146.990
141.717 39.067 195.317
141.750 39.017 194.963
139.383 34.783 212.524
17.097 57.366 171.848
138.217 34.617 193.957
140.900 36.933 195.529
135.433 34.650 189.003
16.478 57.275 171.584
10.734 59.909 159.007
25.418 65.040 105.341
130.217 32.983 201.547
136.217 34.067 193.484
-170.683 -14.283 228.110
-81.167 -5.083 196.034
-149.567 -17.525 195.296
-123.451 48.654 205.228
100.347 5.422 202.303
-158.053 -8.977 208.560
-87.213 30.403 220.050
-75.142 39.933 242.383
22.690 63.709 109.120
158.243 6.987 227.912
-123.253 49.337 207.623
-25.672 37.735 232.518
-123.440 48.125 203.932
-59.133 47.567 250.285
-1.062 45.569 191.583
25.630 -33.960 222.294
118.575 -20.318 221.773
150.912 -34.473 216.310
57.495 -20.155 240.613
16.867 -29.250 220.996
-3.446 47.644 187.687
3.107 42.520 187.302
-127.489 50.722 185.247
-97.215 26.060 213.192
-70.247 43.657 237.087
141.600 -38.333 203.385
-5.120 54.843 187.545
-120.760 35.177 225.165
-1.112 50.803 187.819
-130.324 54.317 177.106
-71.401 41.807 231.946
-87.950 15.833 221.525
-15.417 28.133 217.838
-72.967 -41.483 103.756
-67.617 -54.933 51.517
-132.072 53.252 201.347
24.407 64.666 105.744
-159.775 -21.207 194.232
20.895 63.986 104.497
21.426 61.133 119.552
-75.573 39.558 248.948
-21.940 64.151 173.934
-134.953 -23.125 195.373
12.113 57.250 169.072
-97.047 28.022 215.472
63.418 -19.668 227.809
11.230 64.859 156.560
-3.966 48.718 194.101
150.790 -23.162 221.074
-17.750 28.683 227.333
-93.870 29.730 203.325
133.333 36.200 213.314
-2.246 47.140 189.916
-1.682 43.395 185.805
-2.028 48.641 192.644
-2.202 47.267 190.710
-66.063 45.251 233.320
145.742 15.227 208.736
133.250 35.550 188.415
17.950 -33.017 224.592
-95.203 16.160 217.517
-117.173 32.713 227.023
-80.108 -26.292 169.622
-122.465 37.807 215.757
-90.833 13.917 223.138
-66.117 18.460 220.660
-160.502 55.337 218.869
-74.009 40.467 233.991
-90.313 -0.755 218.113
-118.500 34.008 214.703
-122.339 47.603 204.317
104.115 1.932 207.307
-151.720 59.441 202.155
-149.427 60.120 200.239
-76.330 36.947 238.531
115.350 22.750 189.432
0.743 51.442 198.689
119.550 35.383 195.420
138.517 35.017 195.932
135.383 33.683 197.371
18.433 -34.183 221.376
14.358 55.557 192.331
-135.342 57.052 200.700
19.012 63.191 103.647
-135.327 59.450 190.000
12.829 55.417 190.048
11.218 58.354 162.893
-76.452 38.317 241.962
-124.043 44.625 214.001
17.531 62.363 108.644
147.933 -42.550 215.308
-78.918 33.655 231.373
-82.627 27.760 224.143
-52.717 47.567 241.880
11.832 58.093 169.767
-123.181 49.125 207.571
-2.117 49.183 193.347
18.082 59.325 149.439
-6.389 58.207 195.151
134.900 34.350 194.136
178.427 -18.132 219.217
39.600 -69.000 145.160
134.050 34.350 190.240
-81.282 -4.582 195.331
103.853 1.262 208.501
135.183 34.333 195.291
174.033 -39.050 188.718
-5.600 36.000 179.216
176.183 -37.650 197.708
117.883 4.233 213.937
-16.240 28.480 227.686
133.640 -32.150 210.630
104.140 2.807 209.816
136.850 34.467 194.033
-6.064 56.623 187.073
-125.913 49.154 199.191
139.767 35.650 199.473
132.967 32.783 193.825
5.913 43.117 181.717
146.833 -19.250 210.193
137.217 36.767 198.187
7.567 58.000 186.770
13.750 45.650 167.192
151.850 7.450 224.105
-78.730 1.817 193.896
22.101 60.428 139.650
138.883 35.017 198.503
-5.158 57.895 188.197
-166.537 53.880 226.406
133.950 34.483 188.340
135.900 33.567 191.988
132.550 33.233 205.571
21.571 63.081 104.227
-146.362 61.125 193.574
-0.330 39.460 188.654
-71.633 -33.033 146.469
-123.110 49.287 209.118
12.217 57.100 176.196
31.100 70.333 182.523
12.426 45.419 166.631
-123.370 48.422 203.336
12.579 56.142 181.494
18.284 57.639 178.941
135.150 34.217 195.401
166.617 19.283 219.034
141.683 45.400 204.022
14.500 -22.950 229.283
-77.022 38.873 234.039
174.783 -41.283 193.608
-2.448 50.608 190.002
-0.614 54.490 193.778
-3.086 58.441 196.456
-123.965 46.708 210.640
-73.782 40.793 233.909
-77.953 34.227 229.929
18.419 54.797 175.397
-62.700 45.683 240.393
-70.672 41.523 231.858
-3.568 54.651 185.715
128.102 -15.453 214.260
118.067 24.450 193.514
-139.733 59.548 192.500
138.128 9.508 212.888
-66.117 43.833 238.601
139.633 35.467 202.593
13.817 55.417 190.253
39.190 -6.155 212.264
111.833 21.583 192.647
