144.283 44.017 501.187
-2.075 57.143 595.662
131.417 31.583 237.137
-89.833 13.583 668.344
-99.912 16.840 530.884
-176.632 51.863 316.228
-122.298 37.772 749.894
-126.931 50.587 530.884
-5.433 36.117 421.697
-149.890 61.238 630.957
-76.482 38.983 237.137
-70.400 -23.650 595.662
-53.983 47.300 630.957
-13.530 28.972 595.662
-123.767 46.208 562.341
-74.418 39.355 530.884
-2.715 51.511 421.697
141.500 38.300 707.946
-79.573 8.962 530.884
-76.578 39.267 223.872
-90.285 -0.437 530.884
-125.136 48.836 530.884
2.163 41.342 237.137
-68.205 44.392 530.884
12.903 55.756 158.489
-1.515 43.527 562.341
109.083 21.483 398.107
-128.143 52.163 473.151
-64.700 32.400 316.228
-3.050 43.357 562.341
-6.340 36.800 562.341
141.917 -10.600 530.884
-71.052 42.355 501.187
1.578 50.727 501.187
-4.500 48.383 562.341
-73.182 41.173 354.813
153.167 -27.367 707.946
122.217 -18.000 668.344
-77.100 3.900 530.884
-58.500 -34.667 18.836
152.380 -24.767 630.957
145.915 -41.050 841.395
-109.908 22.880 668.344
-6.283 36.533 562.341
1.868 50.969 56.234
-77.150 -12.050 530.884
-76.068 38.573 375.837
-125.247 50.042 562.341
-47.925 -25.017 421.697
147.058 -19.277 562.341
18.433 -33.900 398.107
-74.960 38.968 668.344
113.652 -24.898 530.884
-75.533 10.383 473.151
-9.417 38.692 630.957
15.094 37.498 281.838
103.187 5.265 398.107
-5.317 35.900 421.697
91.050 22.217 188.365
-124.322 43.345 562.341
-79.925 32.782 446.684
-64.920 18.335 141.254
-63.117 46.233 398.107
-1.635 49.651 595.662
-76.113 36.967 316.228
142.200 27.100 199.526
140.867 35.750 316.228
-157.472 1.982 334.965
-94.200 58.783 6.310
96.883 -12.117 446.684
-1.890 47.277 595.662
-145.753 60.558 473.151
-97.217 27.580 6.683
91.833 21.450 334.965
-124.183 41.745 501.187
-79.915 9.355 398.107
1.302 52.934 630.957
8.717 53.867 25.119
130.850 -12.467 707.946
20.385 60.032 100.000
6.933 53.326 16.788
4.746 52.965 118.850
-4.185 50.368 668.344
1.085 49.929 668.344
-2.088 47.306 595.662
108.617 19.100 421.697
1.318 51.117 595.662
-75.740 36.183 446.684
2.367 51.048 473.151
31.050 -29.867 630.957
27.917 -33.017 562.341
-109.448 -27.150 421.697
-66.985 44.903 630.957
162.387 11.430 473.151
-116.633 31.850 595.662
8.433 55.467 42.170
-79.647 0.992 630.957
121.900 -33.867 354.813
-64.267 -65.250 1.778
1.348 51.957 530.884
-81.467 30.672 141.254
-4.983 52.014 630.957
18.211 60.409 59.566
151.233 -33.850 562.341
-80.902 32.033 707.946
-95.308 28.948 53.088
115.717 -32.050 421.697
-166.288 23.868 281.838
139.933 40.650 281.838
128.850 32.700 334.965
-123.451 48.769 473.151
179.195 -8.525 501.187
-16.907 32.640 530.884
21.231 64.916 7.499
-94.793 29.310 5.309
73.152 -0.687 562.341
11.933 54.567 118.850
102.107 6.227 446.684
-5.350 36.117 473.151
-3.018 53.450 668.344
11.791 57.685 149.624
-89.957 29.263 1.778
144.650 13.433 223.872
-110.900 27.933 298.538
141.533 40.533 446.684
110.283 20.017 84.140
140.717 41.783 749.894
-63.583 44.667 595.662
132.067 34.900 375.837
27.179 60.563 112.202
145.567 43.283 398.107
22.977 59.823 100.000
1.284 51.947 749.894
9.101 63.425 316.228
24.956 60.154 112.202
-2.920 54.032 237.137
115.738 -31.825 375.837
-155.067 19.733 398.107
-3.134 51.215 630.957
89.467 21.783 398.107
147.330 -42.887 421.697
4.120 51.977 141.254
-4.631 53.308 630.957
114.217 22.300 446.684
159.957 -9.425 316.228
25.973 70.980 334.965
-157.867 21.307 501.187
12.467 56.100 188.365
131.683 32.417 223.872
-124.217 40.767 630.957
-4.111 51.211 562.341
-43.165 -22.897 446.684
-0.186 53.631 421.697
124.167 24.333 354.813
-169.530 16.738 473.151
103.792 1.462 707.946
-78.833 -33.622 630.957
-134.412 58.298 375.837
130.567 31.583 298.538
-156.467 20.900 562.341
23.096 65.697 10.000
121.282 28.088 26.607
-171.718 -2.810 630.957
120.288 22.615 316.228
154.777 1.098 421.697
21.215 62.344 6.683
139.750 35.517 354.813
121.745 25.157 237.137
101.358 3.050 668.344
102.153 2.215 668.344
24.515 65.673 4.467
70.220 -49.345 749.894
-131.625 55.333 562.341
-81.808 24.553 398.107
-5.050 58.457 266.073
12.894 55.522 251.189
23.033 -34.050 668.344
99.817 11.795 398.107
98.425 7.832 501.187
135.183 34.683 266.073
133.567 33.500 167.880
-152.512 57.732 530.884
134.583 34.017 298.538
116.067 5.983 375.837
103.430 3.975 473.151
130.200 32.600 334.965
103.443 1.325 749.894
15.589 56.105 167.880
11.127 58.997 177.828
135.767 33.483 354.813
144.367 42.983 707.946
167.733 8.733 668.344
-8.400 43.367 595.662
-117.257 32.867 473.151
-80.917 -2.200 630.957
-110.345 24.162 668.344
-1.221 46.158 334.965
-87.817 13.333 630.957
17.865 58.742 74.989
99.765 6.432 562.341
177.433 -17.600 316.228
-4.781 48.359 595.662
0.106 49.482 473.151
-1.765 47.205 84.140
123.750 13.150 398.107
-3.182 55.990 562.341
-1.140 60.155 446.684
-1.794 46.497 446.684
-75.120 38.782 421.697
119.417 34.750 398.107
-64.753 17.697 211.349
10.299 43.546 354.813
-3.825 53.332 668.344
-80.717 -6.933 530.884
159.067 -31.517 595.662
-118.272 33.720 501.187
-64.883 47.083 298.538
1.751 52.473 59.566
15.150 -26.650 398.107
100.613 4.240 630.957
121.617 32.133 79.433
5.113 61.934 375.837
-67.047 17.972 375.837
137.617 34.683 3.350
135.383 35.467 167.880
171.373 7.107 562.341
130.300 31.267 237.137
-4.417 36.717 473.151
134.463 7.330 375.837
73.527 4.190 473.151
-7.333 55.367 530.884
120.967 14.583 316.228
21.463 61.594 35.481
174.500 -35.833 421.697
16.837 58.554 89.125
173.200 52.833 298.538
-72.117 -17.000 501.187
132.717 33.867 446.684
-81.432 30.395 530.884
-106.422 23.198 501.187
139.817 34.917 354.813
15.563 38.196 251.189
-177.367 28.217 266.073
-5.014 51.702 530.884
-4.906 55.750 188.365
50.600 26.233 794.328
130.450 32.617 375.837
139.482 34.067 237.137
141.983 39.650 334.965
-157.800 21.433 421.697
7.421 43.729 281.838
-71.960 41.048 211.349
-121.888 36.605 630.957
22.133 -34.183 562.341
134.167 33.267 167.880
129.867 32.733 354.813
136.883 35.083 281.838
127.667 26.200 316.228
129.842 29.842 251.189
-1.634 47.194 446.684
-70.097 41.285 398.107
176.917 -39.483 707.946
14.269 40.841 354.813
166.905 -0.528 630.957
-159.350 21.967 281.838
129.495 28.382 334.965
-124.617 48.368 501.187
-72.087 41.355 89.125
-74.015 40.700 281.838
0.057 50.782 630.957
-5.542 50.102 668.344
-71.327 41.505 501.187
-122.910 49.200 223.872
130.992 30.735 334.965
-1.440 55.007 595.662
-60.250 46.217 473.151
166.437 -22.292 595.662
-175.167 -21.133 421.697
-140.082 -8.930 668.344
11.950 78.933 63.096
141.717 39.067 749.894
141.750 39.017 595.662
139.383 34.783 473.151
17.097 57.366 118.850
138.217 34.617 421.697
140.900 36.933 530.884
135.433 34.650 112.202
16.478 57.275 125.893
10.734 59.909 112.202
25.418 65.040 10.000
130.217 32.983 398.107
136.217 34.067 298.538
-170.683 -14.283 375.837
-81.167 -5.083 446.684
-149.567 -17.525 375.837
-123.451 48.654 562.341
100.347 5.422 668.344
-158.053 -8.977 266.073
-87.213 30.403 14.962
-75.142 39.933 501.187
22.690 63.709 25.119
158.243 6.987 562.341
-123.253 49.337 595.662
-25.672 37.735 421.697
-123.440 48.125 446.684
-59.133 47.567 501.187
-1.062 45.569 562.341
25.630 -33.960 562.341
118.575 -20.318 630.957
150.912 -34.473 421.697
57.495 -20.155 334.965
16.867 -29.250 501.187
-3.446 47.644 530.884
3.107 42.520 266.073
-127.489 50.722 595.662
-97.215 26.060 14.962
-70.247 43.657 562.341
141.600 -38.333 446.684
-5.120 54.843 530.884
-120.760 35.177 530.884
-1.112 50.803 749.894
-130.324 54.317 530.884
-71.401 41.807 354.813
-87.950 15.833 251.189
-15.417 28.133 501.187
-72.967 -41.483 501.187
-67.617 -54.933 149.624
-132.072 53.252 562.341
24.407 64.666 12.589
-159.775 -21.207 251.189
20.895 63.986 10.000
21.426 61.133 50.119
-75.573 39.558 473.151
-21.940 64.151 281.838
-134.953 -23.125 266.073
12.113 57.250 112.202
-97.047 28.022 53.088
63.418 -19.668 298.538
11.230 64.859 141.254
-3.966 48.718 501.187
150.790 -23.162 595.662
-17.750 28.683 446.684
-93.870 29.730 1.884
133.333 36.200 158.489
-2.246 47.140 473.151
-1.682 43.395 595.662
-2.028 48.641 595.662
-2.202 47.267 501.187
-66.063 45.251 630.957
145.742 15.227 133.352
133.250 35.550 298.538
17.950 -33.017 530.884
-95.203 16.160 595.662
-117.173 32.713 501.187
-80.108 -26.292 562.341
-122.465 37.807 630.957
-90.833 13.917 595.662
-66.117 18.460 446.684
-160.502 55.337 473.151
-74.009 40.467 251.189
-90.313 -0.755 473.151
-118.500 34.008 595.662
-122.339 47.603 630.957
104.115 1.932 446.684
-151.720 59.441 501.187
-149.427 60.120 501.187
-76.330 36.947 237.137
115.350 22.750 707.946
0.743 51.442 668.344
119.550 35.383 375.837
138.517 35.017 79.433
135.383 33.683 398.107
18.433 -34.183 501.187
14.358 55.557 167.880
-135.342 57.052 595.662
19.012 63.191 2.239
-135.327 59.450 446.684
12.829 55.417 199.526
11.218 58.354 199.526
-76.452 38.317 298.538
-124.043 44.625 501.187
17.531 62.363 12.589
147.933 -42.550 421.697
-78.918 33.655 530.884
-82.627 27.760 177.828
-52.717 47.567 501.187
11.832 58.093 177.828
-123.181 49.125 562.341
-2.117 49.183 595.662
18.082 59.325 79.433
-6.389 58.207 530.884
134.900 34.350 334.965
178.427 -18.132 354.813
39.600 -69.000 398.107
134.050 34.350 446.684
-81.282 -4.582 562.341
103.853 1.262 668.344
135.183 34.333 421.697
174.033 -39.050 630.957
-5.600 36.000 501.187
176.183 -37.650 595.662
117.883 4.233 794.328
-16.240 28.480 595.662
133.640 -32.150 595.662
104.140 2.807 501.187
136.850 34.467 446.684
-6.064 56.623 421.697
-125.913 49.154 501.187
139.767 35.650 334.965
132.967 32.783 125.893
5.913 43.117 266.073
146.833 -19.250 630.957
137.217 36.767 251.189
7.567 58.000 266.073
13.750 45.650 501.187
151.850 7.450 53.088
-78.730 1.817 595.662
22.101 60.428 125.893
138.883 35.017 446.684
-5.158 57.895 473.151
-166.537 53.880 266.073
133.950 34.483 501.187
135.900 33.567 316.228
132.550 33.233 316.228
21.571 63.081 8.414
-146.362 61.125 501.187
-0.330 39.460 188.365
-71.633 -33.033 630.957
-123.110 49.287 630.957
12.217 57.100 177.828
31.100 70.333 398.107
12.426 45.419 421.697
-123.370 48.422 375.837
12.579 56.142 158.489
18.284 57.639 59.566
135.150 34.217 334.965
166.617 19.283 223.872
141.683 45.400 211.349
14.500 -22.950 398.107
-77.022 38.873 21.135
174.783 -41.283 668.344
-2.448 50.608 630.957
-0.614 54.490 562.341
-3.086 58.441 530.884
-123.965 46.708 473.151
-73.782 40.793 23.714
-77.953 34.227 398.107
18.419 54.797 177.828
-62.700 45.683 334.965
-70.672 41.523 298.538
-3.568 54.651 421.697
128.102 -15.453 354.813
118.067 24.450 446.684
-139.733 59.548 473.151
138.128 9.508 334.965
-66.117 43.833 595.662
139.633 35.467 334.965
13.817 55.417 199.526
39.190 -6.155 749.894
111.833 21.583 562.341
