144.283 44.017 74.989
-2.075 57.143 70.795
131.417 31.583 14.962
-89.833 13.583 266.073
-99.912 16.840 223.872
-176.632 51.863 167.880
-122.298 37.772 125.893
-126.931 50.587 10.000
-5.433 36.117 4.732
-149.890 61.238 50.119
-76.482 38.983 19.953
-70.400 -23.650 375.837
-53.983 47.300 118.850
-13.530 28.972 398.107
-123.767 46.208 53.088
-74.418 39.355 100.000
-2.715 51.511 29.854
141.500 38.300 188.365
-79.573 8.962 211.349
-76.578 39.267 8.913
-90.285 -0.437 223.872
-125.136 48.836 35.481
2.163 41.342 188.365
-68.205 44.392 79.433
12.903 55.756 5.957
-1.515 43.527 112.202
109.083 21.483 33.497
-128.143 52.163 3.981
-64.700 32.400 237.137
-3.050 43.357 281.838
-6.340 36.800 47.315
141.917 -10.600 141.254
-71.052 42.355 63.096
1.578 50.727 74.989
-4.500 48.383 94.406
-73.182 41.173 7.499
153.167 -27.367 473.151
122.217 -18.000 167.880
-77.100 3.900 211.349
-58.500 -34.667 2.661
152.380 -24.767 446.684
145.915 -41.050 398.107
-109.908 22.880 446.684
-6.283 36.533 167.880
1.868 50.969 2.985
-77.150 -12.050 281.838
-76.068 38.573 125.893
-125.247 50.042 28.184
-47.925 -25.017 14.962
147.058 -19.277 47.315
18.433 -33.900 375.837
-74.960 38.968 79.433
113.652 -24.898 177.828
-75.533 10.383 251.189
-9.417 38.692 133.352
15.094 37.498 7.943
103.187 5.265 158.489
-5.317 35.900 266.073
91.050 22.217 7.499
-124.322 43.345 112.202
-79.925 32.782 100.000
-64.920 18.335 133.352
-63.117 46.233 26.607
-1.635 49.651 177.828
-76.113 36.967 29.854
142.200 27.100 105.925
140.867 35.750 21.135
-157.472 1.982 251.189
-94.200 58.783 0.211
96.883 -12.117 281.838
-1.890 47.277 125.893
-145.753 60.558 19.953
-97.217 27.580 1.496
91.833 21.450 5.623
-124.183 41.745 66.834
-79.915 9.355 281.838
1.302 52.934 28.184
8.717 53.867 3.162
130.850 -12.467 316.228
20.385 60.032 0.100
6.933 53.326 2.818
4.746 52.965 5.623
-4.185 50.368 158.489
1.085 49.929 298.538
-2.088 47.306 42.170
108.617 19.100 251.189
1.318 51.117 26.607
-75.740 36.183 94.406
2.367 51.048 13.335
31.050 -29.867 251.189
27.917 -33.017 316.228
-109.448 -27.150 31.623
-66.985 44.903 100.000
162.387 11.430 421.697
-116.633 31.850 446.684
8.433 55.467 3.981
-79.647 0.992 237.137
121.900 -33.867 94.406
-64.267 -65.250 12.589
1.348 51.957 11.885
-81.467 30.672 177.828
-4.983 52.014 105.925
18.211 60.409 0.168
151.233 -33.850 298.538
-80.902 32.033 223.872
-95.308 28.948 2.371
115.717 -32.050 118.850
-166.288 23.868 237.137
139.933 40.650 188.365
128.850 32.700 266.073
-123.451 48.769 63.096
179.195 -8.525 334.965
-16.907 32.640 398.107
21.231 64.916 0.100
-94.793 29.310 1.496
73.152 -0.687 375.837
11.933 54.567 6.310
102.107 6.227 89.125
-5.350 36.117 375.837
-3.018 53.450 18.836
11.791 57.685 3.350
-89.957 29.263 1.122
144.650 13.433 188.365
-110.900 27.933 188.365
141.533 40.533 266.073
110.283 20.017 2.818
140.717 41.783 354.813
-63.583 44.667 112.202
132.067 34.900 8.414
27.179 60.563 1.778
145.567 43.283 105.925
22.977 59.823 1.413
1.284 51.947 89.125
9.101 63.425 1.413
24.956 60.154 1.995
-2.920 54.032 5.623
115.738 -31.825 94.406
-155.067 19.733 251.189
-3.134 51.215 125.893
89.467 21.783 25.119
147.330 -42.887 84.140
4.120 51.977 5.012
-4.631 53.308 63.096
114.217 22.300 14.962
159.957 -9.425 211.349
25.973 70.980 8.414
-157.867 21.307 298.538
12.467 56.100 14.125
131.683 32.417 11.885
-124.217 40.767 133.352
-4.111 51.211 79.433
-43.165 -22.897 74.989
-0.186 53.631 13.335
124.167 24.333 42.170
-169.530 16.738 125.893
103.792 1.462 298.538
-78.833 -33.622 473.151
-134.412 58.298 7.499
130.567 31.583 21.135
-156.467 20.900 354.813
23.096 65.697 0.100
121.282 28.088 2.512
-171.718 -2.810 316.228
120.288 22.615 188.365
154.777 1.098 298.538
21.215 62.344 0.178
139.750 35.517 167.880
121.745 25.157 7.079
101.358 3.050 211.349
102.153 2.215 316.228
24.515 65.673 0.126
70.220 -49.345 707.946
-131.625 55.333 26.607
-81.808 24.553 237.137
-5.050 58.457 4.467
12.894 55.522 31.623
23.033 -34.050 59.566
99.817 11.795 188.365
98.425 7.832 421.697
135.183 34.683 4.732
133.567 33.500 3.350
-152.512 57.732 44.668
134.583 34.017 21.135
116.067 5.983 167.880
103.430 3.975 167.880
130.200 32.600 199.526
103.443 1.325 446.684
15.589 56.105 29.854
11.127 58.997 1.679
135.767 33.483 105.925
144.367 42.983 50.119
167.733 8.733 446.684
-8.400 43.367 199.526
-117.257 32.867 316.228
-80.917 -2.200 316.228
-110.345 24.162 398.107
-1.221 46.158 8.414
-87.817 13.333 446.684
17.865 58.742 2.239
99.765 6.432 398.107
177.433 -17.600 298.538
-4.781 48.359 211.349
0.106 49.482 33.497
-1.765 47.205 3.162
123.750 13.150 316.228
-3.182 55.990 47.315
-1.140 60.155 70.795
-1.794 46.497 26.607
-75.120 38.782 10.593
119.417 34.750 22.387
-64.753 17.697 28.184
10.299 43.546 223.872
-3.825 53.332 18.836
-80.717 -6.933 133.352
159.067 -31.517 211.349
-118.272 33.720 251.189
-64.883 47.083 66.834
1.751 52.473 3.350
15.150 -26.650 421.697
100.613 4.240 316.228
121.617 32.133 4.467
5.113 61.934 13.335
-67.047 17.972 158.489
137.617 34.683 1.334
135.383 35.467 125.893
171.373 7.107 398.107
130.300 31.267 8.913
-4.417 36.717 316.228
134.463 7.330 316.228
73.527 4.190 398.107
-7.333 55.367 28.184
120.967 14.583 223.872
21.463 61.594 0.106
174.500 -35.833 100.000
16.837 58.554 4.217
173.200 52.833 281.838
-72.117 -17.000 354.813
132.717 33.867 84.140
-81.432 30.395 237.137
-106.422 23.198 334.965
139.817 34.917 79.433
15.563 38.196 223.872
-177.367 28.217 70.795
-5.014 51.702 100.000
-4.906 55.750 3.758
50.600 26.233 56.234
130.450 32.617 177.828
139.482 34.067 42.170
141.983 39.650 251.189
-157.800 21.433 316.228
7.421 43.729 199.526
-71.960 41.048 4.467
-121.888 36.605 281.838
22.133 -34.183 281.838
134.167 33.267 3.162
129.867 32.733 211.349
136.883 35.083 5.012
127.667 26.200 149.624
129.842 29.842 89.125
-1.634 47.194 53.088
-70.097 41.285 37.584
176.917 -39.483 501.187
14.269 40.841 298.538
166.905 -0.528 316.228
-159.350 21.967 211.349
129.495 28.382 149.624
-124.617 48.368 63.096
-72.087 41.355 2.985
-74.015 40.700 6.683
0.057 50.782 39.811
-5.542 50.102 188.365
-71.327 41.505 56.234
-122.910 49.200 8.414
130.992 30.735 158.489
-1.440 55.007 17.783
-60.250 46.217 118.850
166.437 -22.292 398.107
-175.167 -21.133 354.813
-140.082 -8.930 375.837
11.950 78.933 1.000
141.717 39.067 266.073
141.750 39.017 223.872
139.383 34.783 211.349
17.097 57.366 10.000
138.217 34.617 74.989
140.900 36.933 70.795
135.433 34.650 2.661
16.478 57.275 10.593
10.734 59.909 1.413
25.418 65.040 0.100
130.217 32.983 79.433
136.217 34.067 15.849
-170.683 -14.283 375.837
-81.167 -5.083 188.365
-149.567 -17.525 70.795
-123.451 48.654 94.406
100.347 5.422 334.965
-158.053 -8.977 89.125
-87.213 30.403 1.778
-75.142 39.933 25.119
22.690 63.709 0.100
158.243 6.987 334.965
-123.253 49.337 70.795
-25.672 37.735 281.838
-123.440 48.125 44.668
-59.133 47.567 141.254
-1.062 45.569 89.125
25.630 -33.960 298.538
118.575 -20.318 133.352
150.912 -34.473 354.813
57.495 -20.155 211.349
16.867 -29.250 421.697
-3.446 47.644 100.000
3.107 42.520 211.349
-127.489 50.722 9.441
-97.215 26.060 1.585
-70.247 43.657 105.925
141.600 -38.333 251.189
-5.120 54.843 11.885
-120.760 35.177 298.538
-1.112 50.803 63.096
-130.324 54.317 5.012
-71.401 41.807 7.079
-87.950 15.833 177.828
-15.417 28.133 316.228
-72.967 -41.483 70.795
-67.617 -54.933 29.854
-132.072 53.252 26.607
24.407 64.666 0.100
-159.775 -21.207 5.012
20.895 63.986 0.100
21.426 61.133 0.100
-75.573 39.558 211.349
-21.940 64.151 9.441
-134.953 -23.125 281.838
12.113 57.250 2.818
-97.047 28.022 2.818
63.418 -19.668 59.566
11.230 64.859 1.334
-3.966 48.718 37.584
150.790 -23.162 375.837
-17.750 28.683 375.837
-93.870 29.730 1.122
133.333 36.200 149.624
-2.246 47.140 26.607
-1.682 43.395 167.880
-2.028 48.641 167.880
-2.202 47.267 35.481
-66.063 45.251 112.202
145.742 15.227 2.818
133.250 35.550 11.885
17.950 -33.017 446.684
-95.203 16.160 316.228
-117.173 32.713 316.228
-80.108 -26.292 354.813
-122.465 37.807 118.850
-90.833 13.917 398.107
-66.117 18.460 188.365
-160.502 55.337 63.096
-74.009 40.467 5.957
-90.313 -0.755 354.813
-118.500 34.008 188.365
-122.339 47.603 89.125
104.115 1.932 118.850
-151.720 59.441 23.714
-149.427 60.120 33.497
-76.330 36.947 10.000
115.350 22.750 79.433
0.743 51.442 25.119
119.550 35.383 42.170
138.517 35.017 112.202
135.383 33.683 133.352
18.433 -34.183 421.697
14.358 55.557 53.088
-135.342 57.052 25.119
19.012 63.191 0.422
-135.327 59.450 10.593
12.829 55.417 9.441
11.218 58.354 2.113
-76.452 38.317 105.925
-124.043 44.625 47.315
17.531 62.363 0.100
147.933 -42.550 237.137
-78.918 33.655 167.880
-82.627 27.760 2.985
-52.717 47.567 237.137
11.832 58.093 3.758
-123.181 49.125 44.668
-2.117 49.183 211.349
18.082 59.325 0.447
-6.389 58.207 44.668
134.900 34.350 50.119
178.427 -18.132 354.813
39.600 -69.000 316.228
134.050 34.350 10.593
-81.282 -4.582 177.828
103.853 1.262 251.189
135.183 34.333 59.566
174.033 -39.050 94.406
-5.600 36.000 199.526
176.183 -37.650 354.813
117.883 4.233 595.662
-16.240 28.480 421.697
133.640 -32.150 70.795
104.140 2.807 199.526
136.850 34.467 26.607
-6.064 56.623 11.220
-125.913 49.154 18.836
139.767 35.650 10.000
132.967 32.783 3.350
5.913 43.117 74.989
146.833 -19.250 94.406
137.217 36.767 167.880
7.567 58.000 29.854
13.750 45.650 21.135
151.850 7.450 199.526
-78.730 1.817 298.538
22.101 60.428 0.188
138.883 35.017 188.365
-5.158 57.895 18.836
-166.537 53.880 237.137
133.950 34.483 8.414
135.900 33.567 14.125
132.550 33.233 84.140
21.571 63.081 0.100
-146.362 61.125 26.607
-0.330 39.460 125.893
-71.633 -33.033 398.107
-123.110 49.287 79.433
12.217 57.100 9.441
31.100 70.333 21.135
12.426 45.419 7.943
-123.370 48.422 63.096
12.579 56.142 5.309
18.284 57.639 14.125
135.150 34.217 59.566
166.617 19.283 18.836
141.683 45.400 112.202
14.500 -22.950 158.489
-77.022 38.873 2.239
174.783 -41.283 398.107
-2.448 50.608 125.893
-0.614 54.490 14.962
-3.086 58.441 53.088
-123.965 46.708 19.953
-73.782 40.793 2.661
-77.953 34.227 89.125
18.419 54.797 12.589
-62.700 45.683 28.184
-70.672 41.523 7.079
-3.568 54.651 10.593
128.102 -15.453 334.965
118.067 24.450 15.849
-139.733 59.548 17.783
138.128 9.508 44.668
-66.117 43.833 167.880
139.633 35.467 22.387
13.817 55.417 42.170
39.190 -6.155 530.884
111.833 21.583 70.795
