144.283 44.017 375.837
-2.075 57.143 530.884
131.417 31.583 188.365
-89.833 13.583 630.957
-99.912 16.840 530.884
-176.632 51.863 316.228
-122.298 37.772 562.341
-126.931 50.587 398.107
-5.433 36.117 334.965
-149.890 61.238 530.884
-76.482 38.983 188.365
-70.400 -23.650 562.341
-53.983 47.300 595.662
-13.530 28.972 595.662
-123.767 46.208 501.187
-74.418 39.355 473.151
-2.715 51.511 281.838
141.500 38.300 749.894
-79.573 8.962 562.341
-76.578 39.267 167.880
-90.285 -0.437 375.837
-125.136 48.836 446.684
2.163 41.342 237.137
-68.205 44.392 501.187
12.903 55.756 112.202
-1.515 43.527 562.341
109.083 21.483 354.813
-128.143 52.163 266.073
-64.700 32.400 354.813
-3.050 43.357 562.341
-6.340 36.800 501.187
141.917 -10.600 473.151
-71.052 42.355 421.697
1.578 50.727 446.684
-4.500 48.383 530.884
-73.182 41.173 211.349
153.167 -27.367 668.344
122.217 -18.000 595.662
-77.100 3.900 562.341
-58.500 -34.667 13.335
152.380 -24.767 630.957
145.915 -41.050 841.395
-109.908 22.880 668.344
-6.283 36.533 562.341
1.868 50.969 26.607
-77.150 -12.050 530.884
-76.068 38.573 421.697
-125.247 50.042 473.151
-47.925 -25.017 334.965
147.058 -19.277 501.187
18.433 -33.900 668.344
-74.960 38.968 595.662
113.652 -24.898 375.837
-75.533 10.383 421.697
-9.417 38.692 630.957
15.094 37.498 211.349
103.187 5.265 446.684
-5.317 35.900 398.107
91.050 22.217 112.202
-124.322 43.345 473.151
-79.925 32.782 446.684
-64.920 18.335 530.884
-63.117 46.233 316.228
-1.635 49.651 595.662
-76.113 36.967 281.838
142.200 27.100 199.526
140.867 35.750 281.838
-157.472 1.982 354.813
-94.200 58.783 2.985
96.883 -12.117 473.151
-1.890 47.277 562.341
-145.753 60.558 375.837
-97.217 27.580 4.217
91.833 21.450 177.828
-124.183 41.745 446.684
-79.915 9.355 501.187
1.302 52.934 530.884
8.717 53.867 16.788
130.850 -12.467 630.957
20.385 60.032 70.795
6.933 53.326 11.220
4.746 52.965 66.834
-4.185 50.368 595.662
1.085 49.929 595.662
-2.088 47.306 530.884
108.617 19.100 421.697
1.318 51.117 473.151
-75.740 36.183 398.107
2.367 51.048 334.965
31.050 -29.867 630.957
27.917 -33.017 595.662
-109.448 -27.150 375.837
-66.985 44.903 562.341
162.387 11.430 398.107
-116.633 31.850 595.662
8.433 55.467 26.607
-79.647 0.992 630.957
121.900 -33.867 398.107
-64.267 -65.250 8.913
1.348 51.957 354.813
-81.467 30.672 446.684
-4.983 52.014 562.341
18.211 60.409 22.387
151.233 -33.850 562.341
-80.902 32.033 530.884
-95.308 28.948 18.836
115.717 -32.050 421.697
-166.288 23.868 354.813
139.933 40.650 298.538
128.850 32.700 316.228
-123.451 48.769 421.697
179.195 -8.525 473.151
-16.907 32.640 446.684
21.231 64.916 2.371
-94.793 29.310 3.758
73.152 -0.687 375.837
11.933 54.567 84.140
102.107 6.227 421.697
-5.350 36.117 501.187
-3.018 53.450 501.187
11.791 57.685 112.202
-89.957 29.263 1.496
144.650 13.433 266.073
-110.900 27.933 316.228
141.533 40.533 398.107
110.283 20.017 35.481
140.717 41.783 749.894
-63.583 44.667 501.187
132.067 34.900 237.137
27.179 60.563 70.795
145.567 43.283 334.965
22.977 59.823 74.989
1.284 51.947 668.344
9.101 63.425 158.489
24.956 60.154 84.140
-2.920 54.032 125.893
115.738 -31.825 334.965
-155.067 19.733 501.187
-3.134 51.215 595.662
89.467 21.783 334.965
147.330 -42.887 375.837
4.120 51.977 70.795
-4.631 53.308 595.662
114.217 22.300 375.837
159.957 -9.425 421.697
25.973 70.980 281.838
-157.867 21.307 158.489
12.467 56.100 158.489
131.683 32.417 177.828
-124.217 40.767 473.151
-4.111 51.211 501.187
-43.165 -22.897 421.697
-0.186 53.631 266.073
124.167 24.333 316.228
-169.530 16.738 354.813
103.792 1.462 630.957
-78.833 -33.622 630.957
-134.412 58.298 199.526
130.567 31.583 251.189
-156.467 20.900 473.151
23.096 65.697 3.350
121.282 28.088 14.962
-171.718 -2.810 446.684
120.288 22.615 237.137
154.777 1.098 316.228
21.215 62.344 2.371
139.750 35.517 398.107
121.745 25.157 188.365
101.358 3.050 630.957
102.153 2.215 530.884
24.515 65.673 1.884
70.220 -49.345 749.894
-131.625 55.333 446.684
-81.808 24.553 398.107
-5.050 58.457 133.352
12.894 55.522 237.137
23.033 -34.050 530.884
99.817 11.795 421.697
98.425 7.832 630.957
135.183 34.683 188.365
133.567 33.500 84.140
-152.512 57.732 446.684
134.583 34.017 266.073
116.067 5.983 473.151
103.430 3.975 446.684
130.200 32.600 375.837
103.443 1.325 707.946
15.589 56.105 149.624
11.127 58.997 105.925
135.767 33.483 398.107
144.367 42.983 530.884
167.733 8.733 668.344
-8.400 43.367 501.187
-117.257 32.867 421.697
-80.917 -2.200 501.187
-110.345 24.162 562.341
-1.221 46.158 199.526
-87.817 13.333 630.957
17.865 58.742 63.096
99.765 6.432 630.957
177.433 -17.600 398.107
-4.781 48.359 562.341
0.106 49.482 421.697
-1.765 47.205 35.481
123.750 13.150 473.151
-3.182 55.990 530.884
-1.140 60.155 398.107
-1.794 46.497 398.107
-75.120 38.782 316.228
119.417 34.750 334.965
-64.753 17.697 199.526
10.299 43.546 298.538
-3.825 53.332 501.187
-80.717 -6.933 421.697
159.067 -31.517 530.884
-118.272 33.720 595.662
-64.883 47.083 251.189
1.751 52.473 31.623
15.150 -26.650 501.187
100.613 4.240 501.187
121.617 32.133 47.315
5.113 61.934 316.228
-67.047 17.972 316.228
137.617 34.683 2.661
135.383 35.467 167.880
171.373 7.107 595.662
130.300 31.267 199.526
-4.417 36.717 473.151
134.463 7.330 398.107
73.527 4.190 473.151
-7.333 55.367 446.684
120.967 14.583 421.697
21.463 61.594 11.220
174.500 -35.833 375.837
16.837 58.554 79.433
173.200 52.833 334.965
-72.117 -17.000 595.662
132.717 33.867 375.837
-81.432 30.395 354.813
-106.422 23.198 530.884
139.817 34.917 316.228
15.563 38.196 281.838
-177.367 28.217 266.073
-5.014 51.702 595.662
-4.906 55.750 84.140
50.600 26.233 630.957
130.450 32.617 421.697
139.482 34.067 211.349
141.983 39.650 375.837
-157.800 21.433 501.187
7.421 43.729 298.538
-71.960 41.048 105.925
-121.888 36.605 595.662
22.133 -34.183 707.946
134.167 33.267 94.406
129.867 32.733 354.813
136.883 35.083 188.365
127.667 26.200 298.538
129.842 29.842 266.073
-1.634 47.194 398.107
-70.097 41.285 334.965
176.917 -39.483 446.684
14.269 40.841 398.107
166.905 -0.528 630.957
-159.350 21.967 266.073
129.495 28.382 281.838
-124.617 48.368 446.684
-72.087 41.355 35.481
-74.015 40.700 158.489
0.057 50.782 562.341
-5.542 50.102 595.662
-71.327 41.505 421.697
-122.910 49.200 177.828
130.992 30.735 281.838
-1.440 55.007 473.151
-60.250 46.217 446.684
166.437 -22.292 562.341
-175.167 -21.133 501.187
-140.082 -8.930 595.662
11.950 78.933 33.497
141.717 39.067 707.946
141.750 39.017 630.957
139.383 34.783 354.813
17.097 57.366 100.000
138.217 34.617 334.965
140.900 36.933 354.813
135.433 34.650 42.170
16.478 57.275 112.202
10.734 59.909 53.088
25.418 65.040 3.548
130.217 32.983 354.813
136.217 34.067 266.073
-170.683 -14.283 446.684
-81.167 -5.083 530.884
-149.567 -17.525 316.228
-123.451 48.654 501.187
100.347 5.422 630.957
-158.053 -8.977 298.538
-87.213 30.403 7.499
-75.142 39.933 421.697
22.690 63.709 7.943
158.243 6.987 562.341
-123.253 49.337 501.187
-25.672 37.735 501.187
-123.440 48.125 375.837
-59.133 47.567 473.151
-1.062 45.569 501.187
25.630 -33.960 530.884
118.575 -20.318 562.341
150.912 -34.473 595.662
57.495 -20.155 251.189
16.867 -29.250 473.151
-3.446 47.644 530.884
3.107 42.520 266.073
-127.489 50.722 473.151
-97.215 26.060 6.310
-70.247 43.657 473.151
141.600 -38.333 446.684
-5.120 54.843 334.965
-120.760 35.177 630.957
-1.112 50.803 630.957
-130.324 54.317 281.838
-71.401 41.807 211.349
-87.950 15.833 316.228
-15.417 28.133 562.341
-72.967 -41.483 421.697
-67.617 -54.933 158.489
-132.072 53.252 446.684
24.407 64.666 3.981
-159.775 -21.207 188.365
20.895 63.986 3.162
21.426 61.133 15.849
-75.573 39.558 530.884
-21.940 64.151 167.880
-134.953 -23.125 446.684
12.113 57.250 79.433
-97.047 28.022 39.811
63.418 -19.668 316.228
11.230 64.859 56.234
-3.966 48.718 421.697
150.790 -23.162 595.662
-17.750 28.683 595.662
-93.870 29.730 1.585
133.333 36.200 133.352
-2.246 47.140 421.697
-1.682 43.395 562.341
-2.028 48.641 562.341
-2.202 47.267 421.697
-66.063 45.251 562.341
145.742 15.227 89.125
133.250 35.550 188.365
17.950 -33.017 562.341
-95.203 16.160 668.344
-117.173 32.713 630.957
-80.108 -26.292 530.884
-122.465 37.807 473.151
-90.833 13.917 630.957
-66.117 18.460 530.884
-160.502 55.337 421.697
-74.009 40.467 133.352
-90.313 -0.755 530.884
-118.500 34.008 630.957
-122.339 47.603 530.884
104.115 1.932 398.107
-151.720 59.441 354.813
-149.427 60.120 421.697
-76.330 36.947 167.880
115.350 22.750 562.341
0.743 51.442 530.884
119.550 35.383 334.965
138.517 35.017 421.697
135.383 33.683 375.837
18.433 -34.183 530.884
14.358 55.557 167.880
-135.342 57.052 473.151
19.012 63.191 1.413
-135.327 59.450 266.073
12.829 55.417 158.489
11.218 58.354 141.254
-76.452 38.317 281.838
-124.043 44.625 501.187
17.531 62.363 3.981
147.933 -42.550 398.107
-78.918 33.655 630.957
-82.627 27.760 74.989
-52.717 47.567 501.187
11.832 58.093 133.352
-123.181 49.125 501.187
-2.117 49.183 595.662
18.082 59.325 59.566
-6.389 58.207 446.684
134.900 34.350 334.965
178.427 -18.132 595.662
39.600 -69.000 354.813
134.050 34.350 354.813
-81.282 -4.582 446.684
103.853 1.262 630.957
135.183 34.333 298.538
174.033 -39.050 562.341
-5.600 36.000 446.684
176.183 -37.650 595.662
117.883 4.233 794.328
-16.240 28.480 354.813
133.640 -32.150 595.662
104.140 2.807 473.151
136.850 34.467 316.228
-6.064 56.623 298.538
-125.913 49.154 446.684
139.767 35.650 266.073
132.967 32.783 74.989
5.913 43.117 281.838
146.833 -19.250 530.884
137.217 36.767 141.254
7.567 58.000 237.137
13.750 45.650 446.684
151.850 7.450 266.073
-78.730 1.817 595.662
22.101 60.428 74.989
138.883 35.017 421.697
-5.158 57.895 375.837
-166.537 53.880 421.697
133.950 34.483 398.107
135.900 33.567 237.137
132.550 33.233 298.538
21.571 63.081 2.818
-146.362 61.125 398.107
-0.330 39.460 223.872
-71.633 -33.033 630.957
-123.110 49.287 530.884
12.217 57.100 149.624
31.100 70.333 334.965
12.426 45.419 298.538
-123.370 48.422 334.965
12.579 56.142 112.202
18.284 57.639 56.234
135.150 34.217 298.538
166.617 19.283 211.349
141.683 45.400 211.349
14.500 -22.950 375.837
-77.022 38.873 10.593
174.783 -41.283 630.957
-2.448 50.608 595.662
-0.614 54.490 421.697
-3.086 58.441 446.684
-123.965 46.708 334.965
-73.782 40.793 12.589
-77.953 34.227 421.697
18.419 54.797 158.489
-62.700 45.683 266.073
-70.672 41.523 188.365
-3.568 54.651 237.137
128.102 -15.453 707.946
118.067 24.450 354.813
-139.733 59.548 354.813
138.128 9.508 281.838
-66.117 43.833 595.662
139.633 35.467 298.538
13.817 55.417 177.828
39.190 -6.155 707.946
111.833 21.583 501.187
