144.283 44.017 530.884
-2.075 57.143 668.344
131.417 31.583 266.073
-89.833 13.583 668.344
-99.912 16.840 562.341
-176.632 51.863 316.228
-122.298 37.772 707.946
-126.931 50.587 595.662
-5.433 36.117 421.697
-149.890 61.238 707.946
-76.482 38.983 223.872
-70.400 -23.650 562.341
-53.983 47.300 707.946
-13.530 28.972 595.662
-123.767 46.208 630.957
-74.418 39.355 530.884
-2.715 51.511 530.884
141.500 38.300 749.894
-79.573 8.962 530.884
-76.578 39.267 251.189
-90.285 -0.437 473.151
-125.136 48.836 630.957
2.163 41.342 251.189
-68.205 44.392 562.341
12.903 55.756 188.365
-1.515 43.527 595.662
109.083 21.483 446.684
-128.143 52.163 562.341
-64.700 32.400 316.228
-3.050 43.357 562.341
-6.340 36.800 562.341
141.917 -10.600 562.341
-71.052 42.355 562.341
1.578 50.727 530.884
-4.500 48.383 595.662
-73.182 41.173 473.151
153.167 -27.367 707.946
122.217 -18.000 668.344
-77.100 3.900 630.957
-58.500 -34.667 26.607
152.380 -24.767 595.662
145.915 -41.050 891.251
-109.908 22.880 668.344
-6.283 36.533 562.341
1.868 50.969 118.850
-77.150 -12.050 473.151
-76.068 38.573 421.697
-125.247 50.042 668.344
-47.925 -25.017 473.151
147.058 -19.277 562.341
18.433 -33.900 473.151
-74.960 38.968 668.344
113.652 -24.898 316.228
-75.533 10.383 398.107
-9.417 38.692 630.957
15.094 37.498 251.189
103.187 5.265 473.151
-5.317 35.900 421.697
91.050 22.217 266.073
-124.322 43.345 595.662
-79.925 32.782 473.151
-64.920 18.335 334.965
-63.117 46.233 473.151
-1.635 49.651 595.662
-76.113 36.967 354.813
142.200 27.100 167.880
140.867 35.750 398.107
-157.472 1.982 530.884
-94.200 58.783 13.335
96.883 -12.117 375.837
-1.890 47.277 630.957
-145.753 60.558 562.341
-97.217 27.580 11.220
91.833 21.450 446.684
-124.183 41.745 501.187
-79.915 9.355 398.107
1.302 52.934 707.946
8.717 53.867 37.584
130.850 -12.467 668.344
20.385 60.032 112.202
6.933 53.326 25.119
4.746 52.965 188.365
-4.185 50.368 668.344
1.085 49.929 595.662
-2.088 47.306 668.344
108.617 19.100 446.684
1.318 51.117 668.344
-75.740 36.183 446.684
2.367 51.048 562.341
31.050 -29.867 668.344
27.917 -33.017 630.957
-109.448 -27.150 446.684
-66.985 44.903 630.957
162.387 11.430 473.151
-116.633 31.850 630.957
8.433 55.467 63.096
-79.647 0.992 630.957
121.900 -33.867 473.151
-64.267 -65.250 0.251
1.348 51.957 668.344
-81.467 30.672 668.344
-4.983 52.014 668.344
18.211 60.409 112.202
151.233 -33.850 562.341
-80.902 32.033 562.341
-95.308 28.948 118.850
115.717 -32.050 421.697
-166.288 23.868 354.813
139.933 40.650 298.538
128.850 32.700 316.228
-123.451 48.769 530.884
179.195 -8.525 473.151
-16.907 32.640 375.837
21.231 64.916 19.953
-94.793 29.310 8.414
73.152 -0.687 281.838
11.933 54.567 149.624
102.107 6.227 398.107
-5.350 36.117 446.684
-3.018 53.450 749.894
11.791 57.685 188.365
-89.957 29.263 1.995
144.650 13.433 316.228
-110.900 27.933 354.813
141.533 40.533 375.837
110.283 20.017 167.880
140.717 41.783 707.946
-63.583 44.667 595.662
132.067 34.900 398.107
27.179 60.563 141.254
145.567 43.283 375.837
22.977 59.823 118.850
1.284 51.947 841.395
9.101 63.425 421.697
24.956 60.154 141.254
-2.920 54.032 421.697
115.738 -31.825 316.228
-155.067 19.733 398.107
-3.134 51.215 668.344
89.467 21.783 446.684
147.330 -42.887 398.107
4.120 51.977 251.189
-4.631 53.308 707.946
114.217 22.300 501.187
159.957 -9.425 251.189
25.973 70.980 375.837
-157.867 21.307 473.151
12.467 56.100 211.349
131.683 32.417 251.189
-124.217 40.767 530.884
-4.111 51.211 595.662
-43.165 -22.897 446.684
-0.186 53.631 562.341
124.167 24.333 375.837
-169.530 16.738 281.838
103.792 1.462 530.884
-78.833 -33.622 668.344
-134.412 58.298 501.187
130.567 31.583 281.838
-156.467 20.900 446.684
23.096 65.697 23.714
121.282 28.088 50.119
-171.718 -2.810 473.151
120.288 22.615 354.813
154.777 1.098 473.151
21.215 62.344 19.953
139.750 35.517 375.837
121.745 25.157 266.073
101.358 3.050 668.344
102.153 2.215 630.957
24.515 65.673 10.000
70.220 -49.345 794.328
-131.625 55.333 595.662
-81.808 24.553 446.684
-5.050 58.457 398.107
12.894 55.522 281.838
23.033 -34.050 630.957
99.817 11.795 421.697
98.425 7.832 668.344
135.183 34.683 316.228
133.567 33.500 223.872
-152.512 57.732 595.662
134.583 34.017 421.697
116.067 5.983 530.884
103.430 3.975 501.187
130.200 32.600 375.837
103.443 1.325 749.894
15.589 56.105 167.880
11.127 58.997 223.872
135.767 33.483 446.684
144.367 42.983 749.894
167.733 8.733 707.946
-8.400 43.367 595.662
-117.257 32.867 316.228
-80.917 -2.200 562.341
-110.345 24.162 595.662
-1.221 46.158 446.684
-87.817 13.333 630.957
17.865 58.742 84.140
99.765 6.432 707.946
177.433 -17.600 630.957
-4.781 48.359 595.662
0.106 49.482 501.187
-1.765 47.205 199.526
123.750 13.150 398.107
-3.182 55.990 630.957
-1.140 60.155 375.837
-1.794 46.497 530.884
-75.120 38.782 530.884
119.417 34.750 446.684
-64.753 17.697 84.140
10.299 43.546 375.837
-3.825 53.332 707.946
-80.717 -6.933 501.187
159.067 -31.517 530.884
-118.272 33.720 595.662
-64.883 47.083 354.813
1.751 52.473 112.202
15.150 -26.650 530.884
100.613 4.240 595.662
121.617 32.133 141.254
5.113 61.934 446.684
-67.047 17.972 316.228
137.617 34.683 4.467
135.383 35.467 177.828
171.373 7.107 595.662
130.300 31.267 281.838
-4.417 36.717 446.684
134.463 7.330 316.228
73.527 4.190 421.697
-7.333 55.367 595.662
120.967 14.583 446.684
21.463 61.594 79.433
174.500 -35.833 398.107
16.837 58.554 100.000
173.200 52.833 354.813
-72.117 -17.000 595.662
132.717 33.867 446.684
-81.432 30.395 595.662
-106.422 23.198 562.341
139.817 34.917 354.813
15.563 38.196 281.838
-177.367 28.217 237.137
-5.014 51.702 668.344
-4.906 55.750 375.837
50.600 26.233 794.328
130.450 32.617 421.697
139.482 34.067 251.189
141.983 39.650 354.813
-157.800 21.433 446.684
7.421 43.729 281.838
-71.960 41.048 334.965
-121.888 36.605 595.662
22.133 -34.183 595.662
134.167 33.267 237.137
129.867 32.733 316.228
136.883 35.083 354.813
127.667 26.200 281.838
129.842 29.842 237.137
-1.634 47.194 473.151
-70.097 41.285 421.697
176.917 -39.483 530.884
14.269 40.841 375.837
166.905 -0.528 668.344
-159.350 21.967 188.365
129.495 28.382 266.073
-124.617 48.368 562.341
-72.087 41.355 188.365
-74.015 40.700 375.837
0.057 50.782 668.344
-5.542 50.102 668.344
-71.327 41.505 595.662
-122.910 49.200 281.838
130.992 30.735 334.965
-1.440 55.007 668.344
-60.250 46.217 473.151
166.437 -22.292 446.684
-175.167 -21.133 421.697
-140.082 -8.930 595.662
11.950 78.933 105.925
141.717 39.067 668.344
141.750 39.017 354.813
139.383 34.783 398.107
17.097 57.366 125.893
138.217 34.617 398.107
140.900 36.933 707.946
135.433 34.650 211.349
16.478 57.275 125.893
10.734 59.909 188.365
25.418 65.040 26.607
130.217 32.983 421.697
136.217 34.067 398.107
-170.683 -14.283 530.884
-81.167 -5.083 334.965
-149.567 -17.525 223.872
-123.451 48.654 595.662
100.347 5.422 707.946
-158.053 -8.977 281.838
-87.213 30.403 39.811
-75.142 39.933 595.662
22.690 63.709 56.234
158.243 6.987 595.662
-123.253 49.337 668.344
-25.672 37.735 398.107
-123.440 48.125 473.151
-59.133 47.567 530.884
-1.062 45.569 595.662
25.630 -33.960 562.341
118.575 -20.318 668.344
150.912 -34.473 595.662
57.495 -20.155 223.872
16.867 -29.250 562.341
-3.446 47.644 562.341
3.107 42.520 266.073
-127.489 50.722 668.344
-97.215 26.060 39.811
-70.247 43.657 562.341
141.600 -38.333 446.684
-5.120 54.843 630.957
-120.760 35.177 630.957
-1.112 50.803 749.894
-130.324 54.317 630.957
-71.401 41.807 473.151
-87.950 15.833 316.228
-15.417 28.133 595.662
-72.967 -41.483 562.341
-67.617 -54.933 133.352
-132.072 53.252 630.957
24.407 64.666 33.497
-159.775 -21.207 298.538
20.895 63.986 28.184
21.426 61.133 94.406
-75.573 39.558 473.151
-21.940 64.151 375.837
-134.953 -23.125 316.228
12.113 57.250 141.254
-97.047 28.022 63.096
63.418 -19.668 473.151
11.230 64.859 251.189
-3.966 48.718 530.884
150.790 -23.162 595.662
-17.750 28.683 473.151
-93.870 29.730 2.113
133.333 36.200 199.526
-2.246 47.140 562.341
-1.682 43.395 562.341
-2.028 48.641 595.662
-2.202 47.267 530.884
-66.063 45.251 630.957
145.742 15.227 158.489
133.250 35.550 298.538
17.950 -33.017 501.187
-95.203 16.160 595.662
-117.173 32.713 630.957
-80.108 -26.292 562.341
-122.465 37.807 668.344
-90.833 13.917 630.957
-66.117 18.460 530.884
-160.502 55.337 530.884
-74.009 40.467 354.813
-90.313 -0.755 501.187
-118.500 34.008 630.957
-122.339 47.603 630.957
104.115 1.932 446.684
-151.720 59.441 562.341
-149.427 60.120 530.884
-76.330 36.947 281.838
115.350 22.750 749.894
0.743 51.442 749.894
119.550 35.383 421.697
138.517 35.017 446.684
135.383 33.683 398.107
18.433 -34.183 595.662
14.358 55.557 158.489
-135.342 57.052 630.957
19.012 63.191 4.467
-135.327 59.450 562.341
12.829 55.417 223.872
11.218 58.354 237.137
-76.452 38.317 211.349
-124.043 44.625 668.344
17.531 62.363 33.497
147.933 -42.550 446.684
-78.918 33.655 446.684
-82.627 27.760 266.073
-52.717 47.567 595.662
11.832 58.093 223.872
-123.181 49.125 668.344
-2.117 49.183 595.662
18.082 59.325 94.406
-6.389 58.207 562.341
134.900 34.350 188.365
178.427 -18.132 334.965
39.600 -69.000 473.151
134.050 34.350 530.884
-81.282 -4.582 421.697
103.853 1.262 668.344
135.183 34.333 398.107
174.033 -39.050 668.344
-5.600 36.000 501.187
176.183 -37.650 595.662
117.883 4.233 749.894
-16.240 28.480 501.187
133.640 -32.150 749.894
104.140 2.807 473.151
136.850 34.467 446.684
-6.064 56.623 501.187
-125.913 49.154 707.946
139.767 35.650 375.837
132.967 32.783 167.880
5.913 43.117 281.838
146.833 -19.250 595.662
137.217 36.767 281.838
7.567 58.000 251.189
13.750 45.650 562.341
151.850 7.450 354.813
-78.730 1.817 595.662
22.101 60.428 167.880
138.883 35.017 446.684
-5.158 57.895 530.884
-166.537 53.880 334.965
133.950 34.483 595.662
135.900 33.567 398.107
132.550 33.233 354.813
21.571 63.081 25.119
-146.362 61.125 562.341
-0.330 39.460 199.526
-71.633 -33.033 595.662
-123.110 49.287 707.946
12.217 57.100 199.526
31.100 70.333 446.684
12.426 45.419 446.684
-123.370 48.422 375.837
12.579 56.142 199.526
18.284 57.639 66.834
135.150 34.217 354.813
166.617 19.283 237.137
141.683 45.400 177.828
14.500 -22.950 530.884
-77.022 38.873 47.315
174.783 -41.283 707.946
-2.448 50.608 595.662
-0.614 54.490 668.344
-3.086 58.441 595.662
-123.965 46.708 530.884
-73.782 40.793 47.315
-77.953 34.227 562.341
18.419 54.797 199.526
-62.700 45.683 398.107
-70.672 41.523 398.107
-3.568 54.651 530.884
128.102 -15.453 707.946
118.067 24.450 530.884
-139.733 59.548 530.884
138.128 9.508 375.837
-66.117 43.833 668.344
139.633 35.467 354.813
13.817 55.417 211.349
39.190 -6.155 749.894
111.833 21.583 668.344
