144.283 44.017 298.538
-2.075 57.143 298.538
131.417 31.583 89.125
-89.833 13.583 473.151
-99.912 16.840 398.107
-176.632 51.863 281.838
-122.298 37.772 421.697
-126.931 50.587 79.433
-5.433 36.117 39.811
-149.890 61.238 211.349
-76.482 38.983 89.125
-70.400 -23.650 446.684
-53.983 47.300 421.697
-13.530 28.972 530.884
-123.767 46.208 266.073
-74.418 39.355 316.228
-2.715 51.511 100.000
141.500 38.300 501.187
-79.573 8.962 473.151
-76.578 39.267 39.811
-90.285 -0.437 375.837
-125.136 48.836 199.526
2.163 41.342 237.137
-68.205 44.392 281.838
12.903 55.756 25.119
-1.515 43.527 446.684
109.083 21.483 167.880
-128.143 52.163 35.481
-64.700 32.400 316.228
-3.050 43.357 501.187
-6.340 36.800 316.228
141.917 -10.600 398.107
-71.052 42.355 211.349
1.578 50.727 266.073
-4.500 48.383 316.228
-73.182 41.173 26.607
153.167 -27.367 630.957
122.217 -18.000 446.684
-77.100 3.900 473.151
-58.500 -34.667 4.732
152.380 -24.767 595.662
145.915 -41.050 668.344
-109.908 22.880 630.957
-6.283 36.533 473.151
1.868 50.969 6.683
-77.150 -12.050 446.684
-76.068 38.573 334.965
-125.247 50.042 188.365
-47.925 -25.017 74.989
147.058 -19.277 281.838
18.433 -33.900 562.341
-74.960 38.968 398.107
113.652 -24.898 398.107
-75.533 10.383 421.697
-9.417 38.692 473.151
15.094 37.498 105.925
103.187 5.265 334.965
-5.317 35.900 446.684
91.050 22.217 28.184
-124.322 43.345 375.837
-79.925 32.782 334.965
-64.920 18.335 281.838
-63.117 46.233 125.893
-1.635 49.651 473.151
-76.113 36.967 133.352
142.200 27.100 177.828
140.867 35.750 149.624
-157.472 1.982 375.837
-94.200 58.783 0.562
96.883 -12.117 421.697
-1.890 47.277 421.697
-145.753 60.558 105.925
-97.217 27.580 2.113
91.833 21.450 23.714
-124.183 41.745 298.538
-79.915 9.355 473.151
1.302 52.934 133.352
8.717 53.867 6.310
130.850 -12.467 595.662
20.385 60.032 3.981
6.933 53.326 5.012
4.746 52.965 16.788
-4.185 50.368 473.151
1.085 49.929 530.884
-2.088 47.306 188.365
108.617 19.100 375.837
1.318 51.117 118.850
-75.740 36.183 281.838
2.367 51.048 63.096
31.050 -29.867 473.151
27.917 -33.017 473.151
-109.448 -27.150 188.365
-66.985 44.903 334.965
162.387 11.430 530.884
-116.633 31.850 562.341
8.433 55.467 8.913
-79.647 0.992 501.187
121.900 -33.867 316.228
-64.267 -65.250 6.310
1.348 51.957 53.088
-81.467 30.672 421.697
-4.983 52.014 375.837
18.211 60.409 1.122
151.233 -33.850 421.697
-80.902 32.033 473.151
-95.308 28.948 4.732
115.717 -32.050 298.538
-166.288 23.868 354.813
139.933 40.650 316.228
128.850 32.700 354.813
-123.451 48.769 281.838
179.195 -8.525 398.107
-16.907 32.640 473.151
21.231 64.916 0.158
-94.793 29.310 2.113
73.152 -0.687 630.957
11.933 54.567 19.953
102.107 6.227 334.965
-5.350 36.117 446.684
-3.018 53.450 118.850
11.791 57.685 18.836
-89.957 29.263 1.259
144.650 13.433 334.965
-110.900 27.933 316.228
141.533 40.533 398.107
110.283 20.017 6.683
140.717 41.783 562.341
-63.583 44.667 334.965
132.067 34.900 100.000
27.179 60.563 11.220
145.567 43.283 281.838
22.977 59.823 14.962
1.284 51.947 354.813
9.101 63.425 11.885
24.956 60.154 16.788
-2.920 54.032 26.607
115.738 -31.825 281.838
-155.067 19.733 446.684
-3.134 51.215 334.965
89.467 21.783 149.624
147.330 -42.887 298.538
4.120 51.977 14.962
-4.631 53.308 266.073
114.217 22.300 94.406
159.957 -9.425 446.684
25.973 70.980 79.433
-157.867 21.307 501.187
12.467 56.100 63.096
131.683 32.417 66.834
-124.217 40.767 398.107
-4.111 51.211 251.189
-43.165 -22.897 281.838
-0.186 53.631 50.119
124.167 24.333 211.349
-169.530 16.738 334.965
103.792 1.462 562.341
-78.833 -33.622 630.957
-134.412 58.298 33.497
130.567 31.583 125.893
-156.467 20.900 562.341
23.096 65.697 0.211
121.282 28.088 4.732
-171.718 -2.810 501.187
120.288 22.615 298.538
154.777 1.098 334.965
21.215 62.344 0.422
139.750 35.517 334.965
121.745 25.157 44.668
101.358 3.050 530.884
102.153 2.215 421.697
24.515 65.673 0.335
70.220 -49.345 668.344
-131.625 55.333 149.624
-81.808 24.553 398.107
-5.050 58.457 18.836
12.894 55.522 118.850
23.033 -34.050 334.965
99.817 11.795 334.965
98.425 7.832 562.341
135.183 34.683 22.387
133.567 33.500 10.000
-152.512 57.732 211.349
134.583 34.017 141.254
116.067 5.983 354.813
103.430 3.975 375.837
130.200 32.600 354.813
103.443 1.325 630.957
15.589 56.105 100.000
11.127 58.997 11.885
135.767 33.483 298.538
144.367 42.983 354.813
167.733 8.733 562.341
-8.400 43.367 446.684
-117.257 32.867 501.187
-80.917 -2.200 473.151
-110.345 24.162 595.662
-1.221 46.158 31.623
-87.817 13.333 595.662
17.865 58.742 22.387
99.765 6.432 562.341
177.433 -17.600 421.697
-4.781 48.359 473.151
0.106 49.482 167.880
-1.765 47.205 7.943
123.750 13.150 473.151
-3.182 55.990 251.189
-1.140 60.155 281.838
-1.794 46.497 133.352
-75.120 38.782 53.088
119.417 34.750 105.925
-64.753 17.697 70.795
10.299 43.546 334.965
-3.825 53.332 118.850
-80.717 -6.933 334.965
159.067 -31.517 421.697
-118.272 33.720 446.684
-64.883 47.083 141.254
1.751 52.473 7.943
15.150 -26.650 530.884
100.613 4.240 501.187
121.617 32.133 11.885
5.113 61.934 112.202
-67.047 17.972 334.965
137.617 34.683 1.778
135.383 35.467 177.828
171.373 7.107 530.884
130.300 31.267 53.088
-4.417 36.717 446.684
134.463 7.330 398.107
73.527 4.190 668.344
-7.333 55.367 158.489
120.967 14.583 334.965
21.463 61.594 0.531
174.500 -35.833 316.228
16.837 58.554 35.481
173.200 52.833 298.538
-72.117 -17.000 446.684
132.717 33.867 281.838
-81.432 30.395 398.107
-106.422 23.198 473.151
139.817 34.917 266.073
15.563 38.196 266.073
-177.367 28.217 223.872
-5.014 51.702 354.813
-4.906 55.750 14.962
50.600 26.233 421.697
130.450 32.617 354.813
139.482 34.067 158.489
141.983 39.650 281.838
-157.800 21.433 530.884
7.421 43.729 266.073
-71.960 41.048 13.335
-121.888 36.605 473.151
22.133 -34.183 530.884
134.167 33.267 10.000
129.867 32.733 316.228
136.883 35.083 19.953
127.667 26.200 281.838
129.842 29.842 223.872
-1.634 47.194 237.137
-70.097 41.285 149.624
176.917 -39.483 630.957
14.269 40.841 375.837
166.905 -0.528 501.187
-159.350 21.967 398.107
129.495 28.382 266.073
-124.617 48.368 266.073
-72.087 41.355 6.683
-74.015 40.700 21.135
0.057 50.782 223.872
-5.542 50.102 473.151
-71.327 41.505 223.872
-122.910 49.200 47.315
130.992 30.735 266.073
-1.440 55.007 105.925
-60.250 46.217 281.838
166.437 -22.292 562.341
-175.167 -21.133 562.341
-140.082 -8.930 595.662
11.950 78.933 8.414
141.717 39.067 473.151
141.750 39.017 473.151
139.383 34.783 354.813
17.097 57.366 53.088
138.217 34.617 266.073
140.900 36.933 375.837
135.433 34.650 6.683
16.478 57.275 56.234
10.734 59.909 6.683
25.418 65.040 0.188
130.217 32.983 266.073
136.217 34.067 133.352
-170.683 -14.283 530.884
-81.167 -5.083 375.837
-149.567 -17.525 177.828
-123.451 48.654 354.813
100.347 5.422 530.884
-158.053 -8.977 89.125
-87.213 30.403 2.985
-75.142 39.933 141.254
22.690 63.709 0.119
158.243 6.987 562.341
-123.253 49.337 298.538
-25.672 37.735 354.813
-123.440 48.125 223.872
-59.133 47.567 316.228
-1.062 45.569 334.965
25.630 -33.960 501.187
118.575 -20.318 421.697
150.912 -34.473 473.151
57.495 -20.155 266.073
16.867 -29.250 562.341
-3.446 47.644 375.837
3.107 42.520 281.838
-127.489 50.722 89.125
-97.215 26.060 2.512
-70.247 43.657 281.838
141.600 -38.333 398.107
-5.120 54.843 59.566
-120.760 35.177 446.684
-1.112 50.803 398.107
-130.324 54.317 50.119
-71.401 41.807 28.184
-87.950 15.833 298.538
-15.417 28.133 473.151
-72.967 -41.483 167.880
-67.617 -54.933 50.119
-132.072 53.252 149.624
24.407 64.666 0.158
-159.775 -21.207 37.584
20.895 63.986 0.188
21.426 61.133 0.473
-75.573 39.558 421.697
-21.940 64.151 56.234
-134.953 -23.125 446.684
12.113 57.250 13.335
-97.047 28.022 8.414
63.418 -19.668 237.137
11.230 64.859 5.957
-3.966 48.718 149.624
150.790 -23.162 530.884
-17.750 28.683 530.884
-93.870 29.730 1.334
133.333 36.200 199.526
-2.246 47.140 133.352
-1.682 43.395 473.151
-2.028 48.641 375.837
-2.202 47.267 158.489
-66.063 45.251 354.813
145.742 15.227 11.220
133.250 35.550 112.202
17.950 -33.017 595.662
-95.203 16.160 501.187
-117.173 32.713 473.151
-80.108 -26.292 473.151
-122.465 37.807 398.107
-90.833 13.917 530.884
-66.117 18.460 251.189
-160.502 55.337 266.073
-74.009 40.467 17.783
-90.313 -0.755 473.151
-118.500 34.008 421.697
-122.339 47.603 375.837
104.115 1.932 354.813
-151.720 59.441 100.000
-149.427 60.120 158.489
-76.330 36.947 39.811
115.350 22.750 398.107
0.743 51.442 118.850
119.550 35.383 177.828
138.517 35.017 298.538
135.383 33.683 298.538
18.433 -34.183 562.341
14.358 55.557 125.893
-135.342 57.052 141.254
19.012 63.191 0.631
-135.327 59.450 53.088
12.829 55.417 44.668
11.218 58.354 19.953
-76.452 38.317 223.872
-124.043 44.625 266.073
17.531 62.363 0.282
147.933 -42.550 398.107
-78.918 33.655 446.684
-82.627 27.760 7.943
-52.717 47.567 446.684
11.832 58.093 22.387
-123.181 49.125 237.137
-2.117 49.183 473.151
18.082 59.325 10.000
-6.389 58.207 211.349
134.900 34.350 223.872
178.427 -18.132 473.151
39.600 -69.000 354.813
134.050 34.350 79.433
-81.282 -4.582 375.837
103.853 1.262 530.884
135.183 34.333 237.137
174.033 -39.050 421.697
-5.600 36.000 473.151
176.183 -37.650 501.187
117.883 4.233 668.344
-16.240 28.480 530.884
133.640 -32.150 316.228
104.140 2.807 421.697
136.850 34.467 188.365
-6.064 56.623 63.096
-125.913 49.154 125.893
139.767 35.650 70.795
132.967 32.783 8.913
5.913 43.117 223.872
146.833 -19.250 398.107
137.217 36.767 251.189
7.567 58.000 133.352
13.750 45.650 141.254
151.850 7.450 375.837
-78.730 1.817 530.884
22.101 60.428 3.758
138.883 35.017 334.965
-5.158 57.895 112.202
-166.537 53.880 354.813
133.950 34.483 70.795
135.900 33.567 118.850
132.550 33.233 237.137
21.571 63.081 0.266
-146.362 61.125 141.254
-0.330 39.460 211.349
-71.633 -33.033 501.187
-123.110 49.287 334.965
12.217 57.100 59.566
31.100 70.333 141.254
12.426 45.419 47.315
-123.370 48.422 251.189
12.579 56.142 23.714
18.284 57.639 37.584
135.150 34.217 251.189
166.617 19.283 133.352
141.683 45.400 199.526
14.500 -22.950 530.884
-77.022 38.873 3.758
174.783 -41.283 562.341
-2.448 50.608 473.151
-0.614 54.490 74.989
-3.086 58.441 251.189
-123.965 46.708 79.433
-73.782 40.793 4.467
-77.953 34.227 316.228
18.419 54.797 74.989
-62.700 45.683 105.925
-70.672 41.523 26.607
-3.568 54.651 47.315
128.102 -15.453 595.662
118.067 24.450 79.433
-139.733 59.548 100.000
138.128 9.508 223.872
-66.117 43.833 446.684
139.633 35.467 158.489
13.817 55.417 125.893
39.190 -6.155 668.344
111.833 21.583 316.228
