144.283 44.017 473.151
-2.075 57.143 630.957
131.417 31.583 281.838
-89.833 13.583 668.344
-99.912 16.840 398.107
-176.632 51.863 251.189
-122.298 37.772 281.838
-126.931 50.587 595.662
-5.433 36.117 446.684
-149.890 61.238 749.894
-76.482 38.983 237.137
-70.400 -23.650 595.662
-53.983 47.300 668.344
-13.530 28.972 562.341
-123.767 46.208 630.957
-74.418 39.355 501.187
-2.715 51.511 630.957
141.500 38.300 749.894
-79.573 8.962 562.341
-76.578 39.267 266.073
-90.285 -0.437 473.151
-125.136 48.836 473.151
2.163 41.342 223.872
-68.205 44.392 595.662
12.903 55.756 237.137
-1.515 43.527 595.662
109.083 21.483 501.187
-128.143 52.163 668.344
-64.700 32.400 334.965
-3.050 43.357 562.341
-6.340 36.800 562.341
141.917 -10.600 530.884
-71.052 42.355 501.187
1.578 50.727 530.884
-4.500 48.383 595.662
-73.182 41.173 595.662
153.167 -27.367 749.894
122.217 -18.000 630.957
-77.100 3.900 630.957
-58.500 -34.667 133.352
152.380 -24.767 630.957
145.915 -41.050 841.395
-109.908 22.880 630.957
-6.283 36.533 562.341
1.868 50.969 562.341
-77.150 -12.050 501.187
-76.068 38.573 354.813
-125.247 50.042 630.957
-47.925 -25.017 562.341
147.058 -19.277 595.662
18.433 -33.900 446.684
-74.960 38.968 630.957
113.652 -24.898 562.341
-75.533 10.383 501.187
-9.417 38.692 595.662
15.094 37.498 251.189
103.187 5.265 473.151
-5.317 35.900 446.684
91.050 22.217 354.813
-124.322 43.345 595.662
-79.925 32.782 473.151
-64.920 18.335 473.151
-63.117 46.233 501.187
-1.635 49.651 595.662
-76.113 36.967 334.965
142.200 27.100 211.349
140.867 35.750 354.813
-157.472 1.982 530.884
-94.200 58.783 74.989
96.883 -12.117 421.697
-1.890 47.277 630.957
-145.753 60.558 668.344
-97.217 27.580 149.624
91.833 21.450 595.662
-124.183 41.745 595.662
-79.915 9.355 398.107
1.302 52.934 841.395
8.717 53.867 158.489
130.850 -12.467 707.946
20.385 60.032 133.352
6.933 53.326 105.925
4.746 52.965 421.697
-4.185 50.368 668.344
1.085 49.929 630.957
-2.088 47.306 707.946
108.617 19.100 446.684
1.318 51.117 749.894
-75.740 36.183 473.151
2.367 51.048 668.344
31.050 -29.867 630.957
27.917 -33.017 530.884
-109.448 -27.150 668.344
-66.985 44.903 595.662
162.387 11.430 501.187
-116.633 31.850 595.662
8.433 55.467 266.073
-79.647 0.992 530.884
121.900 -33.867 398.107
-64.267 -65.250 0.100
1.348 51.957 841.395
-81.467 30.672 630.957
-4.983 52.014 668.344
18.211 60.409 188.365
151.233 -33.850 562.341
-80.902 32.033 668.344
-95.308 28.948 266.073
115.717 -32.050 421.697
-166.288 23.868 223.872
139.933 40.650 281.838
128.850 32.700 354.813
-123.451 48.769 562.341
179.195 -8.525 354.813
-16.907 32.640 530.884
21.231 64.916 100.000
-94.793 29.310 118.850
73.152 -0.687 630.957
11.933 54.567 199.526
102.107 6.227 473.151
-5.350 36.117 446.684
-3.018 53.450 707.946
11.791 57.685 211.349
-89.957 29.263 3.758
144.650 13.433 188.365
-110.900 27.933 334.965
141.533 40.533 446.684
110.283 20.017 398.107
140.717 41.783 707.946
-63.583 44.667 595.662
132.067 34.900 398.107
27.179 60.563 223.872
145.567 43.283 398.107
22.977 59.823 133.352
1.284 51.947 841.395
9.101 63.425 595.662
24.956 60.154 188.365
-2.920 54.032 749.894
115.738 -31.825 446.684
-155.067 19.733 446.684
-3.134 51.215 668.344
89.467 21.783 446.684
147.330 -42.887 398.107
4.120 51.977 668.344
-4.631 53.308 707.946
114.217 22.300 562.341
159.957 -9.425 199.526
25.973 70.980 398.107
-157.867 21.307 501.187
12.467 56.100 223.872
131.683 32.417 251.189
-124.217 40.767 630.957
-4.111 51.211 595.662
-43.165 -22.897 501.187
-0.186 53.631 668.344
124.167 24.333 354.813
-169.530 16.738 354.813
103.792 1.462 707.946
-78.833 -33.622 668.344
-134.412 58.298 707.946
130.567 31.583 316.228
-156.467 20.900 501.187
23.096 65.697 125.893
121.282 28.088 446.684
-171.718 -2.810 630.957
120.288 22.615 398.107
154.777 1.098 501.187
21.215 62.344 149.624
139.750 35.517 446.684
121.745 25.157 266.073
101.358 3.050 668.344
102.153 2.215 530.884
24.515 65.673 118.850
70.220 -49.345 794.328
-131.625 55.333 707.946
-81.808 24.553 398.107
-5.050 58.457 595.662
12.894 55.522 298.538
23.033 -34.050 562.341
99.817 11.795 398.107
98.425 7.832 530.884
135.183 34.683 446.684
133.567 33.500 375.837
-152.512 57.732 562.341
134.583 34.017 237.137
116.067 5.983 501.187
103.430 3.975 501.187
130.200 32.600 398.107
103.443 1.325 749.894
15.589 56.105 177.828
11.127 58.997 298.538
135.767 33.483 334.965
144.367 42.983 707.946
167.733 8.733 707.946
-8.400 43.367 473.151
-117.257 32.867 595.662
-80.917 -2.200 501.187
-110.345 24.162 668.344
-1.221 46.158 562.341
-87.817 13.333 595.662
17.865 58.742 89.125
99.765 6.432 707.946
177.433 -17.600 421.697
-4.781 48.359 595.662
0.106 49.482 501.187
-1.765 47.205 595.662
123.750 13.150 334.965
-3.182 55.990 668.344
-1.140 60.155 398.107
-1.794 46.497 562.341
-75.120 38.782 473.151
119.417 34.750 530.884
-64.753 17.697 281.838
10.299 43.546 354.813
-3.825 53.332 707.946
-80.717 -6.933 595.662
159.067 -31.517 562.341
-118.272 33.720 562.341
-64.883 47.083 334.965
1.751 52.473 530.884
15.150 -26.650 530.884
100.613 4.240 595.662
121.617 32.133 562.341
5.113 61.934 501.187
-67.047 17.972 237.137
137.617 34.683 31.623
135.383 35.467 188.365
171.373 7.107 562.341
130.300 31.267 281.838
-4.417 36.717 446.684
134.463 7.330 421.697
73.527 4.190 375.837
-7.333 55.367 630.957
120.967 14.583 421.697
21.463 61.594 199.526
174.500 -35.833 398.107
16.837 58.554 105.925
173.200 52.833 334.965
-72.117 -17.000 630.957
132.717 33.867 446.684
-81.432 30.395 501.187
-106.422 23.198 530.884
139.817 34.917 398.107
15.563 38.196 251.189
-177.367 28.217 298.538
-5.014 51.702 668.344
-4.906 55.750 794.328
50.600 26.233 794.328
130.450 32.617 398.107
139.482 34.067 251.189
141.983 39.650 398.107
-157.800 21.433 421.697
7.421 43.729 298.538
-71.960 41.048 421.697
-121.888 36.605 630.957
22.133 -34.183 630.957
134.167 33.267 398.107
129.867 32.733 375.837
136.883 35.083 501.187
127.667 26.200 298.538
129.842 29.842 281.838
-1.634 47.194 501.187
-70.097 41.285 421.697
176.917 -39.483 668.344
14.269 40.841 354.813
166.905 -0.528 562.341
-159.350 21.967 473.151
129.495 28.382 281.838
-124.617 48.368 530.884
-72.087 41.355 530.884
-74.015 40.700 501.187
0.057 50.782 668.344
-5.542 50.102 668.344
-71.327 41.505 530.884
-122.910 49.200 281.838
130.992 30.735 266.073
-1.440 55.007 749.894
-60.250 46.217 473.151
166.437 -22.292 595.662
-175.167 -21.133 421.697
-140.082 -8.930 668.344
11.950 78.933 281.838
141.717 39.067 668.344
141.750 39.017 595.662
139.383 34.783 375.837
17.097 57.366 125.893
138.217 34.617 446.684
140.900 36.933 630.957
135.433 34.650 501.187
16.478 57.275 141.254
10.734 59.909 354.813
25.418 65.040 167.880
130.217 32.983 398.107
136.217 34.067 421.697
-170.683 -14.283 473.151
-81.167 -5.083 562.341
-149.567 -17.525 334.965
-123.451 48.654 595.662
100.347 5.422 668.344
-158.053 -8.977 281.838
-87.213 30.403 133.352
-75.142 39.933 595.662
22.690 63.709 149.624
158.243 6.987 501.187
-123.253 49.337 630.957
-25.672 37.735 473.151
-123.440 48.125 473.151
-59.133 47.567 530.884
-1.062 45.569 630.957
25.630 -33.960 530.884
118.575 -20.318 630.957
150.912 -34.473 530.884
57.495 -20.155 211.349
16.867 -29.250 595.662
-3.446 47.644 562.341
3.107 42.520 281.838
-127.489 50.722 668.344
-97.215 26.060 158.489
-70.247 43.657 530.884
141.600 -38.333 421.697
-5.120 54.843 749.894
-120.760 35.177 630.957
-1.112 50.803 749.894
-130.324 54.317 707.946
-71.401 41.807 595.662
-87.950 15.833 266.073
-15.417 28.133 562.341
-72.967 -41.483 668.344
-67.617 -54.933 79.433
-132.072 53.252 630.957
24.407 64.666 141.254
-159.775 -21.207 398.107
20.895 63.986 112.202
21.426 61.133 223.872
-75.573 39.558 530.884
-21.940 64.151 530.884
-134.953 -23.125 473.151
12.113 57.250 177.828
-97.047 28.022 70.795
63.418 -19.668 354.813
11.230 64.859 501.187
-3.966 48.718 562.341
150.790 -23.162 530.884
-17.750 28.683 501.187
-93.870 29.730 5.309
133.333 36.200 167.880
-2.246 47.140 595.662
-1.682 43.395 562.341
-2.028 48.641 595.662
-2.202 47.267 562.341
-66.063 45.251 668.344
145.742 15.227 188.365
133.250 35.550 298.538
17.950 -33.017 595.662
-95.203 16.160 473.151
-117.173 32.713 668.344
-80.108 -26.292 595.662
-122.465 37.807 630.957
-90.833 13.917 630.957
-66.117 18.460 473.151
-160.502 55.337 562.341
-74.009 40.467 562.341
-90.313 -0.755 473.151
-118.500 34.008 668.344
-122.339 47.603 630.957
104.115 1.932 473.151
-151.720 59.441 562.341
-149.427 60.120 446.684
-76.330 36.947 316.228
115.350 22.750 749.894
0.743 51.442 841.395
119.550 35.383 421.697
138.517 35.017 421.697
135.383 33.683 398.107
18.433 -34.183 501.187
14.358 55.557 177.828
-135.342 57.052 707.946
19.012 63.191 74.989
-135.327 59.450 749.894
12.829 55.417 266.073
11.218 58.354 281.838
-76.452 38.317 251.189
-124.043 44.625 630.957
17.531 62.363 118.850
147.933 -42.550 375.837
-78.918 33.655 794.328
-82.627 27.760 530.884
-52.717 47.567 595.662
11.832 58.093 251.189
-123.181 49.125 668.344
-2.117 49.183 595.662
18.082 59.325 84.140
-6.389 58.207 630.957
134.900 34.350 223.872
178.427 -18.132 473.151
39.600 -69.000 398.107
134.050 34.350 668.344
-81.282 -4.582 530.884
103.853 1.262 707.946
135.183 34.333 334.965
174.033 -39.050 530.884
-5.600 36.000 473.151
176.183 -37.650 630.957
117.883 4.233 794.328
-16.240 28.480 446.684
133.640 -32.150 707.946
104.140 2.807 473.151
136.850 34.467 398.107
-6.064 56.623 630.957
-125.913 49.154 707.946
139.767 35.650 398.107
132.967 32.783 266.073
5.913 43.117 281.838
146.833 -19.250 595.662
137.217 36.767 266.073
7.567 58.000 266.073
13.750 45.650 595.662
151.850 7.450 501.187
-78.730 1.817 630.957
22.101 60.428 211.349
138.883 35.017 421.697
-5.158 57.895 562.341
-166.537 53.880 354.813
133.950 34.483 707.946
135.900 33.567 105.925
132.550 33.233 281.838
21.571 63.081 149.624
-146.362 61.125 595.662
-0.330 39.460 211.349
-71.633 -33.033 595.662
-123.110 49.287 707.946
12.217 57.100 211.349
31.100 70.333 473.151
12.426 45.419 530.884
-123.370 48.422 398.107
12.579 56.142 237.137
18.284 57.639 74.989
135.150 34.217 375.837
166.617 19.283 251.189
141.683 45.400 237.137
14.500 -22.950 562.341
-77.022 38.873 281.838
174.783 -41.283 707.946
-2.448 50.608 595.662
-0.614 54.490 749.894
-3.086 58.441 562.341
-123.965 46.708 595.662
-73.782 40.793 421.697
-77.953 34.227 530.884
18.419 54.797 188.365
-62.700 45.683 421.697
-70.672 41.523 473.151
-3.568 54.651 707.946
128.102 -15.453 707.946
118.067 24.450 595.662
-139.733 59.548 630.957
138.128 9.508 316.228
-66.117 43.833 630.957
139.633 35.467 334.965
13.817 55.417 199.526
39.190 -6.155 707.946
111.833 21.583 630.957
