144.283 44.017 501.187
-2.075 57.143 749.894
131.417 31.583 354.813
-89.833 13.583 630.957
-99.912 16.840 562.341
-176.632 51.863 375.837
-122.298 37.772 707.946
-126.931 50.587 595.662
-5.433 36.117 421.697
-149.890 61.238 794.328
-76.482 38.983 266.073
-70.400 -23.650 595.662
-53.983 47.300 794.328
-13.530 28.972 595.662
-123.767 46.208 630.957
-74.418 39.355 562.341
-2.715 51.511 630.957
141.500 38.300 668.344
-79.573 8.962 562.341
-76.578 39.267 334.965
-90.285 -0.437 530.884
-125.136 48.836 630.957
2.163 41.342 237.137
-68.205 44.392 595.662
12.903 55.756 237.137
-1.515 43.527 562.341
109.083 21.483 501.187
-128.143 52.163 668.344
-64.700 32.400 530.884
-3.050 43.357 562.341
-6.340 36.800 562.341
141.917 -10.600 530.884
-71.052 42.355 595.662
1.578 50.727 595.662
-4.500 48.383 595.662
-73.182 41.173 707.946
153.167 -27.367 707.946
122.217 -18.000 668.344
-77.100 3.900 630.957
-58.500 -34.667 100.000
152.380 -24.767 630.957
145.915 -41.050 794.328
-109.908 22.880 668.344
-6.283 36.533 562.341
1.868 50.969 595.662
-77.150 -12.050 530.884
-76.068 38.573 562.341
-125.247 50.042 668.344
-47.925 -25.017 668.344
147.058 -19.277 595.662
18.433 -33.900 630.957
-74.960 38.968 841.395
113.652 -24.898 595.662
-75.533 10.383 398.107
-9.417 38.692 630.957
15.094 37.498 281.838
103.187 5.265 473.151
-5.317 35.900 446.684
91.050 22.217 354.813
-124.322 43.345 595.662
-79.925 32.782 501.187
-64.920 18.335 375.837
-63.117 46.233 530.884
-1.635 49.651 595.662
-76.113 36.967 421.697
142.200 27.100 298.538
140.867 35.750 562.341
-157.472 1.982 501.187
-94.200 58.783 94.406
96.883 -12.117 446.684
-1.890 47.277 630.957
-145.753 60.558 668.344
-97.217 27.580 199.526
91.833 21.450 595.662
-124.183 41.745 595.662
-79.915 9.355 446.684
1.302 52.934 841.395
8.717 53.867 167.880
130.850 -12.467 707.946
20.385 60.032 167.880
6.933 53.326 112.202
4.746 52.965 446.684
-4.185 50.368 668.344
1.085 49.929 707.946
-2.088 47.306 668.344
108.617 19.100 421.697
1.318 51.117 891.251
-75.740 36.183 530.884
2.367 51.048 749.894
31.050 -29.867 668.344
27.917 -33.017 595.662
-109.448 -27.150 630.957
-66.985 44.903 630.957
162.387 11.430 630.957
-116.633 31.850 595.662
8.433 55.467 281.838
-79.647 0.992 595.662
121.900 -33.867 473.151
-64.267 -65.250 0.100
1.348 51.957 1000.000
-81.467 30.672 595.662
-4.983 52.014 668.344
18.211 60.409 237.137
151.233 -33.850 562.341
-80.902 32.033 668.344
-95.308 28.948 266.073
115.717 -32.050 421.697
-166.288 23.868 421.697
139.933 40.650 298.538
128.850 32.700 446.684
-123.451 48.769 562.341
179.195 -8.525 501.187
-16.907 32.640 530.884
21.231 64.916 118.850
-94.793 29.310 125.893
73.152 -0.687 595.662
11.933 54.567 211.349
102.107 6.227 473.151
-5.350 36.117 473.151
-3.018 53.450 749.894
11.791 57.685 266.073
-89.957 29.263 4.467
144.650 13.433 473.151
-110.900 27.933 354.813
141.533 40.533 668.344
110.283 20.017 446.684
140.717 41.783 668.344
-63.583 44.667 595.662
132.067 34.900 398.107
27.179 60.563 223.872
145.567 43.283 668.344
22.977 59.823 158.489
1.284 51.947 1000.000
9.101 63.425 595.662
24.956 60.154 177.828
-2.920 54.032 749.894
115.738 -31.825 398.107
-155.067 19.733 562.341
-3.134 51.215 668.344
89.467 21.783 501.187
147.330 -42.887 562.341
4.120 51.977 707.946
-4.631 53.308 707.946
114.217 22.300 630.957
159.957 -9.425 354.813
25.973 70.980 375.837
-157.867 21.307 530.884
12.467 56.100 237.137
131.683 32.417 375.837
-124.217 40.767 668.344
-4.111 51.211 595.662
-43.165 -22.897 595.662
-0.186 53.631 841.395
124.167 24.333 446.684
-169.530 16.738 501.187
103.792 1.462 707.946
-78.833 -33.622 630.957
-134.412 58.298 707.946
130.567 31.583 421.697
-156.467 20.900 562.341
23.096 65.697 133.352
121.282 28.088 530.884
-171.718 -2.810 473.151
120.288 22.615 375.837
154.777 1.098 446.684
21.215 62.344 177.828
139.750 35.517 595.662
121.745 25.157 398.107
101.358 3.050 668.344
102.153 2.215 630.957
24.515 65.673 125.893
70.220 -49.345 1000.000
-131.625 55.333 707.946
-81.808 24.553 473.151
-5.050 58.457 707.946
12.894 55.522 334.965
23.033 -34.050 794.328
99.817 11.795 421.697
98.425 7.832 707.946
135.183 34.683 421.697
133.567 33.500 375.837
-152.512 57.732 668.344
134.583 34.017 398.107
116.067 5.983 530.884
103.430 3.975 501.187
130.200 32.600 473.151
103.443 1.325 707.946
15.589 56.105 211.349
11.127 58.997 334.965
135.767 33.483 421.697
144.367 42.983 794.328
167.733 8.733 707.946
-8.400 43.367 595.662
-117.257 32.867 562.341
-80.917 -2.200 630.957
-110.345 24.162 668.344
-1.221 46.158 595.662
-87.817 13.333 630.957
17.865 58.742 105.925
99.765 6.432 707.946
177.433 -17.600 562.341
-4.781 48.359 630.957
0.106 49.482 501.187
-1.765 47.205 595.662
123.750 13.150 595.662
-3.182 55.990 707.946
-1.140 60.155 562.341
-1.794 46.497 562.341
-75.120 38.782 707.946
119.417 34.750 630.957
-64.753 17.697 354.813
10.299 43.546 354.813
-3.825 53.332 707.946
-80.717 -6.933 562.341
159.067 -31.517 562.341
-118.272 33.720 595.662
-64.883 47.083 354.813
1.751 52.473 595.662
15.150 -26.650 562.341
100.613 4.240 595.662
121.617 32.133 630.957
5.113 61.934 530.884
-67.047 17.972 354.813
137.617 34.683 42.170
135.383 35.467 298.538
171.373 7.107 595.662
130.300 31.267 398.107
-4.417 36.717 473.151
134.463 7.330 501.187
73.527 4.190 749.894
-7.333 55.367 707.946
120.967 14.583 421.697
21.463 61.594 199.526
174.500 -35.833 595.662
16.837 58.554 149.624
173.200 52.833 421.697
-72.117 -17.000 562.341
132.717 33.867 630.957
-81.432 30.395 595.662
-106.422 23.198 530.884
139.817 34.917 530.884
15.563 38.196 281.838
-177.367 28.217 375.837
-5.014 51.702 668.344
-4.906 55.750 841.395
50.600 26.233 749.894
130.450 32.617 501.187
139.482 34.067 316.228
141.983 39.650 707.946
-157.800 21.433 530.884
7.421 43.729 281.838
-71.960 41.048 501.187
-121.888 36.605 595.662
22.133 -34.183 707.946
134.167 33.267 421.697
129.867 32.733 398.107
136.883 35.083 473.151
127.667 26.200 421.697
129.842 29.842 354.813
-1.634 47.194 421.697
-70.097 41.285 473.151
176.917 -39.483 707.946
14.269 40.841 375.837
166.905 -0.528 707.946
-159.350 21.967 501.187
129.495 28.382 398.107
-124.617 48.368 562.341
-72.087 41.355 562.341
-74.015 40.700 562.341
0.057 50.782 707.946
-5.542 50.102 630.957
-71.327 41.505 630.957
-122.910 49.200 298.538
130.992 30.735 375.837
-1.440 55.007 749.894
-60.250 46.217 501.187
166.437 -22.292 562.341
-175.167 -21.133 562.341
-140.082 -8.930 595.662
11.950 78.933 398.107
141.717 39.067 749.894
141.750 39.017 595.662
139.383 34.783 595.662
17.097 57.366 133.352
138.217 34.617 398.107
140.900 36.933 630.957
135.433 34.650 473.151
16.478 57.275 149.624
10.734 59.909 375.837
25.418 65.040 188.365
130.217 32.983 473.151
136.217 34.067 375.837
-170.683 -14.283 530.884
-81.167 -5.083 562.341
-149.567 -17.525 251.189
-123.451 48.654 595.662
100.347 5.422 707.946
-158.053 -8.977 316.228
-87.213 30.403 281.838
-75.142 39.933 707.946
22.690 63.709 188.365
158.243 6.987 595.662
-123.253 49.337 630.957
-25.672 37.735 562.341
-123.440 48.125 446.684
-59.133 47.567 562.341
-1.062 45.569 630.957
25.630 -33.960 668.344
118.575 -20.318 668.344
150.912 -34.473 595.662
57.495 -20.155 298.538
16.867 -29.250 630.957
-3.446 47.644 562.341
3.107 42.520 281.838
-127.489 50.722 668.344
-97.215 26.060 149.624
-70.247 43.657 595.662
141.600 -38.333 446.684
-5.120 54.843 794.328
-120.760 35.177 595.662
-1.112 50.803 749.894
-130.324 54.317 707.946
-71.401 41.807 668.344
-87.950 15.833 316.228
-15.417 28.133 562.341
-72.967 -41.483 707.946
-67.617 -54.933 7.079
-132.072 53.252 707.946
24.407 64.666 149.624
-159.775 -21.207 375.837
20.895 63.986 133.352
21.426 61.133 211.349
-75.573 39.558 630.957
-21.940 64.151 562.341
-134.953 -23.125 473.151
12.113 57.250 199.526
-97.047 28.022 79.433
63.418 -19.668 446.684
11.230 64.859 595.662
-3.966 48.718 562.341
150.790 -23.162 595.662
-17.750 28.683 562.341
-93.870 29.730 5.957
133.333 36.200 298.538
-2.246 47.140 595.662
-1.682 43.395 562.341
-2.028 48.641 595.662
-2.202 47.267 562.341
-66.063 45.251 630.957
145.742 15.227 375.837
133.250 35.550 281.838
17.950 -33.017 595.662
-95.203 16.160 630.957
-117.173 32.713 630.957
-80.108 -26.292 501.187
-122.465 37.807 630.957
-90.833 13.917 595.662
-66.117 18.460 473.151
-160.502 55.337 595.662
-74.009 40.467 595.662
-90.313 -0.755 501.187
-118.500 34.008 668.344
-122.339 47.603 668.344
104.115 1.932 446.684
-151.720 59.441 530.884
-149.427 60.120 630.957
-76.330 36.947 375.837
115.350 22.750 749.894
0.743 51.442 1000.000
119.550 35.383 562.341
138.517 35.017 421.697
135.383 33.683 421.697
18.433 -34.183 668.344
14.358 55.557 211.349
-135.342 57.052 707.946
19.012 63.191 94.406
-135.327 59.450 749.894
12.829 55.417 298.538
11.218 58.354 266.073
-76.452 38.317 375.837
-124.043 44.625 630.957
17.531 62.363 149.624
147.933 -42.550 595.662
-78.918 33.655 794.328
-82.627 27.760 501.187
-52.717 47.567 562.341
11.832 58.093 316.228
-123.181 49.125 630.957
-2.117 49.183 595.662
18.082 59.325 133.352
-6.389 58.207 707.946
134.900 34.350 375.837
178.427 -18.132 630.957
39.600 -69.000 595.662
134.050 34.350 707.946
-81.282 -4.582 562.341
103.853 1.262 668.344
135.183 34.333 398.107
174.033 -39.050 630.957
-5.600 36.000 501.187
176.183 -37.650 595.662
117.883 4.233 794.328
-16.240 28.480 562.341
133.640 -32.150 749.894
104.140 2.807 473.151
136.850 34.467 421.697
-6.064 56.623 668.344
-125.913 49.154 707.946
139.767 35.650 595.662
132.967 32.783 375.837
5.913 43.117 281.838
146.833 -19.250 595.662
137.217 36.767 251.189
7.567 58.000 316.228
13.750 45.650 595.662
151.850 7.450 446.684
-78.730 1.817 630.957
22.101 60.428 251.189
138.883 35.017 421.697
-5.158 57.895 668.344
-166.537 53.880 398.107
133.950 34.483 707.946
135.900 33.567 375.837
132.550 33.233 530.884
21.571 63.081 177.828
-146.362 61.125 630.957
-0.330 39.460 211.349
-71.633 -33.033 630.957
-123.110 49.287 668.344
12.217 57.100 199.526
31.100 70.333 446.684
12.426 45.419 501.187
-123.370 48.422 375.837
12.579 56.142 266.073
18.284 57.639 79.433
135.150 34.217 398.107
166.617 19.283 398.107
141.683 45.400 398.107
14.500 -22.950 562.341
-77.022 38.873 354.813
174.783 -41.283 668.344
-2.448 50.608 630.957
-0.614 54.490 841.395
-3.086 58.441 707.946
-123.965 46.708 630.957
-73.782 40.793 501.187
-77.953 34.227 595.662
18.419 54.797 251.189
-62.700 45.683 421.697
-70.672 41.523 530.884
-3.568 54.651 707.946
128.102 -15.453 707.946
118.067 24.450 707.946
-139.733 59.548 668.344
138.128 9.508 530.884
-66.117 43.833 707.946
139.633 35.467 530.884
13.817 55.417 237.137
39.190 -6.155 707.946
111.833 21.583 707.946
