144.283 44.017 473.151
-2.075 57.143 595.662
131.417 31.583 281.838
-89.833 13.583 595.662
-99.912 16.840 562.341
-176.632 51.863 354.813
-122.298 37.772 707.946
-126.931 50.587 595.662
-5.433 36.117 421.697
-149.890 61.238 595.662
-76.482 38.983 266.073
-70.400 -23.650 595.662
-53.983 47.300 398.107
-13.530 28.972 595.662
-123.767 46.208 630.957
-74.418 39.355 707.946
-2.715 51.511 446.684
141.500 38.300 630.957
-79.573 8.962 562.341
-76.578 39.267 251.189
-90.285 -0.437 501.187
-125.136 48.836 630.957
2.163 41.342 237.137
-68.205 44.392 595.662
12.903 55.756 158.489
-1.515 43.527 562.341
109.083 21.483 421.697
-128.143 52.163 562.341
-64.700 32.400 281.838
-3.050 43.357 562.341
-6.340 36.800 530.884
141.917 -10.600 562.341
-71.052 42.355 530.884
1.578 50.727 530.884
-4.500 48.383 595.662
-73.182 41.173 375.837
153.167 -27.367 707.946
122.217 -18.000 668.344
-77.100 3.900 630.957
-58.500 -34.667 12.589
152.380 -24.767 668.344
145.915 -41.050 841.395
-109.908 22.880 668.344
-6.283 36.533 562.341
1.868 50.969 50.119
-77.150 -12.050 501.187
-76.068 38.573 501.187
-125.247 50.042 668.344
-47.925 -25.017 473.151
147.058 -19.277 595.662
18.433 -33.900 630.957
-74.960 38.968 841.395
113.652 -24.898 562.341
-75.533 10.383 446.684
-9.417 38.692 595.662
15.094 37.498 251.189
103.187 5.265 473.151
-5.317 35.900 421.697
91.050 22.217 177.828
-124.322 43.345 562.341
-79.925 32.782 668.344
-64.920 18.335 501.187
-63.117 46.233 421.697
-1.635 49.651 595.662
-76.113 36.967 354.813
142.200 27.100 334.965
140.867 35.750 375.837
-157.472 1.982 530.884
-94.200 58.783 7.943
96.883 -12.117 446.684
-1.890 47.277 668.344
-145.753 60.558 562.341
-97.217 27.580 6.683
91.833 21.450 354.813
-124.183 41.745 595.662
-79.915 9.355 473.151
1.302 52.934 668.344
8.717 53.867 22.387
130.850 -12.467 668.344
20.385 60.032 105.925
6.933 53.326 14.962
4.746 52.965 105.925
-4.185 50.368 668.344
1.085 49.929 668.344
-2.088 47.306 630.957
108.617 19.100 446.684
1.318 51.117 630.957
-75.740 36.183 562.341
2.367 51.048 501.187
31.050 -29.867 630.957
27.917 -33.017 595.662
-109.448 -27.150 501.187
-66.985 44.903 668.344
162.387 11.430 630.957
-116.633 31.850 630.957
8.433 55.467 37.584
-79.647 0.992 595.662
121.900 -33.867 501.187
-64.267 -65.250 0.100
1.348 51.957 562.341
-81.467 30.672 630.957
-4.983 52.014 668.344
18.211 60.409 47.315
151.233 -33.850 562.341
-80.902 32.033 707.946
-95.308 28.948 59.566
115.717 -32.050 446.684
-166.288 23.868 446.684
139.933 40.650 281.838
128.850 32.700 446.684
-123.451 48.769 530.884
179.195 -8.525 501.187
-16.907 32.640 530.884
21.231 64.916 5.012
-94.793 29.310 5.623
73.152 -0.687 562.341
11.933 54.567 118.850
102.107 6.227 446.684
-5.350 36.117 446.684
-3.018 53.450 668.344
11.791 57.685 158.489
-89.957 29.263 1.778
144.650 13.433 421.697
-110.900 27.933 354.813
141.533 40.533 668.344
110.283 20.017 70.795
140.717 41.783 668.344
-63.583 44.667 630.957
132.067 34.900 354.813
27.179 60.563 100.000
145.567 43.283 630.957
22.977 59.823 100.000
1.284 51.947 794.328
9.101 63.425 334.965
24.956 60.154 112.202
-2.920 54.032 237.137
115.738 -31.825 398.107
-155.067 19.733 501.187
-3.134 51.215 668.344
89.467 21.783 421.697
147.330 -42.887 562.341
4.120 51.977 118.850
-4.631 53.308 668.344
114.217 22.300 501.187
159.957 -9.425 398.107
25.973 70.980 398.107
-157.867 21.307 530.884
12.467 56.100 188.365
131.683 32.417 251.189
-124.217 40.767 630.957
-4.111 51.211 562.341
-43.165 -22.897 562.341
-0.186 53.631 446.684
124.167 24.333 446.684
-169.530 16.738 530.884
103.792 1.462 707.946
-78.833 -33.622 630.957
-134.412 58.298 473.151
130.567 31.583 354.813
-156.467 20.900 668.344
23.096 65.697 7.079
121.282 28.088 23.714
-171.718 -2.810 595.662
120.288 22.615 398.107
154.777 1.098 446.684
21.215 62.344 4.467
139.750 35.517 421.697
121.745 25.157 266.073
101.358 3.050 668.344
102.153 2.215 668.344
24.515 65.673 3.350
70.220 -49.345 1000.000
-131.625 55.333 630.957
-81.808 24.553 473.151
-5.050 58.457 281.838
12.894 55.522 281.838
23.033 -34.050 749.894
99.817 11.795 398.107
98.425 7.832 668.344
135.183 34.683 316.228
133.567 33.500 167.880
-152.512 57.732 530.884
134.583 34.017 375.837
116.067 5.983 421.697
103.430 3.975 530.884
130.200 32.600 501.187
103.443 1.325 749.894
15.589 56.105 177.828
11.127 58.997 177.828
135.767 33.483 421.697
144.367 42.983 749.894
167.733 8.733 630.957
-8.400 43.367 595.662
-117.257 32.867 630.957
-80.917 -2.200 630.957
-110.345 24.162 668.344
-1.221 46.158 375.837
-87.817 13.333 630.957
17.865 58.742 79.433
99.765 6.432 668.344
177.433 -17.600 562.341
-4.781 48.359 630.957
0.106 49.482 501.187
-1.765 47.205 79.433
123.750 13.150 630.957
-3.182 55.990 630.957
-1.140 60.155 530.884
-1.794 46.497 501.187
-75.120 38.782 501.187
119.417 34.750 446.684
-64.753 17.697 354.813
10.299 43.546 375.837
-3.825 53.332 630.957
-80.717 -6.933 595.662
159.067 -31.517 562.341
-118.272 33.720 630.957
-64.883 47.083 316.228
1.751 52.473 53.088
15.150 -26.650 530.884
100.613 4.240 595.662
121.617 32.133 70.795
5.113 61.934 398.107
-67.047 17.972 354.813
137.617 34.683 3.162
135.383 35.467 298.538
171.373 7.107 595.662
130.300 31.267 281.838
-4.417 36.717 446.684
134.463 7.330 530.884
73.527 4.190 707.946
-7.333 55.367 562.341
120.967 14.583 398.107
21.463 61.594 23.714
174.500 -35.833 562.341
16.837 58.554 100.000
173.200 52.833 421.697
-72.117 -17.000 595.662
132.717 33.867 530.884
-81.432 30.395 473.151
-106.422 23.198 562.341
139.817 34.917 562.341
15.563 38.196 266.073
-177.367 28.217 375.837
-5.014 51.702 668.344
-4.906 55.750 199.526
50.600 26.233 841.395
130.450 32.617 473.151
139.482 34.067 223.872
141.983 39.650 630.957
-157.800 21.433 421.697
7.421 43.729 266.073
-71.960 41.048 237.137
-121.888 36.605 630.957
22.133 -34.183 749.894
134.167 33.267 188.365
129.867 32.733 398.107
136.883 35.083 316.228
127.667 26.200 446.684
129.842 29.842 375.837
-1.634 47.194 446.684
-70.097 41.285 446.684
176.917 -39.483 668.344
14.269 40.841 398.107
166.905 -0.528 707.946
-159.350 21.967 501.187
129.495 28.382 398.107
-124.617 48.368 530.884
-72.087 41.355 79.433
-74.015 40.700 298.538
0.057 50.782 668.344
-5.542 50.102 668.344
-71.327 41.505 530.884
-122.910 49.200 281.838
130.992 30.735 375.837
-1.440 55.007 630.957
-60.250 46.217 473.151
166.437 -22.292 562.341
-175.167 -21.133 501.187
-140.082 -8.930 562.341
11.950 78.933 149.624
141.717 39.067 749.894
141.750 39.017 668.344
139.383 34.783 530.884
17.097 57.366 118.850
138.217 34.617 421.697
140.900 36.933 668.344
135.433 34.650 89.125
16.478 57.275 133.352
10.734 59.909 100.000
25.418 65.040 7.499
130.217 32.983 473.151
136.217 34.067 354.813
-170.683 -14.283 421.697
-81.167 -5.083 530.884
-149.567 -17.525 316.228
-123.451 48.654 562.341
100.347 5.422 707.946
-158.053 -8.977 281.838
-87.213 30.403 14.962
-75.142 39.933 562.341
22.690 63.709 17.783
158.243 6.987 595.662
-123.253 49.337 668.344
-25.672 37.735 562.341
-123.440 48.125 446.684
-59.133 47.567 530.884
-1.062 45.569 595.662
25.630 -33.960 668.344
118.575 -20.318 668.344
150.912 -34.473 595.662
57.495 -20.155 334.965
16.867 -29.250 595.662
-3.446 47.644 530.884
3.107 42.520 281.838
-127.489 50.722 668.344
-97.215 26.060 14.125
-70.247 43.657 595.662
141.600 -38.333 473.151
-5.120 54.843 562.341
-120.760 35.177 595.662
-1.112 50.803 749.894
-130.324 54.317 630.957
-71.401 41.807 375.837
-87.950 15.833 281.838
-15.417 28.133 595.662
-72.967 -41.483 446.684
-67.617 -54.933 33.497
-132.072 53.252 595.662
24.407 64.666 8.913
-159.775 -21.207 281.838
20.895 63.986 6.683
21.426 61.133 35.481
-75.573 39.558 595.662
-21.940 64.151 421.697
-134.953 -23.125 473.151
12.113 57.250 118.850
-97.047 28.022 63.096
63.418 -19.668 446.684
11.230 64.859 125.893
-3.966 48.718 530.884
150.790 -23.162 595.662
-17.750 28.683 562.341
-93.870 29.730 1.884
133.333 36.200 298.538
-2.246 47.140 530.884
-1.682 43.395 562.341
-2.028 48.641 595.662
-2.202 47.267 530.884
-66.063 45.251 668.344
145.742 15.227 167.880
133.250 35.550 266.073
17.950 -33.017 595.662
-95.203 16.160 668.344
-117.173 32.713 630.957
-80.108 -26.292 562.341
-122.465 37.807 630.957
-90.833 13.917 630.957
-66.117 18.460 446.684
-160.502 55.337 530.884
-74.009 40.467 266.073
-90.313 -0.755 501.187
-118.500 34.008 630.957
-122.339 47.603 630.957
104.115 1.932 446.684
-151.720 59.441 562.341
-149.427 60.120 562.341
-76.330 36.947 266.073
115.350 22.750 707.946
0.743 51.442 707.946
119.550 35.383 446.684
138.517 35.017 446.684
135.383 33.683 421.697
18.433 -34.183 668.344
14.358 55.557 199.526
-135.342 57.052 668.344
19.012 63.191 1.995
-135.327 59.450 562.341
12.829 55.417 199.526
11.218 58.354 211.349
-76.452 38.317 375.837
-124.043 44.625 630.957
17.531 62.363 8.913
147.933 -42.550 595.662
-78.918 33.655 794.328
-82.627 27.760 199.526
-52.717 47.567 707.946
11.832 58.093 188.365
-123.181 49.125 562.341
-2.117 49.183 595.662
18.082 59.325 89.125
-6.389 58.207 562.341
134.900 34.350 398.107
178.427 -18.132 630.957
39.600 -69.000 530.884
134.050 34.350 530.884
-81.282 -4.582 530.884
103.853 1.262 707.946
135.183 34.333 398.107
174.033 -39.050 595.662
-5.600 36.000 501.187
176.183 -37.650 562.341
117.883 4.233 794.328
-16.240 28.480 562.341
133.640 -32.150 749.894
104.140 2.807 473.151
136.850 34.467 473.151
-6.064 56.623 446.684
-125.913 49.154 668.344
139.767 35.650 375.837
132.967 32.783 133.352
5.913 43.117 251.189
146.833 -19.250 630.957
137.217 36.767 266.073
7.567 58.000 237.137
13.750 45.650 595.662
151.850 7.450 446.684
-78.730 1.817 595.662
22.101 60.428 118.850
138.883 35.017 446.684
-5.158 57.895 530.884
-166.537 53.880 398.107
133.950 34.483 562.341
135.900 33.567 354.813
132.550 33.233 501.187
21.571 63.081 5.309
-146.362 61.125 562.341
-0.330 39.460 211.349
-71.633 -33.033 630.957
-123.110 49.287 668.344
12.217 57.100 188.365
31.100 70.333 446.684
12.426 45.419 473.151
-123.370 48.422 375.837
12.579 56.142 158.489
18.284 57.639 59.566
135.150 34.217 398.107
166.617 19.283 473.151
141.683 45.400 398.107
14.500 -22.950 562.341
-77.022 38.873 18.836
174.783 -41.283 668.344
-2.448 50.608 630.957
-0.614 54.490 595.662
-3.086 58.441 595.662
-123.965 46.708 530.884
-73.782 40.793 21.135
-77.953 34.227 630.957
18.419 54.797 199.526
-62.700 45.683 354.813
-70.672 41.523 316.228
-3.568 54.651 421.697
128.102 -15.453 707.946
118.067 24.450 501.187
-139.733 59.548 562.341
138.128 9.508 473.151
-66.117 43.833 668.344
139.633 35.467 375.837
13.817 55.417 188.365
39.190 -6.155 707.946
111.833 21.583 630.957
