144.283 44.017 446.684
-2.075 57.143 562.341
131.417 31.583 223.872
-89.833 13.583 630.957
-99.912 16.840 421.697
-176.632 51.863 375.837
-122.298 37.772 707.946
-126.931 50.587 473.151
-5.433 36.117 354.813
-149.890 61.238 630.957
-76.482 38.983 199.526
-70.400 -23.650 530.884
-53.983 47.300 595.662
-13.530 28.972 595.662
-123.767 46.208 562.341
-74.418 39.355 501.187
-2.715 51.511 237.137
141.500 38.300 707.946
-79.573 8.962 562.341
-76.578 39.267 158.489
-90.285 -0.437 501.187
-125.136 48.836 530.884
2.163 41.342 237.137
-68.205 44.392 473.151
12.903 55.756 79.433
-1.515 43.527 562.341
109.083 21.483 375.837
-128.143 52.163 354.813
-64.700 32.400 501.187
-3.050 43.357 562.341
-6.340 36.800 562.341
141.917 -10.600 530.884
-71.052 42.355 421.697
1.578 50.727 473.151
-4.500 48.383 530.884
-73.182 41.173 149.624
153.167 -27.367 707.946
122.217 -18.000 595.662
-77.100 3.900 630.957
-58.500 -34.667 7.079
152.380 -24.767 630.957
145.915 -41.050 891.251
-109.908 22.880 668.344
-6.283 36.533 562.341
1.868 50.969 17.783
-77.150 -12.050 562.341
-76.068 38.573 421.697
-125.247 50.042 562.341
-47.925 -25.017 251.189
147.058 -19.277 530.884
18.433 -33.900 668.344
-74.960 38.968 595.662
113.652 -24.898 595.662
-75.533 10.383 446.684
-9.417 38.692 630.957
15.094 37.498 281.838
103.187 5.265 446.684
-5.317 35.900 473.151
91.050 22.217 70.795
-124.322 43.345 562.341
-79.925 32.782 530.884
-64.920 18.335 473.151
-63.117 46.233 266.073
-1.635 49.651 595.662
-76.113 36.967 298.538
142.200 27.100 316.228
140.867 35.750 334.965
-157.472 1.982 530.884
-94.200 58.783 2.512
96.883 -12.117 446.684
-1.890 47.277 630.957
-145.753 60.558 446.684
-97.217 27.580 3.548
91.833 21.450 94.406
-124.183 41.745 530.884
-79.915 9.355 446.684
1.302 52.934 421.697
8.717 53.867 11.885
130.850 -12.467 707.946
20.385 60.032 39.811
6.933 53.326 8.414
4.746 52.965 42.170
-4.185 50.368 595.662
1.085 49.929 630.957
-2.088 47.306 530.884
108.617 19.100 446.684
1.318 51.117 398.107
-75.740 36.183 421.697
2.367 51.048 251.189
31.050 -29.867 630.957
27.917 -33.017 595.662
-109.448 -27.150 398.107
-66.985 44.903 562.341
162.387 11.430 630.957
-116.633 31.850 630.957
8.433 55.467 17.783
-79.647 0.992 630.957
121.900 -33.867 501.187
-64.267 -65.250 0.100
1.348 51.957 223.872
-81.467 30.672 595.662
-4.983 52.014 595.662
18.211 60.409 6.310
151.233 -33.850 562.341
-80.902 32.033 707.946
-95.308 28.948 14.125
115.717 -32.050 421.697
-166.288 23.868 446.684
139.933 40.650 298.538
128.850 32.700 446.684
-123.451 48.769 501.187
179.195 -8.525 473.151
-16.907 32.640 562.341
21.231 64.916 0.794
-94.793 29.310 3.350
73.152 -0.687 595.662
11.933 54.567 59.566
102.107 6.227 446.684
-5.350 36.117 473.151
-3.018 53.450 354.813
11.791 57.685 74.989
-89.957 29.263 1.496
144.650 13.433 446.684
-110.900 27.933 334.965
141.533 40.533 530.884
110.283 20.017 17.783
140.717 41.783 630.957
-63.583 44.667 530.884
132.067 34.900 281.838
27.179 60.563 31.623
145.567 43.283 446.684
22.977 59.823 47.315
1.284 51.947 630.957
9.101 63.425 74.989
24.956 60.154 50.119
-2.920 54.032 84.140
115.738 -31.825 237.137
-155.067 19.733 595.662
-3.134 51.215 595.662
89.467 21.783 334.965
147.330 -42.887 446.684
4.120 51.977 42.170
-4.631 53.308 562.341
114.217 22.300 334.965
159.957 -9.425 14.125
25.973 70.980 251.189
-157.867 21.307 501.187
12.467 56.100 133.352
131.683 32.417 199.526
-124.217 40.767 595.662
-4.111 51.211 501.187
-43.165 -22.897 446.684
-0.186 53.631 177.828
124.167 24.333 354.813
-169.530 16.738 501.187
103.792 1.462 707.946
-78.833 -33.622 630.957
-134.412 58.298 237.137
130.567 31.583 281.838
-156.467 20.900 630.957
23.096 65.697 0.944
121.282 28.088 10.000
-171.718 -2.810 595.662
120.288 22.615 421.697
154.777 1.098 473.151
21.215 62.344 1.059
139.750 35.517 421.697
121.745 25.157 177.828
101.358 3.050 668.344
102.153 2.215 595.662
24.515 65.673 0.841
70.220 -49.345 1000.000
-131.625 55.333 530.884
-81.808 24.553 473.151
-5.050 58.457 94.406
12.894 55.522 211.349
23.033 -34.050 595.662
99.817 11.795 421.697
98.425 7.832 668.344
135.183 34.683 125.893
133.567 33.500 39.811
-152.512 57.732 501.187
134.583 34.017 316.228
116.067 5.983 473.151
103.430 3.975 501.187
130.200 32.600 473.151
103.443 1.325 749.894
15.589 56.105 158.489
11.127 58.997 59.566
135.767 33.483 446.684
144.367 42.983 668.344
167.733 8.733 668.344
-8.400 43.367 595.662
-117.257 32.867 630.957
-80.917 -2.200 595.662
-110.345 24.162 595.662
-1.221 46.158 141.254
-87.817 13.333 668.344
17.865 58.742 56.234
99.765 6.432 707.946
177.433 -17.600 562.341
-4.781 48.359 595.662
0.106 49.482 421.697
-1.765 47.205 25.119
123.750 13.150 630.957
-3.182 55.990 530.884
-1.140 60.155 421.697
-1.794 46.497 421.697
-75.120 38.782 281.838
119.417 34.750 298.538
-64.753 17.697 334.965
10.299 43.546 334.965
-3.825 53.332 375.837
-80.717 -6.933 595.662
159.067 -31.517 562.341
-118.272 33.720 595.662
-64.883 47.083 237.137
1.751 52.473 19.953
15.150 -26.650 562.341
100.613 4.240 595.662
121.617 32.133 28.184
5.113 61.934 316.228
-67.047 17.972 316.228
137.617 34.683 2.239
135.383 35.467 281.838
171.373 7.107 595.662
130.300 31.267 188.365
-4.417 36.717 446.684
134.463 7.330 473.151
73.527 4.190 668.344
-7.333 55.367 421.697
120.967 14.583 421.697
21.463 61.594 2.512
174.500 -35.833 446.684
16.837 58.554 74.989
173.200 52.833 421.697
-72.117 -17.000 530.884
132.717 33.867 473.151
-81.432 30.395 562.341
-106.422 23.198 562.341
139.817 34.917 421.697
15.563 38.196 251.189
-177.367 28.217 158.489
-5.014 51.702 595.662
-4.906 55.750 59.566
50.600 26.233 707.946
130.450 32.617 446.684
139.482 34.067 251.189
141.983 39.650 707.946
-157.800 21.433 501.187
7.421 43.729 266.073
-71.960 41.048 63.096
-121.888 36.605 630.957
22.133 -34.183 707.946
134.167 33.267 44.668
129.867 32.733 421.697
136.883 35.083 105.925
127.667 26.200 398.107
129.842 29.842 316.228
-1.634 47.194 421.697
-70.097 41.285 334.965
176.917 -39.483 707.946
14.269 40.841 354.813
166.905 -0.528 707.946
-159.350 21.967 446.684
129.495 28.382 354.813
-124.617 48.368 501.187
-72.087 41.355 21.135
-74.015 40.700 112.202
0.057 50.782 595.662
-5.542 50.102 668.344
-71.327 41.505 421.697
-122.910 49.200 211.349
130.992 30.735 334.965
-1.440 55.007 375.837
-60.250 46.217 421.697
166.437 -22.292 595.662
-175.167 -21.133 562.341
-140.082 -8.930 668.344
11.950 78.933 94.406
141.717 39.067 707.946
141.750 39.017 630.957
139.383 34.783 562.341
17.097 57.366 100.000
138.217 34.617 354.813
140.900 36.933 668.344
135.433 34.650 18.836
16.478 57.275 105.925
10.734 59.909 26.607
25.418 65.040 0.944
130.217 32.983 375.837
136.217 34.067 316.228
-170.683 -14.283 530.884
-81.167 -5.083 530.884
-149.567 -17.525 354.813
-123.451 48.654 562.341
100.347 5.422 707.946
-158.053 -8.977 316.228
-87.213 30.403 5.957
-75.142 39.933 398.107
22.690 63.709 1.334
158.243 6.987 595.662
-123.253 49.337 562.341
-25.672 37.735 595.662
-123.440 48.125 398.107
-59.133 47.567 473.151
-1.062 45.569 530.884
25.630 -33.960 630.957
118.575 -20.318 595.662
150.912 -34.473 595.662
57.495 -20.155 354.813
16.867 -29.250 630.957
-3.446 47.644 530.884
3.107 42.520 266.073
-127.489 50.722 562.341
-97.215 26.060 5.309
-70.247 43.657 473.151
141.600 -38.333 473.151
-5.120 54.843 281.838
-120.760 35.177 630.957
-1.112 50.803 530.884
-130.324 54.317 354.813
-71.401 41.807 158.489
-87.950 15.833 281.838
-15.417 28.133 595.662
-72.967 -41.483 266.073
-67.617 -54.933 19.953
-132.072 53.252 530.884
24.407 64.666 1.000
-159.775 -21.207 199.526
20.895 63.986 0.841
21.426 61.133 2.985
-75.573 39.558 595.662
-21.940 64.151 298.538
-134.953 -23.125 446.684
12.113 57.250 50.119
-97.047 28.022 39.811
63.418 -19.668 446.684
11.230 64.859 28.184
-3.966 48.718 421.697
150.790 -23.162 630.957
-17.750 28.683 562.341
-93.870 29.730 1.585
133.333 36.200 298.538
-2.246 47.140 421.697
-1.682 43.395 562.341
-2.028 48.641 562.341
-2.202 47.267 446.684
-66.063 45.251 562.341
145.742 15.227 84.140
133.250 35.550 223.872
17.950 -33.017 595.662
-95.203 16.160 630.957
-117.173 32.713 630.957
-80.108 -26.292 530.884
-122.465 37.807 630.957
-90.833 13.917 630.957
-66.117 18.460 473.151
-160.502 55.337 473.151
-74.009 40.467 89.125
-90.313 -0.755 501.187
-118.500 34.008 630.957
-122.339 47.603 630.957
104.115 1.932 421.697
-151.720 59.441 398.107
-149.427 60.120 501.187
-76.330 36.947 158.489
115.350 22.750 630.957
0.743 51.442 421.697
119.550 35.383 375.837
138.517 35.017 446.684
135.383 33.683 421.697
18.433 -34.183 630.957
14.358 55.557 167.880
-135.342 57.052 562.341
19.012 63.191 1.000
-135.327 59.450 334.965
12.829 55.417 118.850
11.218 58.354 94.406
-76.452 38.317 375.837
-124.043 44.625 595.662
17.531 62.363 1.189
147.933 -42.550 595.662
-78.918 33.655 595.662
-82.627 27.760 44.668
-52.717 47.567 595.662
11.832 58.093 89.125
-123.181 49.125 562.341
-2.117 49.183 595.662
18.082 59.325 47.315
-6.389 58.207 473.151
134.900 34.350 354.813
178.427 -18.132 630.957
39.600 -69.000 501.187
134.050 34.350 375.837
-81.282 -4.582 562.341
103.853 1.262 668.344
135.183 34.333 354.813
174.033 -39.050 562.341
-5.600 36.000 501.187
176.183 -37.650 630.957
117.883 4.233 794.328
-16.240 28.480 595.662
133.640 -32.150 630.957
104.140 2.807 501.187
136.850 34.467 354.813
-6.064 56.623 237.137
-125.913 49.154 562.341
139.767 35.650 251.189
132.967 32.783 37.584
5.913 43.117 281.838
146.833 -19.250 562.341
137.217 36.767 281.838
7.567 58.000 237.137
13.750 45.650 501.187
151.850 7.450 446.684
-78.730 1.817 595.662
22.101 60.428 22.387
138.883 35.017 446.684
-5.158 57.895 354.813
-166.537 53.880 398.107
133.950 34.483 334.965
135.900 33.567 298.538
132.550 33.233 375.837
21.571 63.081 0.891
-146.362 61.125 473.151
-0.330 39.460 199.526
-71.633 -33.033 595.662
-123.110 49.287 630.957
12.217 57.100 141.254
31.100 70.333 334.965
12.426 45.419 316.228
-123.370 48.422 398.107
12.579 56.142 70.795
18.284 57.639 56.234
135.150 34.217 354.813
166.617 19.283 298.538
141.683 45.400 334.965
14.500 -22.950 562.341
-77.022 38.873 7.943
174.783 -41.283 707.946
-2.448 50.608 595.662
-0.614 54.490 316.228
-3.086 58.441 501.187
-123.965 46.708 375.837
-73.782 40.793 10.000
-77.953 34.227 501.187
18.419 54.797 149.624
-62.700 45.683 237.137
-70.672 41.523 141.254
-3.568 54.651 167.880
128.102 -15.453 707.946
118.067 24.450 281.838
-139.733 59.548 446.684
138.128 9.508 398.107
-66.117 43.833 595.662
139.633 35.467 334.965
13.817 55.417 167.880
39.190 -6.155 707.946
111.833 21.583 562.341
