144.283 44.017 446.684
-2.075 57.143 630.957
131.417 31.583 188.365
-89.833 13.583 668.344
-99.912 16.840 562.341
-176.632 51.863 375.837
-122.298 37.772 668.344
-126.931 50.587 595.662
-5.433 36.117 446.684
-149.890 61.238 707.946
-76.482 38.983 251.189
-70.400 -23.650 595.662
-53.983 47.300 794.328
-13.530 28.972 595.662
-123.767 46.208 630.957
-74.418 39.355 530.884
-2.715 51.511 375.837
141.500 38.300 749.894
-79.573 8.962 530.884
-76.578 39.267 223.872
-90.285 -0.437 501.187
-125.136 48.836 630.957
2.163 41.342 237.137
-68.205 44.392 562.341
12.903 55.756 133.352
-1.515 43.527 595.662
109.083 21.483 375.837
-128.143 52.163 562.341
-64.700 32.400 501.187
-3.050 43.357 562.341
-6.340 36.800 530.884
141.917 -10.600 562.341
-71.052 42.355 530.884
1.578 50.727 530.884
-4.500 48.383 595.662
-73.182 41.173 316.228
153.167 -27.367 668.344
122.217 -18.000 630.957
-77.100 3.900 595.662
-58.500 -34.667 9.441
152.380 -24.767 630.957
145.915 -41.050 891.251
-109.908 22.880 595.662
-6.283 36.533 562.341
1.868 50.969 35.481
-77.150 -12.050 530.884
-76.068 38.573 501.187
-125.247 50.042 630.957
-47.925 -25.017 421.697
147.058 -19.277 595.662
18.433 -33.900 630.957
-74.960 38.968 749.894
113.652 -24.898 595.662
-75.533 10.383 473.151
-9.417 38.692 595.662
15.094 37.498 237.137
103.187 5.265 473.151
-5.317 35.900 473.151
91.050 22.217 133.352
-124.322 43.345 562.341
-79.925 32.782 562.341
-64.920 18.335 446.684
-63.117 46.233 375.837
-1.635 49.651 595.662
-76.113 36.967 354.813
142.200 27.100 298.538
140.867 35.750 398.107
-157.472 1.982 501.187
-94.200 58.783 6.310
96.883 -12.117 473.151
-1.890 47.277 668.344
-145.753 60.558 562.341
-97.217 27.580 5.309
91.833 21.450 251.189
-124.183 41.745 595.662
-79.915 9.355 421.697
1.302 52.934 595.662
8.717 53.867 17.783
130.850 -12.467 707.946
20.385 60.032 94.406
6.933 53.326 12.589
4.746 52.965 74.989
-4.185 50.368 668.344
1.085 49.929 668.344
-2.088 47.306 595.662
108.617 19.100 446.684
1.318 51.117 595.662
-75.740 36.183 473.151
2.367 51.048 446.684
31.050 -29.867 630.957
27.917 -33.017 595.662
-109.448 -27.150 473.151
-66.985 44.903 630.957
162.387 11.430 668.344
-116.633 31.850 630.957
8.433 55.467 28.184
-79.647 0.992 595.662
121.900 -33.867 473.151
-64.267 -65.250 0.100
1.348 51.957 446.684
-81.467 30.672 595.662
-4.983 52.014 630.957
18.211 60.409 22.387
151.233 -33.850 562.341
-80.902 32.033 707.946
-95.308 28.948 37.584
115.717 -32.050 446.684
-166.288 23.868 446.684
139.933 40.650 281.838
128.850 32.700 421.697
-123.451 48.769 530.884
179.195 -8.525 501.187
-16.907 32.640 562.341
21.231 64.916 2.661
-94.793 29.310 4.732
73.152 -0.687 630.957
11.933 54.567 100.000
102.107 6.227 446.684
-5.350 36.117 473.151
-3.018 53.450 630.957
11.791 57.685 133.352
-89.957 29.263 1.679
144.650 13.433 375.837
-110.900 27.933 316.228
141.533 40.533 630.957
110.283 20.017 42.170
140.717 41.783 668.344
-63.583 44.667 630.957
132.067 34.900 421.697
27.179 60.563 66.834
145.567 43.283 562.341
22.977 59.823 84.140
1.284 51.947 794.328
9.101 63.425 223.872
24.956 60.154 89.125
-2.920 54.032 167.880
115.738 -31.825 398.107
-155.067 19.733 530.884
-3.134 51.215 630.957
89.467 21.783 421.697
147.330 -42.887 595.662
4.120 51.977 84.140
-4.631 53.308 630.957
114.217 22.300 473.151
159.957 -9.425 421.697
25.973 70.980 354.813
-157.867 21.307 446.684
12.467 56.100 177.828
131.683 32.417 251.189
-124.217 40.767 630.957
-4.111 51.211 562.341
-43.165 -22.897 595.662
-0.186 53.631 354.813
124.167 24.333 421.697
-169.530 16.738 530.884
103.792 1.462 707.946
-78.833 -33.622 595.662
-134.412 58.298 446.684
130.567 31.583 334.965
-156.467 20.900 630.957
23.096 65.697 3.162
121.282 28.088 17.783
-171.718 -2.810 630.957
120.288 22.615 421.697
154.777 1.098 473.151
21.215 62.344 2.371
139.750 35.517 595.662
121.745 25.157 266.073
101.358 3.050 630.957
102.153 2.215 668.344
24.515 65.673 1.884
70.220 -49.345 1000.000
-131.625 55.333 630.957
-81.808 24.553 473.151
-5.050 58.457 223.872
12.894 55.522 251.189
23.033 -34.050 707.946
99.817 11.795 421.697
98.425 7.832 707.946
135.183 34.683 281.838
133.567 33.500 118.850
-152.512 57.732 595.662
134.583 34.017 375.837
116.067 5.983 473.151
103.430 3.975 530.884
130.200 32.600 501.187
103.443 1.325 749.894
15.589 56.105 177.828
11.127 58.997 133.352
135.767 33.483 421.697
144.367 42.983 707.946
167.733 8.733 707.946
-8.400 43.367 595.662
-117.257 32.867 595.662
-80.917 -2.200 595.662
-110.345 24.162 630.957
-1.221 46.158 298.538
-87.817 13.333 630.957
17.865 58.742 74.989
99.765 6.432 668.344
177.433 -17.600 595.662
-4.781 48.359 630.957
0.106 49.482 473.151
-1.765 47.205 56.234
123.750 13.150 630.957
-3.182 55.990 630.957
-1.140 60.155 473.151
-1.794 46.497 501.187
-75.120 38.782 446.684
119.417 34.750 446.684
-64.753 17.697 398.107
10.299 43.546 375.837
-3.825 53.332 630.957
-80.717 -6.933 595.662
159.067 -31.517 562.341
-118.272 33.720 595.662
-64.883 47.083 281.838
1.751 52.473 35.481
15.150 -26.650 530.884
100.613 4.240 595.662
121.617 32.133 50.119
5.113 61.934 398.107
-67.047 17.972 398.107
137.617 34.683 2.818
135.383 35.467 298.538
171.373 7.107 595.662
130.300 31.267 266.073
-4.417 36.717 473.151
134.463 7.330 530.884
73.527 4.190 707.946
-7.333 55.367 562.341
120.967 14.583 398.107
21.463 61.594 9.441
174.500 -35.833 562.341
16.837 58.554 89.125
173.200 52.833 398.107
-72.117 -17.000 562.341
132.717 33.867 562.341
-81.432 30.395 595.662
-106.422 23.198 562.341
139.817 34.917 562.341
15.563 38.196 266.073
-177.367 28.217 354.813
-5.014 51.702 630.957
-4.906 55.750 141.254
50.600 26.233 841.395
130.450 32.617 501.187
139.482 34.067 298.538
141.983 39.650 668.344
-157.800 21.433 501.187
7.421 43.729 281.838
-71.960 41.048 177.828
-121.888 36.605 595.662
22.133 -34.183 707.946
134.167 33.267 133.352
129.867 32.733 398.107
136.883 35.083 281.838
127.667 26.200 446.684
129.842 29.842 375.837
-1.634 47.194 501.187
-70.097 41.285 421.697
176.917 -39.483 749.894
14.269 40.841 354.813
166.905 -0.528 707.946
-159.350 21.967 501.187
129.495 28.382 421.697
-124.617 48.368 562.341
-72.087 41.355 50.119
-74.015 40.700 251.189
0.057 50.782 630.957
-5.542 50.102 668.344
-71.327 41.505 501.187
-122.910 49.200 237.137
130.992 30.735 375.837
-1.440 55.007 562.341
-60.250 46.217 501.187
166.437 -22.292 630.957
-175.167 -21.133 530.884
-140.082 -8.930 630.957
11.950 78.933 167.880
141.717 39.067 707.946
141.750 39.017 668.344
139.383 34.783 595.662
17.097 57.366 118.850
138.217 34.617 421.697
140.900 36.933 595.662
135.433 34.650 50.119
16.478 57.275 125.893
10.734 59.909 63.096
25.418 65.040 3.350
130.217 32.983 421.697
136.217 34.067 354.813
-170.683 -14.283 530.884
-81.167 -5.083 562.341
-149.567 -17.525 237.137
-123.451 48.654 595.662
100.347 5.422 707.946
-158.053 -8.977 298.538
-87.213 30.403 11.220
-75.142 39.933 530.884
22.690 63.709 7.079
158.243 6.987 530.884
-123.253 49.337 630.957
-25.672 37.735 562.341
-123.440 48.125 473.151
-59.133 47.567 473.151
-1.062 45.569 595.662
25.630 -33.960 668.344
118.575 -20.318 630.957
150.912 -34.473 595.662
57.495 -20.155 354.813
16.867 -29.250 630.957
-3.446 47.644 562.341
3.107 42.520 266.073
-127.489 50.722 668.344
-97.215 26.060 9.441
-70.247 43.657 530.884
141.600 -38.333 446.684
-5.120 54.843 501.187
-120.760 35.177 630.957
-1.112 50.803 707.946
-130.324 54.317 595.662
-71.401 41.807 316.228
-87.950 15.833 281.838
-15.417 28.133 562.341
-72.967 -41.483 354.813
-67.617 -54.933 16.788
-132.072 53.252 630.957
24.407 64.666 3.758
-159.775 -21.207 281.838
20.895 63.986 2.818
21.426 61.133 14.125
-75.573 39.558 530.884
-21.940 64.151 421.697
-134.953 -23.125 421.697
12.113 57.250 100.000
-97.047 28.022 59.566
63.418 -19.668 446.684
11.230 64.859 79.433
-3.966 48.718 530.884
150.790 -23.162 630.957
-17.750 28.683 595.662
-93.870 29.730 1.884
133.333 36.200 316.228
-2.246 47.140 530.884
-1.682 43.395 562.341
-2.028 48.641 595.662
-2.202 47.267 501.187
-66.063 45.251 630.957
145.742 15.227 158.489
133.250 35.550 298.538
17.950 -33.017 562.341
-95.203 16.160 595.662
-117.173 32.713 630.957
-80.108 -26.292 595.662
-122.465 37.807 668.344
-90.833 13.917 595.662
-66.117 18.460 473.151
-160.502 55.337 530.884
-74.009 40.467 211.349
-90.313 -0.755 530.884
-118.500 34.008 595.662
-122.339 47.603 630.957
104.115 1.932 446.684
-151.720 59.441 562.341
-149.427 60.120 562.341
-76.330 36.947 251.189
115.350 22.750 707.946
0.743 51.442 668.344
119.550 35.383 446.684
138.517 35.017 446.684
135.383 33.683 398.107
18.433 -34.183 668.344
14.358 55.557 188.365
-135.342 57.052 668.344
19.012 63.191 1.413
-135.327 59.450 530.884
12.829 55.417 177.828
11.218 58.354 177.828
-76.452 38.317 354.813
-124.043 44.625 668.344
17.531 62.363 3.758
147.933 -42.550 562.341
-78.918 33.655 749.894
-82.627 27.760 149.624
-52.717 47.567 473.151
11.832 58.093 158.489
-123.181 49.125 668.344
-2.117 49.183 595.662
18.082 59.325 79.433
-6.389 58.207 562.341
134.900 34.350 398.107
178.427 -18.132 595.662
39.600 -69.000 562.341
134.050 34.350 501.187
-81.282 -4.582 562.341
103.853 1.262 668.344
135.183 34.333 398.107
174.033 -39.050 630.957
-5.600 36.000 501.187
176.183 -37.650 630.957
117.883 4.233 794.328
-16.240 28.480 595.662
133.640 -32.150 749.894
104.140 2.807 501.187
136.850 34.467 398.107
-6.064 56.623 398.107
-125.913 49.154 630.957
139.767 35.650 375.837
132.967 32.783 94.406
5.913 43.117 251.189
146.833 -19.250 630.957
137.217 36.767 281.838
7.567 58.000 266.073
13.750 45.650 595.662
151.850 7.450 421.697
-78.730 1.817 595.662
22.101 60.428 74.989
138.883 35.017 446.684
-5.158 57.895 501.187
-166.537 53.880 421.697
133.950 34.483 530.884
135.900 33.567 316.228
132.550 33.233 501.187
21.571 63.081 2.512
-146.362 61.125 562.341
-0.330 39.460 211.349
-71.633 -33.033 630.957
-123.110 49.287 668.344
12.217 57.100 177.828
31.100 70.333 421.697
12.426 45.419 473.151
-123.370 48.422 398.107
12.579 56.142 125.893
18.284 57.639 63.096
135.150 34.217 398.107
166.617 19.283 398.107
141.683 45.400 354.813
14.500 -22.950 595.662
-77.022 38.873 14.125
174.783 -41.283 707.946
-2.448 50.608 595.662
-0.614 54.490 530.884
-3.086 58.441 562.341
-123.965 46.708 530.884
-73.782 40.793 16.788
-77.953 34.227 595.662
18.419 54.797 188.365
-62.700 45.683 316.228
-70.672 41.523 266.073
-3.568 54.651 334.965
128.102 -15.453 707.946
118.067 24.450 446.684
-139.733 59.548 530.884
138.128 9.508 501.187
-66.117 43.833 707.946
139.633 35.467 421.697
13.817 55.417 211.349
39.190 -6.155 707.946
111.833 21.583 595.662
