144.283 44.017 473.151
-2.075 57.143 707.946
131.417 31.583 237.137
-89.833 13.583 668.344
-99.912 16.840 501.187
-176.632 51.863 281.838
-122.298 37.772 707.946
-126.931 50.587 595.662
-5.433 36.117 473.151
-149.890 61.238 749.894
-76.482 38.983 266.073
-70.400 -23.650 595.662
-53.983 47.300 749.894
-13.530 28.972 595.662
-123.767 46.208 630.957
-74.418 39.355 473.151
-2.715 51.511 630.957
141.500 38.300 707.946
-79.573 8.962 562.341
-76.578 39.267 266.073
-90.285 -0.437 530.884
-125.136 48.836 562.341
2.163 41.342 251.189
-68.205 44.392 562.341
12.903 55.756 223.872
-1.515 43.527 595.662
109.083 21.483 501.187
-128.143 52.163 668.344
-64.700 32.400 316.228
-3.050 43.357 562.341
-6.340 36.800 530.884
141.917 -10.600 473.151
-71.052 42.355 562.341
1.578 50.727 530.884
-4.500 48.383 595.662
-73.182 41.173 630.957
153.167 -27.367 668.344
122.217 -18.000 630.957
-77.100 3.900 595.662
-58.500 -34.667 59.566
152.380 -24.767 630.957
145.915 -41.050 630.957
-109.908 22.880 630.957
-6.283 36.533 562.341
1.868 50.969 375.837
-77.150 -12.050 398.107
-76.068 38.573 398.107
-125.247 50.042 630.957
-47.925 -25.017 562.341
147.058 -19.277 595.662
18.433 -33.900 501.187
-74.960 38.968 707.946
113.652 -24.898 562.341
-75.533 10.383 446.684
-9.417 38.692 630.957
15.094 37.498 266.073
103.187 5.265 473.151
-5.317 35.900 473.151
91.050 22.217 316.228
-124.322 43.345 595.662
-79.925 32.782 501.187
-64.920 18.335 446.684
-63.117 46.233 501.187
-1.635 49.651 595.662
-76.113 36.967 354.813
142.200 27.100 199.526
140.867 35.750 375.837
-157.472 1.982 354.813
-94.200 58.783 35.481
96.883 -12.117 446.684
-1.890 47.277 668.344
-145.753 60.558 595.662
-97.217 27.580 70.795
91.833 21.450 595.662
-124.183 41.745 501.187
-79.915 9.355 501.187
1.302 52.934 794.328
8.717 53.867 79.433
130.850 -12.467 668.344
20.385 60.032 125.893
6.933 53.326 50.119
4.746 52.965 354.813
-4.185 50.368 668.344
1.085 49.929 595.662
-2.088 47.306 707.946
108.617 19.100 446.684
1.318 51.117 749.894
-75.740 36.183 421.697
2.367 51.048 595.662
31.050 -29.867 630.957
27.917 -33.017 595.662
-109.448 -27.150 668.344
-66.985 44.903 595.662
162.387 11.430 398.107
-116.633 31.850 630.957
8.433 55.467 141.254
-79.647 0.992 630.957
121.900 -33.867 375.837
-64.267 -65.250 0.100
1.348 51.957 891.251
-81.467 30.672 630.957
-4.983 52.014 668.344
18.211 60.409 177.828
151.233 -33.850 595.662
-80.902 32.033 446.684
-95.308 28.948 199.526
115.717 -32.050 421.697
-166.288 23.868 334.965
139.933 40.650 281.838
128.850 32.700 354.813
-123.451 48.769 562.341
179.195 -8.525 473.151
-16.907 32.640 530.884
21.231 64.916 66.834
-94.793 29.310 35.481
73.152 -0.687 630.957
11.933 54.567 188.365
102.107 6.227 473.151
-5.350 36.117 501.187
-3.018 53.450 707.946
11.791 57.685 223.872
-89.957 29.263 2.661
144.650 13.433 298.538
-110.900 27.933 334.965
141.533 40.533 446.684
110.283 20.017 281.838
140.717 41.783 707.946
-63.583 44.667 595.662
132.067 34.900 421.697
27.179 60.563 199.526
145.567 43.283 398.107
22.977 59.823 141.254
1.284 51.947 794.328
9.101 63.425 562.341
24.956 60.154 167.880
-2.920 54.032 749.894
115.738 -31.825 334.965
-155.067 19.733 354.813
-3.134 51.215 668.344
89.467 21.783 501.187
147.330 -42.887 398.107
4.120 51.977 530.884
-4.631 53.308 707.946
114.217 22.300 501.187
159.957 -9.425 281.838
25.973 70.980 421.697
-157.867 21.307 501.187
12.467 56.100 223.872
131.683 32.417 266.073
-124.217 40.767 630.957
-4.111 51.211 595.662
-43.165 -22.897 473.151
-0.186 53.631 707.946
124.167 24.333 354.813
-169.530 16.738 398.107
103.792 1.462 668.344
-78.833 -33.622 251.189
-134.412 58.298 630.957
130.567 31.583 281.838
-156.467 20.900 421.697
23.096 65.697 79.433
121.282 28.088 188.365
-171.718 -2.810 630.957
120.288 22.615 375.837
154.777 1.098 473.151
21.215 62.344 89.125
139.750 35.517 375.837
121.745 25.157 266.073
101.358 3.050 668.344
102.153 2.215 630.957
24.515 65.673 47.315
70.220 -49.345 794.328
-131.625 55.333 630.957
-81.808 24.553 501.187
-5.050 58.457 562.341
12.894 55.522 298.538
23.033 -34.050 749.894
99.817 11.795 398.107
98.425 7.832 707.946
135.183 34.683 421.697
133.567 33.500 298.538
-152.512 57.732 595.662
134.583 34.017 334.965
116.067 5.983 281.838
103.430 3.975 473.151
130.200 32.600 398.107
103.443 1.325 668.344
15.589 56.105 188.365
11.127 58.997 281.838
135.767 33.483 421.697
144.367 42.983 707.946
167.733 8.733 530.884
-8.400 43.367 595.662
-117.257 32.867 595.662
-80.917 -2.200 595.662
-110.345 24.162 668.344
-1.221 46.158 562.341
-87.817 13.333 668.344
17.865 58.742 89.125
99.765 6.432 375.837
177.433 -17.600 595.662
-4.781 48.359 630.957
0.106 49.482 501.187
-1.765 47.205 446.684
123.750 13.150 334.965
-3.182 55.990 595.662
-1.140 60.155 562.341
-1.794 46.497 530.884
-75.120 38.782 562.341
119.417 34.750 530.884
-64.753 17.697 334.965
10.299 43.546 354.813
-3.825 53.332 707.946
-80.717 -6.933 446.684
159.067 -31.517 473.151
-118.272 33.720 630.957
-64.883 47.083 334.965
1.751 52.473 354.813
15.150 -26.650 446.684
100.613 4.240 595.662
121.617 32.133 375.837
5.113 61.934 501.187
-67.047 17.972 354.813
137.617 34.683 10.000
135.383 35.467 188.365
171.373 7.107 562.341
130.300 31.267 281.838
-4.417 36.717 421.697
134.463 7.330 375.837
73.527 4.190 84.140
-7.333 55.367 668.344
120.967 14.583 354.813
21.463 61.594 141.254
174.500 -35.833 421.697
16.837 58.554 89.125
173.200 52.833 334.965
-72.117 -17.000 595.662
132.717 33.867 473.151
-81.432 30.395 562.341
-106.422 23.198 530.884
139.817 34.917 398.107
15.563 38.196 266.073
-177.367 28.217 298.538
-5.014 51.702 668.344
-4.906 55.750 630.957
50.600 26.233 749.894
130.450 32.617 375.837
139.482 34.067 223.872
141.983 39.650 334.965
-157.800 21.433 421.697
7.421 43.729 266.073
-71.960 41.048 446.684
-121.888 36.605 211.349
22.133 -34.183 668.344
134.167 33.267 316.228
129.867 32.733 298.538
136.883 35.083 473.151
127.667 26.200 281.838
129.842 29.842 251.189
-1.634 47.194 501.187
-70.097 41.285 446.684
176.917 -39.483 630.957
14.269 40.841 375.837
166.905 -0.528 707.946
-159.350 21.967 421.697
129.495 28.382 281.838
-124.617 48.368 562.341
-72.087 41.355 398.107
-74.015 40.700 530.884
0.057 50.782 668.344
-5.542 50.102 630.957
-71.327 41.505 530.884
-122.910 49.200 298.538
130.992 30.735 281.838
-1.440 55.007 707.946
-60.250 46.217 501.187
166.437 -22.292 473.151
-175.167 -21.133 446.684
-140.082 -8.930 562.341
11.950 78.933 211.349
141.717 39.067 668.344
141.750 39.017 630.957
139.383 34.783 354.813
17.097 57.366 118.850
138.217 34.617 421.697
140.900 36.933 630.957
135.433 34.650 354.813
16.478 57.275 133.352
10.734 59.909 281.838
25.418 65.040 100.000
130.217 32.983 354.813
136.217 34.067 354.813
-170.683 -14.283 501.187
-81.167 -5.083 530.884
-149.567 -17.525 94.406
-123.451 48.654 562.341
100.347 5.422 707.946
-158.053 -8.977 298.538
-87.213 30.403 149.624
-75.142 39.933 595.662
22.690 63.709 125.893
158.243 6.987 177.828
-123.253 49.337 668.344
-25.672 37.735 375.837
-123.440 48.125 473.151
-59.133 47.567 501.187
-1.062 45.569 595.662
25.630 -33.960 530.884
118.575 -20.318 668.344
150.912 -34.473 562.341
57.495 -20.155 223.872
16.867 -29.250 562.341
-3.446 47.644 562.341
3.107 42.520 251.189
-127.489 50.722 668.344
-97.215 26.060 94.406
-70.247 43.657 562.341
141.600 -38.333 446.684
-5.120 54.843 749.894
-120.760 35.177 562.341
-1.112 50.803 749.894
-130.324 54.317 707.946
-71.401 41.807 595.662
-87.950 15.833 298.538
-15.417 28.133 562.341
-72.967 -41.483 630.957
-67.617 -54.933 100.000
-132.072 53.252 749.894
24.407 64.666 94.406
-159.775 -21.207 421.697
20.895 63.986 84.140
21.426 61.133 158.489
-75.573 39.558 501.187
-21.940 64.151 501.187
-134.953 -23.125 473.151
12.113 57.250 177.828
-97.047 28.022 59.566
63.418 -19.668 281.838
11.230 64.859 421.697
-3.966 48.718 562.341
150.790 -23.162 562.341
-17.750 28.683 530.884
-93.870 29.730 2.985
133.333 36.200 177.828
-2.246 47.140 595.662
-1.682 43.395 562.341
-2.028 48.641 595.662
-2.202 47.267 562.341
-66.063 45.251 668.344
145.742 15.227 199.526
133.250 35.550 266.073
17.950 -33.017 595.662
-95.203 16.160 630.957
-117.173 32.713 530.884
-80.108 -26.292 530.884
-122.465 37.807 630.957
-90.833 13.917 630.957
-66.117 18.460 199.526
-160.502 55.337 530.884
-74.009 40.467 501.187
-90.313 -0.755 446.684
-118.500 34.008 630.957
-122.339 47.603 630.957
104.115 1.932 398.107
-151.720 59.441 668.344
-149.427 60.120 595.662
-76.330 36.947 298.538
115.350 22.750 707.946
0.743 51.442 891.251
119.550 35.383 446.684
138.517 35.017 446.684
135.383 33.683 421.697
18.433 -34.183 668.344
14.358 55.557 177.828
-135.342 57.052 668.344
19.012 63.191 25.119
-135.327 59.450 707.946
12.829 55.417 266.073
11.218 58.354 281.838
-76.452 38.317 251.189
-124.043 44.625 630.957
17.531 62.363 89.125
147.933 -42.550 375.837
-78.918 33.655 630.957
-82.627 27.760 473.151
-52.717 47.567 562.341
11.832 58.093 281.838
-123.181 49.125 668.344
-2.117 49.183 595.662
18.082 59.325 118.850
-6.389 58.207 562.341
134.900 34.350 334.965
178.427 -18.132 354.813
39.600 -69.000 375.837
134.050 34.350 707.946
-81.282 -4.582 562.341
103.853 1.262 707.946
135.183 34.333 398.107
174.033 -39.050 630.957
-5.600 36.000 501.187
176.183 -37.650 501.187
117.883 4.233 749.894
-16.240 28.480 501.187
133.640 -32.150 501.187
104.140 2.807 473.151
136.850 34.467 446.684
-6.064 56.623 595.662
-125.913 49.154 707.946
139.767 35.650 446.684
132.967 32.783 251.189
5.913 43.117 281.838
146.833 -19.250 595.662
137.217 36.767 281.838
7.567 58.000 298.538
13.750 45.650 595.662
151.850 7.450 446.684
-78.730 1.817 630.957
22.101 60.428 211.349
138.883 35.017 421.697
-5.158 57.895 595.662
-166.537 53.880 281.838
133.950 34.483 749.894
135.900 33.567 398.107
132.550 33.233 375.837
21.571 63.081 100.000
-146.362 61.125 595.662
-0.330 39.460 177.828
-71.633 -33.033 630.957
-123.110 49.287 668.344
12.217 57.100 199.526
31.100 70.333 501.187
12.426 45.419 530.884
-123.370 48.422 398.107
12.579 56.142 237.137
18.284 57.639 59.566
135.150 34.217 398.107
166.617 19.283 281.838
141.683 45.400 237.137
14.500 -22.950 501.187
-77.022 38.873 177.828
174.783 -41.283 668.344
-2.448 50.608 630.957
-0.614 54.490 749.894
-3.086 58.441 595.662
-123.965 46.708 595.662
-73.782 40.793 199.526
-77.953 34.227 595.662
18.419 54.797 188.365
-62.700 45.683 421.697
-70.672 41.523 446.684
-3.568 54.651 668.344
128.102 -15.453 562.341
118.067 24.450 595.662
-139.733 59.548 562.341
138.128 9.508 281.838
-66.117 43.833 668.344
139.633 35.467 354.813
13.817 55.417 199.526
39.190 -6.155 749.894
111.833 21.583 562.341
