144.283 44.017 446.684
-2.075 57.143 562.341
131.417 31.583 237.137
-89.833 13.583 668.344
-99.912 16.840 501.187
-176.632 51.863 375.837
-122.298 37.772 668.344
-126.931 50.587 530.884
-5.433 36.117 375.837
-149.890 61.238 630.957
-76.482 38.983 223.872
-70.400 -23.650 595.662
-53.983 47.300 707.946
-13.530 28.972 595.662
-123.767 46.208 595.662
-74.418 39.355 530.884
-2.715 51.511 298.538
141.500 38.300 749.894
-79.573 8.962 530.884
-76.578 39.267 188.365
-90.285 -0.437 530.884
-125.136 48.836 530.884
2.163 41.342 251.189
-68.205 44.392 501.187
12.903 55.756 105.925
-1.515 43.527 562.341
109.083 21.483 398.107
-128.143 52.163 375.837
-64.700 32.400 446.684
-3.050 43.357 562.341
-6.340 36.800 562.341
141.917 -10.600 530.884
-71.052 42.355 446.684
1.578 50.727 501.187
-4.500 48.383 562.341
-73.182 41.173 199.526
153.167 -27.367 707.946
122.217 -18.000 630.957
-77.100 3.900 630.957
-58.500 -34.667 8.913
152.380 -24.767 668.344
145.915 -41.050 841.395
-109.908 22.880 668.344
-6.283 36.533 562.341
1.868 50.969 23.714
-77.150 -12.050 530.884
-76.068 38.573 446.684
-125.247 50.042 562.341
-47.925 -25.017 334.965
147.058 -19.277 530.884
18.433 -33.900 630.957
-74.960 38.968 707.946
113.652 -24.898 595.662
-75.533 10.383 421.697
-9.417 38.692 630.957
15.094 37.498 237.137
103.187 5.265 473.151
-5.317 35.900 446.684
91.050 22.217 100.000
-124.322 43.345 562.341
-79.925 32.782 530.884
-64.920 18.335 473.151
-63.117 46.233 334.965
-1.635 49.651 595.662
-76.113 36.967 316.228
142.200 27.100 316.228
140.867 35.750 354.813
-157.472 1.982 530.884
-94.200 58.783 3.758
96.883 -12.117 446.684
-1.890 47.277 530.884
-145.753 60.558 473.151
-97.217 27.580 4.217
91.833 21.450 167.880
-124.183 41.745 595.662
-79.915 9.355 421.697
1.302 52.934 530.884
8.717 53.867 14.962
130.850 -12.467 668.344
20.385 60.032 70.795
6.933 53.326 10.593
4.746 52.965 59.566
-4.185 50.368 668.344
1.085 49.929 668.344
-2.088 47.306 562.341
108.617 19.100 446.684
1.318 51.117 473.151
-75.740 36.183 446.684
2.367 51.048 334.965
31.050 -29.867 630.957
27.917 -33.017 595.662
-109.448 -27.150 421.697
-66.985 44.903 595.662
162.387 11.430 668.344
-116.633 31.850 630.957
8.433 55.467 23.714
-79.647 0.992 630.957
121.900 -33.867 473.151
-64.267 -65.250 0.158
1.348 51.957 316.228
-81.467 30.672 630.957
-4.983 52.014 595.662
18.211 60.409 14.962
151.233 -33.850 595.662
-80.902 32.033 668.344
-95.308 28.948 19.953
115.717 -32.050 446.684
-166.288 23.868 446.684
139.933 40.650 316.228
128.850 32.700 446.684
-123.451 48.769 501.187
179.195 -8.525 501.187
-16.907 32.640 501.187
21.231 64.916 1.585
-94.793 29.310 3.758
73.152 -0.687 562.341
11.933 54.567 74.989
102.107 6.227 473.151
-5.350 36.117 473.151
-3.018 53.450 501.187
11.791 57.685 105.925
-89.957 29.263 1.585
144.650 13.433 421.697
-110.900 27.933 354.813
141.533 40.533 668.344
110.283 20.017 28.184
140.717 41.783 749.894
-63.583 44.667 562.341
132.067 34.900 281.838
27.179 60.563 56.234
145.567 43.283 446.684
22.977 59.823 70.795
1.284 51.947 707.946
9.101 63.425 141.254
24.956 60.154 79.433
-2.920 54.032 125.893
115.738 -31.825 375.837
-155.067 19.733 501.187
-3.134 51.215 630.957
89.467 21.783 375.837
147.330 -42.887 421.697
4.120 51.977 63.096
-4.631 53.308 595.662
114.217 22.300 421.697
159.957 -9.425 398.107
25.973 70.980 316.228
-157.867 21.307 501.187
12.467 56.100 158.489
131.683 32.417 211.349
-124.217 40.767 630.957
-4.111 51.211 530.884
-43.165 -22.897 473.151
-0.186 53.631 251.189
124.167 24.333 354.813
-169.530 16.738 562.341
103.792 1.462 707.946
-78.833 -33.622 668.344
-134.412 58.298 266.073
130.567 31.583 298.538
-156.467 20.900 473.151
23.096 65.697 2.371
121.282 28.088 13.335
-171.718 -2.810 530.884
120.288 22.615 398.107
154.777 1.098 446.684
21.215 62.344 1.778
139.750 35.517 501.187
121.745 25.157 211.349
101.358 3.050 668.344
102.153 2.215 595.662
24.515 65.673 1.496
70.220 -49.345 944.061
-131.625 55.333 562.341
-81.808 24.553 446.684
-5.050 58.457 133.352
12.894 55.522 237.137
23.033 -34.050 630.957
99.817 11.795 421.697
98.425 7.832 707.946
135.183 34.683 199.526
133.567 33.500 70.795
-152.512 57.732 473.151
134.583 34.017 316.228
116.067 5.983 501.187
103.430 3.975 501.187
130.200 32.600 473.151
103.443 1.325 707.946
15.589 56.105 158.489
11.127 58.997 94.406
135.767 33.483 421.697
144.367 42.983 668.344
167.733 8.733 630.957
-8.400 43.367 595.662
-117.257 32.867 595.662
-80.917 -2.200 630.957
-110.345 24.162 630.957
-1.221 46.158 199.526
-87.817 13.333 630.957
17.865 58.742 66.834
99.765 6.432 707.946
177.433 -17.600 595.662
-4.781 48.359 630.957
0.106 49.482 446.684
-1.765 47.205 33.497
123.750 13.150 630.957
-3.182 55.990 595.662
-1.140 60.155 446.684
-1.794 46.497 446.684
-75.120 38.782 375.837
119.417 34.750 354.813
-64.753 17.697 281.838
10.299 43.546 375.837
-3.825 53.332 501.187
-80.717 -6.933 530.884
159.067 -31.517 562.341
-118.272 33.720 630.957
-64.883 47.083 266.073
1.751 52.473 26.607
15.150 -26.650 530.884
100.613 4.240 595.662
121.617 32.133 39.811
5.113 61.934 334.965
-67.047 17.972 421.697
137.617 34.683 2.512
135.383 35.467 79.433
171.373 7.107 630.957
130.300 31.267 223.872
-4.417 36.717 473.151
134.463 7.330 501.187
73.527 4.190 668.344
-7.333 55.367 473.151
120.967 14.583 398.107
21.463 61.594 6.310
174.500 -35.833 473.151
16.837 58.554 79.433
173.200 52.833 421.697
-72.117 -17.000 595.662
132.717 33.867 446.684
-81.432 30.395 562.341
-106.422 23.198 530.884
139.817 34.917 421.697
15.563 38.196 281.838
-177.367 28.217 375.837
-5.014 51.702 595.662
-4.906 55.750 89.125
50.600 26.233 707.946
130.450 32.617 501.187
139.482 34.067 266.073
141.983 39.650 749.894
-157.800 21.433 501.187
7.421 43.729 298.538
-71.960 41.048 112.202
-121.888 36.605 595.662
22.133 -34.183 707.946
134.167 33.267 79.433
129.867 32.733 421.697
136.883 35.083 177.828
127.667 26.200 446.684
129.842 29.842 316.228
-1.634 47.194 446.684
-70.097 41.285 375.837
176.917 -39.483 668.344
14.269 40.841 398.107
166.905 -0.528 707.946
-159.350 21.967 421.697
129.495 28.382 354.813
-124.617 48.368 446.684
-72.087 41.355 29.854
-74.015 40.700 158.489
0.057 50.782 595.662
-5.542 50.102 630.957
-71.327 41.505 473.151
-122.910 49.200 223.872
130.992 30.735 398.107
-1.440 55.007 501.187
-60.250 46.217 473.151
166.437 -22.292 595.662
-175.167 -21.133 562.341
-140.082 -8.930 630.957
11.950 78.933 79.433
141.717 39.067 630.957
141.750 39.017 595.662
139.383 34.783 595.662
17.097 57.366 105.925
138.217 34.617 398.107
140.900 36.933 562.341
135.433 34.650 31.623
16.478 57.275 118.850
10.734 59.909 42.170
25.418 65.040 2.371
130.217 32.983 375.837
136.217 34.067 316.228
-170.683 -14.283 501.187
-81.167 -5.083 530.884
-149.567 -17.525 354.813
-123.451 48.654 595.662
100.347 5.422 707.946
-158.053 -8.977 266.073
-87.213 30.403 7.079
-75.142 39.933 473.151
22.690 63.709 4.467
158.243 6.987 562.341
-123.253 49.337 595.662
-25.672 37.735 562.341
-123.440 48.125 421.697
-59.133 47.567 501.187
-1.062 45.569 562.341
25.630 -33.960 668.344
118.575 -20.318 630.957
150.912 -34.473 595.662
57.495 -20.155 354.813
16.867 -29.250 630.957
-3.446 47.644 562.341
3.107 42.520 281.838
-127.489 50.722 595.662
-97.215 26.060 6.683
-70.247 43.657 501.187
141.600 -38.333 446.684
-5.120 54.843 375.837
-120.760 35.177 630.957
-1.112 50.803 749.894
-130.324 54.317 421.697
-71.401 41.807 223.872
-87.950 15.833 281.838
-15.417 28.133 595.662
-72.967 -41.483 334.965
-67.617 -54.933 37.584
-132.072 53.252 562.341
24.407 64.666 2.512
-159.775 -21.207 223.872
20.895 63.986 1.995
21.426 61.133 8.913
-75.573 39.558 595.662
-21.940 64.151 298.538
-134.953 -23.125 421.697
12.113 57.250 74.989
-97.047 28.022 47.315
63.418 -19.668 473.151
11.230 64.859 47.315
-3.966 48.718 473.151
150.790 -23.162 630.957
-17.750 28.683 595.662
-93.870 29.730 1.679
133.333 36.200 298.538
-2.246 47.140 473.151
-1.682 43.395 562.341
-2.028 48.641 595.662
-2.202 47.267 473.151
-66.063 45.251 595.662
145.742 15.227 105.925
133.250 35.550 223.872
17.950 -33.017 595.662
-95.203 16.160 630.957
-117.173 32.713 668.344
-80.108 -26.292 562.341
-122.465 37.807 668.344
-90.833 13.917 595.662
-66.117 18.460 473.151
-160.502 55.337 473.151
-74.009 40.467 125.893
-90.313 -0.755 501.187
-118.500 34.008 630.957
-122.339 47.603 630.957
104.115 1.932 446.684
-151.720 59.441 446.684
-149.427 60.120 501.187
-76.330 36.947 199.526
115.350 22.750 630.957
0.743 51.442 530.884
119.550 35.383 375.837
138.517 35.017 446.684
135.383 33.683 421.697
18.433 -34.183 630.957
14.358 55.557 177.828
-135.342 57.052 562.341
19.012 63.191 1.259
-135.327 59.450 375.837
12.829 55.417 149.624
11.218 58.354 141.254
-76.452 38.317 354.813
-124.043 44.625 562.341
17.531 62.363 2.661
147.933 -42.550 562.341
-78.918 33.655 707.946
-82.627 27.760 79.433
-52.717 47.567 446.684
11.832 58.093 125.893
-123.181 49.125 562.341
-2.117 49.183 595.662
18.082 59.325 63.096
-6.389 58.207 501.187
134.900 34.350 354.813
178.427 -18.132 630.957
39.600 -69.000 281.838
134.050 34.350 421.697
-81.282 -4.582 530.884
103.853 1.262 668.344
135.183 34.333 354.813
174.033 -39.050 630.957
-5.600 36.000 501.187
176.183 -37.650 595.662
117.883 4.233 794.328
-16.240 28.480 562.341
133.640 -32.150 668.344
104.140 2.807 473.151
136.850 34.467 375.837
-6.064 56.623 316.228
-125.913 49.154 562.341
139.767 35.650 298.538
132.967 32.783 59.566
5.913 43.117 281.838
146.833 -19.250 630.957
137.217 36.767 281.838
7.567 58.000 251.189
13.750 45.650 530.884
151.850 7.450 421.697
-78.730 1.817 630.957
22.101 60.428 56.234
138.883 35.017 421.697
-5.158 57.895 421.697
-166.537 53.880 398.107
133.950 34.483 446.684
135.900 33.567 316.228
132.550 33.233 398.107
21.571 63.081 1.778
-146.362 61.125 501.187
-0.330 39.460 177.828
-71.633 -33.033 595.662
-123.110 49.287 630.957
12.217 57.100 158.489
31.100 70.333 375.837
12.426 45.419 375.837
-123.370 48.422 398.107
12.579 56.142 100.000
18.284 57.639 59.566
135.150 34.217 398.107
166.617 19.283 266.073
141.683 45.400 375.837
14.500 -22.950 530.884
-77.022 38.873 10.000
174.783 -41.283 668.344
-2.448 50.608 630.957
-0.614 54.490 421.697
-3.086 58.441 501.187
-123.965 46.708 421.697
-73.782 40.793 11.885
-77.953 34.227 630.957
18.419 54.797 167.880
-62.700 45.683 266.073
-70.672 41.523 188.365
-3.568 54.651 237.137
128.102 -15.453 668.344
118.067 24.450 375.837
-139.733 59.548 446.684
138.128 9.508 421.697
-66.117 43.833 630.957
139.633 35.467 354.813
13.817 55.417 188.365
39.190 -6.155 707.946
111.833 21.583 562.341
