144.283 44.017 473.151
-2.075 57.143 707.946
131.417 31.583 375.837
-89.833 13.583 668.344
-99.912 16.840 530.884
-176.632 51.863 354.813
-122.298 37.772 707.946
-126.931 50.587 595.662
-5.433 36.117 421.697
-149.890 61.238 794.328
-76.482 38.983 266.073
-70.400 -23.650 562.341
-53.983 47.300 473.151
-13.530 28.972 562.341
-123.767 46.208 630.957
-74.418 39.355 630.957
-2.715 51.511 630.957
141.500 38.300 707.946
-79.573 8.962 530.884
-76.578 39.267 398.107
-90.285 -0.437 501.187
-125.136 48.836 630.957
2.163 41.342 251.189
-68.205 44.392 595.662
12.903 55.756 223.872
-1.515 43.527 595.662
109.083 21.483 501.187
-128.143 52.163 668.344
-64.700 32.400 501.187
-3.050 43.357 562.341
-6.340 36.800 562.341
141.917 -10.600 562.341
-71.052 42.355 562.341
1.578 50.727 595.662
-4.500 48.383 595.662
-73.182 41.173 562.341
153.167 -27.367 668.344
122.217 -18.000 668.344
-77.100 3.900 630.957
-58.500 -34.667 133.352
152.380 -24.767 630.957
145.915 -41.050 891.251
-109.908 22.880 630.957
-6.283 36.533 562.341
1.868 50.969 630.957
-77.150 -12.050 530.884
-76.068 38.573 530.884
-125.247 50.042 630.957
-47.925 -25.017 707.946
147.058 -19.277 595.662
18.433 -33.900 630.957
-74.960 38.968 794.328
113.652 -24.898 501.187
-75.533 10.383 446.684
-9.417 38.692 630.957
15.094 37.498 281.838
103.187 5.265 473.151
-5.317 35.900 473.151
91.050 22.217 354.813
-124.322 43.345 562.341
-79.925 32.782 595.662
-64.920 18.335 530.884
-63.117 46.233 501.187
-1.635 49.651 595.662
-76.113 36.967 446.684
142.200 27.100 177.828
140.867 35.750 562.341
-157.472 1.982 501.187
-94.200 58.783 105.925
96.883 -12.117 398.107
-1.890 47.277 630.957
-145.753 60.558 668.344
-97.217 27.580 211.349
91.833 21.450 562.341
-124.183 41.745 595.662
-79.915 9.355 501.187
1.302 52.934 841.395
8.717 53.867 199.526
130.850 -12.467 707.946
20.385 60.032 158.489
6.933 53.326 141.254
4.746 52.965 446.684
-4.185 50.368 707.946
1.085 49.929 707.946
-2.088 47.306 707.946
108.617 19.100 446.684
1.318 51.117 749.894
-75.740 36.183 446.684
2.367 51.048 707.946
31.050 -29.867 668.344
27.917 -33.017 595.662
-109.448 -27.150 630.957
-66.985 44.903 668.344
162.387 11.430 668.344
-116.633 31.850 630.957
8.433 55.467 316.228
-79.647 0.992 630.957
121.900 -33.867 501.187
-64.267 -65.250 0.100
1.348 51.957 1000.000
-81.467 30.672 630.957
-4.983 52.014 668.344
18.211 60.409 223.872
151.233 -33.850 530.884
-80.902 32.033 398.107
-95.308 28.948 266.073
115.717 -32.050 446.684
-166.288 23.868 316.228
139.933 40.650 298.538
128.850 32.700 446.684
-123.451 48.769 530.884
179.195 -8.525 501.187
-16.907 32.640 530.884
21.231 64.916 118.850
-94.793 29.310 141.254
73.152 -0.687 562.341
11.933 54.567 199.526
102.107 6.227 473.151
-5.350 36.117 501.187
-3.018 53.450 749.894
11.791 57.685 251.189
-89.957 29.263 5.012
144.650 13.433 473.151
-110.900 27.933 334.965
141.533 40.533 668.344
110.283 20.017 421.697
140.717 41.783 749.894
-63.583 44.667 630.957
132.067 34.900 375.837
27.179 60.563 223.872
145.567 43.283 354.813
22.977 59.823 149.624
1.284 51.947 944.061
9.101 63.425 595.662
24.956 60.154 177.828
-2.920 54.032 749.894
115.738 -31.825 446.684
-155.067 19.733 630.957
-3.134 51.215 668.344
89.467 21.783 501.187
147.330 -42.887 562.341
4.120 51.977 707.946
-4.631 53.308 707.946
114.217 22.300 630.957
159.957 -9.425 446.684
25.973 70.980 530.884
-157.867 21.307 501.187
12.467 56.100 237.137
131.683 32.417 334.965
-124.217 40.767 595.662
-4.111 51.211 595.662
-43.165 -22.897 562.341
-0.186 53.631 841.395
124.167 24.333 446.684
-169.530 16.738 562.341
103.792 1.462 668.344
-78.833 -33.622 630.957
-134.412 58.298 707.946
130.567 31.583 421.697
-156.467 20.900 562.341
23.096 65.697 133.352
121.282 28.088 562.341
-171.718 -2.810 595.662
120.288 22.615 421.697
154.777 1.098 501.187
21.215 62.344 167.880
139.750 35.517 562.341
121.745 25.157 398.107
101.358 3.050 630.957
102.153 2.215 595.662
24.515 65.673 141.254
70.220 -49.345 1000.000
-131.625 55.333 707.946
-81.808 24.553 473.151
-5.050 58.457 707.946
12.894 55.522 298.538
23.033 -34.050 794.328
99.817 11.795 421.697
98.425 7.832 668.344
135.183 34.683 398.107
133.567 33.500 398.107
-152.512 57.732 668.344
134.583 34.017 398.107
116.067 5.983 501.187
103.430 3.975 530.884
130.200 32.600 501.187
103.443 1.325 749.894
15.589 56.105 188.365
11.127 58.997 281.838
135.767 33.483 446.684
144.367 42.983 668.344
167.733 8.733 630.957
-8.400 43.367 595.662
-117.257 32.867 562.341
-80.917 -2.200 595.662
-110.345 24.162 595.662
-1.221 46.158 562.341
-87.817 13.333 630.957
17.865 58.742 79.433
99.765 6.432 707.946
177.433 -17.600 630.957
-4.781 48.359 630.957
0.106 49.482 501.187
-1.765 47.205 562.341
123.750 13.150 595.662
-3.182 55.990 707.946
-1.140 60.155 562.341
-1.794 46.497 562.341
-75.120 38.782 668.344
119.417 34.750 595.662
-64.753 17.697 298.538
10.299 43.546 375.837
-3.825 53.332 707.946
-80.717 -6.933 595.662
159.067 -31.517 595.662
-118.272 33.720 595.662
-64.883 47.083 354.813
1.751 52.473 630.957
15.150 -26.650 530.884
100.613 4.240 530.884
121.617 32.133 630.957
5.113 61.934 446.684
-67.047 17.972 354.813
137.617 34.683 70.795
135.383 35.467 298.538
171.373 7.107 595.662
130.300 31.267 398.107
-4.417 36.717 421.697
134.463 7.330 501.187
73.527 4.190 749.894
-7.333 55.367 707.946
120.967 14.583 398.107
21.463 61.594 188.365
174.500 -35.833 595.662
16.837 58.554 141.254
173.200 52.833 421.697
-72.117 -17.000 530.884
132.717 33.867 473.151
-81.432 30.395 562.341
-106.422 23.198 501.187
139.817 34.917 530.884
15.563 38.196 281.838
-177.367 28.217 375.837
-5.014 51.702 668.344
-4.906 55.750 841.395
50.600 26.233 841.395
130.450 32.617 473.151
139.482 34.067 334.965
141.983 39.650 668.344
-157.800 21.433 501.187
7.421 43.729 281.838
-71.960 41.048 562.341
-121.888 36.605 630.957
22.133 -34.183 707.946
134.167 33.267 398.107
129.867 32.733 398.107
136.883 35.083 473.151
127.667 26.200 421.697
129.842 29.842 354.813
-1.634 47.194 473.151
-70.097 41.285 473.151
176.917 -39.483 707.946
14.269 40.841 398.107
166.905 -0.528 707.946
-159.350 21.967 446.684
129.495 28.382 375.837
-124.617 48.368 562.341
-72.087 41.355 562.341
-74.015 40.700 562.341
0.057 50.782 668.344
-5.542 50.102 668.344
-71.327 41.505 562.341
-122.910 49.200 298.538
130.992 30.735 354.813
-1.440 55.007 749.894
-60.250 46.217 501.187
166.437 -22.292 562.341
-175.167 -21.133 562.341
-140.082 -8.930 562.341
11.950 78.933 354.813
141.717 39.067 668.344
141.750 39.017 595.662
139.383 34.783 595.662
17.097 57.366 149.624
138.217 34.617 421.697
140.900 36.933 668.344
135.433 34.650 501.187
16.478 57.275 149.624
10.734 59.909 354.813
25.418 65.040 199.526
130.217 32.983 421.697
136.217 34.067 118.850
-170.683 -14.283 530.884
-81.167 -5.083 562.341
-149.567 -17.525 375.837
-123.451 48.654 562.341
100.347 5.422 707.946
-158.053 -8.977 281.838
-87.213 30.403 281.838
-75.142 39.933 668.344
22.690 63.709 188.365
158.243 6.987 595.662
-123.253 49.337 630.957
-25.672 37.735 562.341
-123.440 48.125 446.684
-59.133 47.567 530.884
-1.062 45.569 595.662
25.630 -33.960 668.344
118.575 -20.318 668.344
150.912 -34.473 595.662
57.495 -20.155 334.965
16.867 -29.250 595.662
-3.446 47.644 562.341
3.107 42.520 281.838
-127.489 50.722 668.344
-97.215 26.060 158.489
-70.247 43.657 562.341
141.600 -38.333 446.684
-5.120 54.843 841.395
-120.760 35.177 630.957
-1.112 50.803 749.894
-130.324 54.317 749.894
-71.401 41.807 707.946
-87.950 15.833 281.838
-15.417 28.133 595.662
-72.967 -41.483 707.946
-67.617 -54.933 14.125
-132.072 53.252 749.894
24.407 64.666 149.624
-159.775 -21.207 473.151
20.895 63.986 141.254
21.426 61.133 211.349
-75.573 39.558 630.957
-21.940 64.151 562.341
-134.953 -23.125 473.151
12.113 57.250 211.349
-97.047 28.022 74.989
63.418 -19.668 421.697
11.230 64.859 530.884
-3.966 48.718 562.341
150.790 -23.162 595.662
-17.750 28.683 595.662
-93.870 29.730 5.957
133.333 36.200 25.119
-2.246 47.140 595.662
-1.682 43.395 562.341
-2.028 48.641 595.662
-2.202 47.267 562.341
-66.063 45.251 668.344
145.742 15.227 375.837
133.250 35.550 281.838
17.950 -33.017 630.957
-95.203 16.160 668.344
-117.173 32.713 630.957
-80.108 -26.292 562.341
-122.465 37.807 630.957
-90.833 13.917 595.662
-66.117 18.460 501.187
-160.502 55.337 595.662
-74.009 40.467 530.884
-90.313 -0.755 421.697
-118.500 34.008 595.662
-122.339 47.603 630.957
104.115 1.932 446.684
-151.720 59.441 707.946
-149.427 60.120 630.957
-76.330 36.947 398.107
115.350 22.750 749.894
0.743 51.442 1000.000
119.550 35.383 473.151
138.517 35.017 446.684
135.383 33.683 421.697
18.433 -34.183 668.344
14.358 55.557 177.828
-135.342 57.052 707.946
19.012 63.191 100.000
-135.327 59.450 749.894
12.829 55.417 281.838
11.218 58.354 316.228
-76.452 38.317 354.813
-124.043 44.625 630.957
17.531 62.363 149.624
147.933 -42.550 595.662
-78.918 33.655 794.328
-82.627 27.760 501.187
-52.717 47.567 530.884
11.832 58.093 334.965
-123.181 49.125 668.344
-2.117 49.183 595.662
18.082 59.325 133.352
-6.389 58.207 630.957
134.900 34.350 421.697
178.427 -18.132 595.662
39.600 -69.000 630.957
134.050 34.350 668.344
-81.282 -4.582 530.884
103.853 1.262 668.344
135.183 34.333 334.965
174.033 -39.050 668.344
-5.600 36.000 501.187
176.183 -37.650 595.662
117.883 4.233 749.894
-16.240 28.480 562.341
133.640 -32.150 794.328
104.140 2.807 473.151
136.850 34.467 446.684
-6.064 56.623 668.344
-125.913 49.154 668.344
139.767 35.650 595.662
132.967 32.783 334.965
5.913 43.117 266.073
146.833 -19.250 630.957
137.217 36.767 298.538
7.567 58.000 354.813
13.750 45.650 562.341
151.850 7.450 501.187
-78.730 1.817 630.957
22.101 60.428 251.189
138.883 35.017 473.151
-5.158 57.895 668.344
-166.537 53.880 398.107
133.950 34.483 668.344
135.900 33.567 375.837
132.550 33.233 473.151
21.571 63.081 177.828
-146.362 61.125 630.957
-0.330 39.460 211.349
-71.633 -33.033 630.957
-123.110 49.287 707.946
12.217 57.100 211.349
31.100 70.333 501.187
12.426 45.419 501.187
-123.370 48.422 398.107
12.579 56.142 251.189
18.284 57.639 79.433
135.150 34.217 398.107
166.617 19.283 158.489
141.683 45.400 398.107
14.500 -22.950 595.662
-77.022 38.873 354.813
174.783 -41.283 707.946
-2.448 50.608 630.957
-0.614 54.490 841.395
-3.086 58.441 595.662
-123.965 46.708 630.957
-73.782 40.793 530.884
-77.953 34.227 595.662
18.419 54.797 251.189
-62.700 45.683 446.684
-70.672 41.523 530.884
-3.568 54.651 668.344
128.102 -15.453 707.946
118.067 24.450 707.946
-139.733 59.548 668.344
138.128 9.508 530.884
-66.117 43.833 707.946
139.633 35.467 354.813
13.817 55.417 223.872
39.190 -6.155 707.946
111.833 21.583 707.946
