144.283 44.017 141.254
-2.075 57.143 125.893
131.417 31.583 31.623
-89.833 13.583 421.697
-99.912 16.840 266.073
-176.632 51.863 199.526
-122.298 37.772 188.365
-126.931 50.587 15.849
-5.433 36.117 8.414
-149.890 61.238 66.834
-76.482 38.983 31.623
-70.400 -23.650 398.107
-53.983 47.300 199.526
-13.530 28.972 446.684
-123.767 46.208 74.989
-74.418 39.355 149.624
-2.715 51.511 44.668
141.500 38.300 316.228
-79.573 8.962 316.228
-76.578 39.267 13.335
-90.285 -0.437 281.838
-125.136 48.836 50.119
2.163 41.342 199.526
-68.205 44.392 133.352
12.903 55.756 10.593
-1.515 43.527 199.526
109.083 21.483 66.834
-128.143 52.163 5.957
-64.700 32.400 237.137
-3.050 43.357 375.837
-6.340 36.800 100.000
141.917 -10.600 223.872
-71.052 42.355 100.000
1.578 50.727 125.893
-4.500 48.383 141.254
-73.182 41.173 10.000
153.167 -27.367 530.884
122.217 -18.000 251.189
-77.100 3.900 298.538
-58.500 -34.667 3.350
152.380 -24.767 501.187
145.915 -41.050 501.187
-109.908 22.880 473.151
-6.283 36.533 298.538
1.868 50.969 3.758
-77.150 -12.050 316.228
-76.068 38.573 199.526
-125.247 50.042 39.811
-47.925 -25.017 29.854
147.058 -19.277 94.406
18.433 -33.900 421.697
-74.960 38.968 149.624
113.652 -24.898 266.073
-75.533 10.383 316.228
-9.417 38.692 237.137
15.094 37.498 18.836
103.187 5.265 237.137
-5.317 35.900 334.965
91.050 22.217 11.885
-124.322 43.345 158.489
-79.925 32.782 158.489
-64.920 18.335 167.880
-63.117 46.233 53.088
-1.635 49.651 266.073
-76.113 36.967 50.119
142.200 27.100 133.352
140.867 35.750 53.088
-157.472 1.982 281.838
-94.200 58.783 0.266
96.883 -12.117 298.538
-1.890 47.277 211.349
-145.753 60.558 26.607
-97.217 27.580 1.679
91.833 21.450 8.913
-124.183 41.745 100.000
-79.915 9.355 316.228
1.302 52.934 50.119
8.717 53.867 3.981
130.850 -12.467 421.697
20.385 60.032 0.299
6.933 53.326 3.350
4.746 52.965 8.913
-4.185 50.368 251.189
1.085 49.929 375.837
-2.088 47.306 66.834
108.617 19.100 298.538
1.318 51.117 44.668
-75.740 36.183 141.254
2.367 51.048 22.387
31.050 -29.867 334.965
27.917 -33.017 375.837
-109.448 -27.150 70.795
-66.985 44.903 167.880
162.387 11.430 446.684
-116.633 31.850 473.151
8.433 55.467 5.309
-79.647 0.992 334.965
121.900 -33.867 167.880
-64.267 -65.250 29.854
1.348 51.957 18.836
-81.467 30.672 266.073
-4.983 52.014 167.880
18.211 60.409 0.355
151.233 -33.850 375.837
-80.902 32.033 298.538
-95.308 28.948 2.818
115.717 -32.050 177.828
-166.288 23.868 237.137
139.933 40.650 188.365
128.850 32.700 298.538
-123.451 48.769 89.125
179.195 -8.525 334.965
-16.907 32.640 421.697
21.231 64.916 0.100
-94.793 29.310 1.679
73.152 -0.687 375.837
11.933 54.567 9.441
102.107 6.227 188.365
-5.350 36.117 421.697
-3.018 53.450 39.811
11.791 57.685 6.310
-89.957 29.263 1.189
144.650 13.433 211.349
-110.900 27.933 199.526
141.533 40.533 316.228
110.283 20.017 3.758
140.717 41.783 473.151
-63.583 44.667 167.880
132.067 34.900 19.953
27.179 60.563 4.217
145.567 43.283 167.880
22.977 59.823 3.981
1.284 51.947 149.624
9.101 63.425 3.162
24.956 60.154 5.957
-2.920 54.032 10.000
115.738 -31.825 149.624
-155.067 19.733 281.838
-3.134 51.215 188.365
89.467 21.783 50.119
147.330 -42.887 158.489
4.120 51.977 7.499
-4.631 53.308 100.000
114.217 22.300 28.184
159.957 -9.425 223.872
25.973 70.980 22.387
-157.867 21.307 298.538
12.467 56.100 26.607
131.683 32.417 22.387
-124.217 40.767 188.365
-4.111 51.211 118.850
-43.165 -22.897 149.624
-0.186 53.631 19.953
124.167 24.333 94.406
-169.530 16.738 188.365
103.792 1.462 421.697
-78.833 -33.622 473.151
-134.412 58.298 8.913
130.567 31.583 44.668
-156.467 20.900 375.837
23.096 65.697 0.100
121.282 28.088 3.162
-171.718 -2.810 354.813
120.288 22.615 237.137
154.777 1.098 298.538
21.215 62.344 0.237
139.750 35.517 237.137
121.745 25.157 13.335
101.358 3.050 334.965
102.153 2.215 398.107
24.515 65.673 0.178
70.220 -49.345 707.946
-131.625 55.333 39.811
-81.808 24.553 266.073
-5.050 58.457 6.683
12.894 55.522 59.566
23.033 -34.050 118.850
99.817 11.795 251.189
98.425 7.832 473.151
135.183 34.683 7.943
133.567 33.500 4.467
-152.512 57.732 63.096
134.583 34.017 44.668
116.067 5.983 237.137
103.430 3.975 251.189
130.200 32.600 266.073
103.443 1.325 530.884
15.589 56.105 56.234
11.127 58.997 3.548
135.767 33.483 177.828
144.367 42.983 125.893
167.733 8.733 501.187
-8.400 43.367 281.838
-117.257 32.867 375.837
-80.917 -2.200 375.837
-110.345 24.162 421.697
-1.221 46.158 11.885
-87.817 13.333 473.151
17.865 58.742 7.079
99.765 6.432 446.684
177.433 -17.600 334.965
-4.781 48.359 281.838
0.106 49.482 56.234
-1.765 47.205 3.981
123.750 13.150 375.837
-3.182 55.990 84.140
-1.140 60.155 125.893
-1.794 46.497 42.170
-75.120 38.782 16.788
119.417 34.750 44.668
-64.753 17.697 56.234
10.299 43.546 251.189
-3.825 53.332 42.170
-80.717 -6.933 199.526
159.067 -31.517 316.228
-118.272 33.720 316.228
-64.883 47.083 84.140
1.751 52.473 4.467
15.150 -26.650 446.684
100.613 4.240 398.107
121.617 32.133 6.310
5.113 61.934 29.854
-67.047 17.972 158.489
137.617 34.683 1.413
135.383 35.467 133.352
171.373 7.107 421.697
130.300 31.267 16.788
-4.417 36.717 334.965
134.463 7.330 334.965
73.527 4.190 334.965
-7.333 55.367 53.088
120.967 14.583 281.838
21.463 61.594 0.200
174.500 -35.833 188.365
16.837 58.554 12.589
173.200 52.833 281.838
-72.117 -17.000 375.837
132.717 33.867 141.254
-81.432 30.395 298.538
-106.422 23.198 354.813
139.817 34.917 141.254
15.563 38.196 199.526
-177.367 28.217 125.893
-5.014 51.702 158.489
-4.906 55.750 5.623
50.600 26.233 158.489
130.450 32.617 251.189
139.482 34.067 79.433
141.983 39.650 298.538
-157.800 21.433 354.813
7.421 43.729 211.349
-71.960 41.048 5.957
-121.888 36.605 334.965
22.133 -34.183 375.837
134.167 33.267 4.467
129.867 32.733 251.189
136.883 35.083 7.499
127.667 26.200 211.349
129.842 29.842 141.254
-1.634 47.194 84.140
-70.097 41.285 59.566
176.917 -39.483 562.341
14.269 40.841 316.228
166.905 -0.528 354.813
-159.350 21.967 237.137
129.495 28.382 188.365
-124.617 48.368 89.125
-72.087 41.355 3.758
-74.015 40.700 8.414
0.057 50.782 74.989
-5.542 50.102 266.073
-71.327 41.505 89.125
-122.910 49.200 11.220
130.992 30.735 199.526
-1.440 55.007 33.497
-60.250 46.217 158.489
166.437 -22.292 398.107
-175.167 -21.133 375.837
-140.082 -8.930 398.107
11.950 78.933 1.334
141.717 39.067 375.837
141.750 39.017 334.965
139.383 34.783 251.189
17.097 57.366 23.714
138.217 34.617 141.254
140.900 36.933 188.365
135.433 34.650 3.548
16.478 57.275 25.119
10.734 59.909 2.371
25.418 65.040 0.100
130.217 32.983 141.254
136.217 34.067 35.481
-170.683 -14.283 398.107
-81.167 -5.083 266.073
-149.567 -17.525 105.925
-123.451 48.654 125.893
100.347 5.422 446.684
-158.053 -8.977 105.925
-87.213 30.403 2.113
-75.142 39.933 44.668
22.690 63.709 0.100
158.243 6.987 354.813
-123.253 49.337 94.406
-25.672 37.735 316.228
-123.440 48.125 63.096
-59.133 47.567 188.365
-1.062 45.569 141.254
25.630 -33.960 375.837
118.575 -20.318 223.872
150.912 -34.473 421.697
57.495 -20.155 211.349
16.867 -29.250 473.151
-3.446 47.644 149.624
3.107 42.520 223.872
-127.489 50.722 14.962
-97.215 26.060 1.778
-70.247 43.657 149.624
141.600 -38.333 298.538
-5.120 54.843 18.836
-120.760 35.177 354.813
-1.112 50.803 125.893
-130.324 54.317 8.414
-71.401 41.807 10.000
-87.950 15.833 177.828
-15.417 28.133 375.837
-72.967 -41.483 105.925
-67.617 -54.933 56.234
-132.072 53.252 37.584
24.407 64.666 0.100
-159.775 -21.207 9.441
20.895 63.986 0.100
21.426 61.133 0.141
-75.573 39.558 266.073
-21.940 64.151 11.885
-134.953 -23.125 188.365
12.113 57.250 5.012
-97.047 28.022 3.758
63.418 -19.668 112.202
11.230 64.859 2.239
-3.966 48.718 59.566
150.790 -23.162 421.697
-17.750 28.683 421.697
-93.870 29.730 1.189
133.333 36.200 158.489
-2.246 47.140 44.668
-1.682 43.395 266.073
-2.028 48.641 211.349
-2.202 47.267 56.234
-66.063 45.251 177.828
145.742 15.227 3.981
133.250 35.550 37.584
17.950 -33.017 473.151
-95.203 16.160 354.813
-117.173 32.713 375.837
-80.108 -26.292 375.837
-122.465 37.807 177.828
-90.833 13.917 421.697
-66.117 18.460 223.872
-160.502 55.337 100.000
-74.009 40.467 7.499
-90.313 -0.755 375.837
-118.500 34.008 266.073
-122.339 47.603 125.893
104.115 1.932 211.349
-151.720 59.441 29.854
-149.427 60.120 47.315
-76.330 36.947 14.125
115.350 22.750 167.880
0.743 51.442 42.170
119.550 35.383 79.433
138.517 35.017 177.828
135.383 33.683 199.526
18.433 -34.183 446.684
14.358 55.557 79.433
-135.342 57.052 33.497
19.012 63.191 0.473
-135.327 59.450 13.335
12.829 55.417 17.783
11.218 58.354 5.012
-76.452 38.317 149.624
-124.043 44.625 70.795
17.531 62.363 0.119
147.933 -42.550 298.538
-78.918 33.655 266.073
-82.627 27.760 3.981
-52.717 47.567 316.228
11.832 58.093 7.079
-123.181 49.125 59.566
-2.117 49.183 281.838
18.082 59.325 1.778
-6.389 58.207 74.989
134.900 34.350 100.000
178.427 -18.132 354.813
39.600 -69.000 298.538
134.050 34.350 21.135
-81.282 -4.582 251.189
103.853 1.262 375.837
135.183 34.333 118.850
174.033 -39.050 223.872
-5.600 36.000 334.965
176.183 -37.650 421.697
117.883 4.233 630.957
-16.240 28.480 446.684
133.640 -32.150 118.850
104.140 2.807 298.538
136.850 34.467 63.096
-6.064 56.623 18.836
-125.913 49.154 28.184
139.767 35.650 19.953
132.967 32.783 4.467
5.913 43.117 141.254
146.833 -19.250 177.828
137.217 36.767 167.880
7.567 58.000 59.566
13.750 45.650 37.584
151.850 7.450 237.137
-78.730 1.817 398.107
22.101 60.428 0.750
138.883 35.017 237.137
-5.158 57.895 35.481
-166.537 53.880 251.189
133.950 34.483 18.836
135.900 33.567 31.623
132.550 33.233 133.352
21.571 63.081 0.126
-146.362 61.125 35.481
-0.330 39.460 141.254
-71.633 -33.033 421.697
-123.110 49.287 105.925
12.217 57.100 18.836
31.100 70.333 50.119
12.426 45.419 13.335
-123.370 48.422 89.125
12.579 56.142 9.441
18.284 57.639 22.387
135.150 34.217 118.850
166.617 19.283 42.170
141.683 45.400 141.254
14.500 -22.950 446.684
-77.022 38.873 2.661
174.783 -41.283 473.151
-2.448 50.608 237.137
-0.614 54.490 25.119
-3.086 58.441 100.000
-123.965 46.708 25.119
-73.782 40.793 2.985
-77.953 34.227 158.489
18.419 54.797 29.854
-62.700 45.683 44.668
-70.672 41.523 10.000
-3.568 54.651 16.788
128.102 -15.453 446.684
118.067 24.450 29.854
-139.733 59.548 25.119
138.128 9.508 94.406
-66.117 43.833 266.073
139.633 35.467 53.088
13.817 55.417 74.989
39.190 -6.155 595.662
111.833 21.583 141.254
