144.283 44.017 266.073
-2.075 57.143 298.538
131.417 31.583 94.406
-89.833 13.583 421.697
-99.912 16.840 316.228
-176.632 51.863 223.872
-122.298 37.772 316.228
-126.931 50.587 39.811
-5.433 36.117 33.497
-149.890 61.238 149.624
-76.482 38.983 84.140
-70.400 -23.650 398.107
-53.983 47.300 375.837
-13.530 28.972 446.684
-123.767 46.208 177.828
-74.418 39.355 266.073
-2.715 51.511 89.125
141.500 38.300 421.697
-79.573 8.962 446.684
-76.578 39.267 44.668
-90.285 -0.437 316.228
-125.136 48.836 125.893
2.163 41.342 199.526
-68.205 44.392 266.073
12.903 55.756 37.584
-1.515 43.527 398.107
109.083 21.483 188.365
-128.143 52.163 19.953
-64.700 32.400 237.137
-3.050 43.357 473.151
-6.340 36.800 298.538
141.917 -10.600 334.965
-71.052 42.355 211.349
1.578 50.727 266.073
-4.500 48.383 298.538
-73.182 41.173 31.623
153.167 -27.367 562.341
122.217 -18.000 421.697
-77.100 3.900 398.107
-58.500 -34.667 6.683
152.380 -24.767 530.884
145.915 -41.050 562.341
-109.908 22.880 501.187
-6.283 36.533 446.684
1.868 50.969 7.499
-77.150 -12.050 334.965
-76.068 38.573 281.838
-125.247 50.042 112.202
-47.925 -25.017 125.893
147.058 -19.277 281.838
18.433 -33.900 446.684
-74.960 38.968 334.965
113.652 -24.898 334.965
-75.533 10.383 473.151
-9.417 38.692 421.697
15.094 37.498 89.125
103.187 5.265 298.538
-5.317 35.900 398.107
91.050 22.217 29.854
-124.322 43.345 281.838
-79.925 32.782 281.838
-64.920 18.335 199.526
-63.117 46.233 125.893
-1.635 49.651 446.684
-76.113 36.967 125.893
142.200 27.100 158.489
140.867 35.750 149.624
-157.472 1.982 266.073
-94.200 58.783 0.562
96.883 -12.117 281.838
-1.890 47.277 375.837
-145.753 60.558 70.795
-97.217 27.580 2.113
91.833 21.450 28.184
-124.183 41.745 211.349
-79.915 9.355 446.684
1.302 52.934 167.880
8.717 53.867 7.079
130.850 -12.467 530.884
20.385 60.032 10.593
6.933 53.326 5.309
4.746 52.965 19.953
-4.185 50.368 421.697
1.085 49.929 501.187
-2.088 47.306 188.365
108.617 19.100 354.813
1.318 51.117 158.489
-75.740 36.183 237.137
2.367 51.048 84.140
31.050 -29.867 398.107
27.917 -33.017 446.684
-109.448 -27.150 199.526
-66.985 44.903 316.228
162.387 11.430 446.684
-116.633 31.850 473.151
8.433 55.467 10.000
-79.647 0.992 446.684
121.900 -33.867 251.189
-64.267 -65.250 79.433
1.348 51.957 70.795
-81.467 30.672 375.837
-4.983 52.014 354.813
18.211 60.409 1.995
151.233 -33.850 421.697
-80.902 32.033 398.107
-95.308 28.948 4.467
115.717 -32.050 237.137
-166.288 23.868 237.137
139.933 40.650 199.526
128.850 32.700 298.538
-123.451 48.769 177.828
179.195 -8.525 334.965
-16.907 32.640 421.697
21.231 64.916 0.224
-94.793 29.310 1.995
73.152 -0.687 446.684
11.933 54.567 26.607
102.107 6.227 281.838
-5.350 36.117 421.697
-3.018 53.450 118.850
11.791 57.685 26.607
-89.957 29.263 1.259
144.650 13.433 211.349
-110.900 27.933 188.365
141.533 40.533 334.965
110.283 20.017 7.499
140.717 41.783 473.151
-63.583 44.667 298.538
132.067 34.900 105.925
27.179 60.563 15.849
145.567 43.283 223.872
22.977 59.823 22.387
1.284 51.947 375.837
9.101 63.425 15.849
24.956 60.154 25.119
-2.920 54.032 26.607
115.738 -31.825 223.872
-155.067 19.733 298.538
-3.134 51.215 316.228
89.467 21.783 149.624
147.330 -42.887 237.137
4.120 51.977 17.783
-4.631 53.308 266.073
114.217 22.300 118.850
159.957 -9.425 211.349
25.973 70.980 94.406
-157.867 21.307 334.965
12.467 56.100 74.989
131.683 32.417 79.433
-124.217 40.767 298.538
-4.111 51.211 237.137
-43.165 -22.897 266.073
-0.186 53.631 56.234
124.167 24.333 188.365
-169.530 16.738 266.073
103.792 1.462 501.187
-78.833 -33.622 530.884
-134.412 58.298 23.714
130.567 31.583 133.352
-156.467 20.900 334.965
23.096 65.697 0.299
121.282 28.088 5.309
-171.718 -2.810 354.813
120.288 22.615 251.189
154.777 1.098 334.965
21.215 62.344 0.501
139.750 35.517 281.838
121.745 25.157 63.096
101.358 3.050 473.151
102.153 2.215 421.697
24.515 65.673 0.398
70.220 -49.345 668.344
-131.625 55.333 94.406
-81.808 24.553 266.073
-5.050 58.457 17.783
12.894 55.522 133.352
23.033 -34.050 298.538
99.817 11.795 298.538
98.425 7.832 473.151
135.183 34.683 33.497
133.567 33.500 13.335
-152.512 57.732 167.880
134.583 34.017 149.624
116.067 5.983 298.538
103.430 3.975 354.813
130.200 32.600 298.538
103.443 1.325 473.151
15.589 56.105 105.925
11.127 58.997 17.783
135.767 33.483 251.189
144.367 42.983 316.228
167.733 8.733 562.341
-8.400 43.367 398.107
-117.257 32.867 398.107
-80.917 -2.200 398.107
-110.345 24.162 398.107
-1.221 46.158 33.497
-87.817 13.333 473.151
17.865 58.742 28.184
99.765 6.432 501.187
177.433 -17.600 334.965
-4.781 48.359 446.684
0.106 49.482 177.828
-1.765 47.205 7.943
123.750 13.150 354.813
-3.182 55.990 251.189
-1.140 60.155 237.137
-1.794 46.497 133.352
-75.120 38.782 59.566
119.417 34.750 149.624
-64.753 17.697 100.000
10.299 43.546 251.189
-3.825 53.332 118.850
-80.717 -6.933 281.838
159.067 -31.517 375.837
-118.272 33.720 375.837
-64.883 47.083 133.352
1.751 52.473 8.913
15.150 -26.650 473.151
100.613 4.240 421.697
121.617 32.133 14.125
5.113 61.934 118.850
-67.047 17.972 188.365
137.617 34.683 1.778
135.383 35.467 133.352
171.373 7.107 421.697
130.300 31.267 74.989
-4.417 36.717 398.107
134.463 7.330 334.965
73.527 4.190 446.684
-7.333 55.367 149.624
120.967 14.583 298.538
21.463 61.594 0.891
174.500 -35.833 298.538
16.837 58.554 39.811
173.200 52.833 266.073
-72.117 -17.000 421.697
132.717 33.867 251.189
-81.432 30.395 354.813
-106.422 23.198 112.202
139.817 34.917 223.872
15.563 38.196 237.137
-177.367 28.217 188.365
-5.014 51.702 334.965
-4.906 55.750 14.125
50.600 26.233 398.107
130.450 32.617 298.538
139.482 34.067 141.254
141.983 39.650 298.538
-157.800 21.433 375.837
7.421 43.729 223.872
-71.960 41.048 14.125
-121.888 36.605 398.107
22.133 -34.183 446.684
134.167 33.267 13.335
129.867 32.733 266.073
136.883 35.083 26.607
127.667 26.200 237.137
129.842 29.842 188.365
-1.634 47.194 223.872
-70.097 41.285 149.624
176.917 -39.483 501.187
14.269 40.841 334.965
166.905 -0.528 421.697
-159.350 21.967 251.189
129.495 28.382 223.872
-124.617 48.368 177.828
-72.087 41.355 7.079
-74.015 40.700 25.119
0.057 50.782 237.137
-5.542 50.102 446.684
-71.327 41.505 199.526
-122.910 49.200 29.854
130.992 30.735 223.872
-1.440 55.007 118.850
-60.250 46.217 266.073
166.437 -22.292 398.107
-175.167 -21.133 375.837
-140.082 -8.930 398.107
11.950 78.933 3.548
141.717 39.067 421.697
141.750 39.017 398.107
139.383 34.783 266.073
17.097 57.366 56.234
138.217 34.617 223.872
140.900 36.933 334.965
135.433 34.650 7.943
16.478 57.275 63.096
10.734 59.909 8.414
25.418 65.040 0.282
130.217 32.983 237.137
136.217 34.067 141.254
-170.683 -14.283 473.151
-81.167 -5.083 316.228
-149.567 -17.525 141.254
-123.451 48.654 251.189
100.347 5.422 501.187
-158.053 -8.977 133.352
-87.213 30.403 2.818
-75.142 39.933 141.254
22.690 63.709 0.316
158.243 6.987 298.538
-123.253 49.337 199.526
-25.672 37.735 354.813
-123.440 48.125 141.254
-59.133 47.567 298.538
-1.062 45.569 316.228
25.630 -33.960 421.697
118.575 -20.318 375.837
150.912 -34.473 446.684
57.495 -20.155 199.526
16.867 -29.250 473.151
-3.446 47.644 334.965
3.107 42.520 211.349
-127.489 50.722 42.170
-97.215 26.060 2.512
-70.247 43.657 266.073
141.600 -38.333 334.965
-5.120 54.843 63.096
-120.760 35.177 398.107
-1.112 50.803 354.813
-130.324 54.317 23.714
-71.401 41.807 31.623
-87.950 15.833 316.228
-15.417 28.133 398.107
-72.967 -41.483 251.189
-67.617 -54.933 199.526
-132.072 53.252 94.406
24.407 64.666 0.282
-159.775 -21.207 53.088
20.895 63.986 0.282
21.426 61.133 0.891
-75.573 39.558 354.813
-21.940 64.151 23.714
-134.953 -23.125 398.107
12.113 57.250 17.783
-97.047 28.022 8.414
63.418 -19.668 188.365
11.230 64.859 7.499
-3.966 48.718 149.624
150.790 -23.162 473.151
-17.750 28.683 421.697
-93.870 29.730 1.334
133.333 36.200 158.489
-2.246 47.140 133.352
-1.682 43.395 446.684
-2.028 48.641 354.813
-2.202 47.267 158.489
-66.063 45.251 334.965
145.742 15.227 14.962
133.250 35.550 105.925
17.950 -33.017 473.151
-95.203 16.160 398.107
-117.173 32.713 421.697
-80.108 -26.292 2.113
-122.465 37.807 298.538
-90.833 13.917 421.697
-66.117 18.460 211.349
-160.502 55.337 223.872
-74.009 40.467 21.135
-90.313 -0.755 354.813
-118.500 34.008 375.837
-122.339 47.603 251.189
104.115 1.932 316.228
-151.720 59.441 79.433
-149.427 60.120 112.202
-76.330 36.947 44.668
115.350 22.750 354.813
0.743 51.442 158.489
119.550 35.383 199.526
138.517 35.017 251.189
135.383 33.683 251.189
18.433 -34.183 446.684
14.358 55.557 118.850
-135.342 57.052 89.125
19.012 63.191 0.668
-135.327 59.450 37.584
12.829 55.417 56.234
11.218 58.354 29.854
-76.452 38.317 188.365
-124.043 44.625 177.828
17.531 62.363 0.398
147.933 -42.550 316.228
-78.918 33.655 398.107
-82.627 27.760 7.943
-52.717 47.567 398.107
11.832 58.093 29.854
-123.181 49.125 149.624
-2.117 49.183 446.684
18.082 59.325 16.788
-6.389 58.207 199.526
134.900 34.350 199.526
178.427 -18.132 398.107
39.600 -69.000 298.538
134.050 34.350 112.202
-81.282 -4.582 316.228
103.853 1.262 446.684
135.183 34.333 211.349
174.033 -39.050 398.107
-5.600 36.000 375.837
176.183 -37.650 473.151
117.883 4.233 630.957
-16.240 28.480 446.684
133.640 -32.150 281.838
104.140 2.807 354.813
136.850 34.467 177.828
-6.064 56.623 59.566
-125.913 49.154 74.989
139.767 35.650 94.406
132.967 32.783 13.335
5.913 43.117 177.828
146.833 -19.250 375.837
137.217 36.767 223.872
7.567 58.000 141.254
13.750 45.650 118.850
151.850 7.450 251.189
-78.730 1.817 473.151
22.101 60.428 8.414
138.883 35.017 281.838
-5.158 57.895 100.000
-166.537 53.880 281.838
133.950 34.483 112.202
135.900 33.567 125.893
132.550 33.233 199.526
21.571 63.081 0.355
-146.362 61.125 94.406
-0.330 39.460 167.880
-71.633 -33.033 473.151
-123.110 49.287 223.872
12.217 57.100 66.834
31.100 70.333 158.489
12.426 45.419 42.170
-123.370 48.422 167.880
12.579 56.142 31.623
18.284 57.639 37.584
135.150 34.217 223.872
166.617 19.283 112.202
141.683 45.400 158.489
14.500 -22.950 501.187
-77.022 38.873 3.758
174.783 -41.283 562.341
-2.448 50.608 421.697
-0.614 54.490 94.406
-3.086 58.441 223.872
-123.965 46.708 56.234
-73.782 40.793 4.732
-77.953 34.227 281.838
18.419 54.797 84.140
-62.700 45.683 105.925
-70.672 41.523 31.623
-3.568 54.651 47.315
128.102 -15.453 501.187
118.067 24.450 105.925
-139.733 59.548 63.096
138.128 9.508 177.828
-66.117 43.833 421.697
139.633 35.467 158.489
13.817 55.417 125.893
39.190 -6.155 595.662
111.833 21.583 316.228
