144.283 44.017 473.151
-2.075 57.143 707.946
131.417 31.583 354.813
-89.833 13.583 668.344
-99.912 16.840 530.884
-176.632 51.863 375.837
-122.298 37.772 707.946
-126.931 50.587 595.662
-5.433 36.117 298.538
-149.890 61.238 794.328
-76.482 38.983 281.838
-70.400 -23.650 595.662
-53.983 47.300 668.344
-13.530 28.972 595.662
-123.767 46.208 630.957
-74.418 39.355 595.662
-2.715 51.511 630.957
141.500 38.300 749.894
-79.573 8.962 562.341
-76.578 39.267 298.538
-90.285 -0.437 530.884
-125.136 48.836 630.957
2.163 41.342 237.137
-68.205 44.392 668.344
12.903 55.756 266.073
-1.515 43.527 595.662
109.083 21.483 501.187
-128.143 52.163 668.344
-64.700 32.400 501.187
-3.050 43.357 562.341
-6.340 36.800 562.341
141.917 -10.600 530.884
-71.052 42.355 562.341
1.578 50.727 595.662
-4.500 48.383 595.662
-73.182 41.173 668.344
153.167 -27.367 668.344
122.217 -18.000 668.344
-77.100 3.900 595.662
-58.500 -34.667 44.668
152.380 -24.767 630.957
145.915 -41.050 891.251
-109.908 22.880 595.662
-6.283 36.533 562.341
1.868 50.969 473.151
-77.150 -12.050 501.187
-76.068 38.573 562.341
-125.247 50.042 630.957
-47.925 -25.017 707.946
147.058 -19.277 595.662
18.433 -33.900 630.957
-74.960 38.968 794.328
113.652 -24.898 530.884
-75.533 10.383 421.697
-9.417 38.692 630.957
15.094 37.498 237.137
103.187 5.265 473.151
-5.317 35.900 473.151
91.050 22.217 354.813
-124.322 43.345 595.662
-79.925 32.782 707.946
-64.920 18.335 530.884
-63.117 46.233 501.187
-1.635 49.651 595.662
-76.113 36.967 446.684
142.200 27.100 316.228
140.867 35.750 530.884
-157.472 1.982 421.697
-94.200 58.783 53.088
96.883 -12.117 421.697
-1.890 47.277 630.957
-145.753 60.558 668.344
-97.217 27.580 133.352
91.833 21.450 562.341
-124.183 41.745 595.662
-79.915 9.355 398.107
1.302 52.934 841.395
8.717 53.867 84.140
130.850 -12.467 707.946
20.385 60.032 158.489
6.933 53.326 56.234
4.746 52.965 375.837
-4.185 50.368 668.344
1.085 49.929 707.946
-2.088 47.306 668.344
108.617 19.100 446.684
1.318 51.117 891.251
-75.740 36.183 446.684
2.367 51.048 749.894
31.050 -29.867 630.957
27.917 -33.017 595.662
-109.448 -27.150 668.344
-66.985 44.903 595.662
162.387 11.430 668.344
-116.633 31.850 630.957
8.433 55.467 158.489
-79.647 0.992 630.957
121.900 -33.867 501.187
-64.267 -65.250 0.100
1.348 51.957 1000.000
-81.467 30.672 630.957
-4.983 52.014 668.344
18.211 60.409 199.526
151.233 -33.850 562.341
-80.902 32.033 707.946
-95.308 28.948 266.073
115.717 -32.050 421.697
-166.288 23.868 398.107
139.933 40.650 316.228
128.850 32.700 446.684
-123.451 48.769 530.884
179.195 -8.525 446.684
-16.907 32.640 530.884
21.231 64.916 84.140
-94.793 29.310 63.096
73.152 -0.687 595.662
11.933 54.567 199.526
102.107 6.227 473.151
-5.350 36.117 446.684
-3.018 53.450 707.946
11.791 57.685 223.872
-89.957 29.263 2.818
144.650 13.433 421.697
-110.900 27.933 354.813
141.533 40.533 668.344
110.283 20.017 375.837
140.717 41.783 707.946
-63.583 44.667 630.957
132.067 34.900 421.697
27.179 60.563 211.349
145.567 43.283 630.957
22.977 59.823 125.893
1.284 51.947 1000.000
9.101 63.425 595.662
24.956 60.154 188.365
-2.920 54.032 749.894
115.738 -31.825 421.697
-155.067 19.733 562.341
-3.134 51.215 668.344
89.467 21.783 501.187
147.330 -42.887 530.884
4.120 51.977 562.341
-4.631 53.308 707.946
114.217 22.300 630.957
159.957 -9.425 446.684
25.973 70.980 530.884
-157.867 21.307 473.151
12.467 56.100 237.137
131.683 32.417 375.837
-124.217 40.767 595.662
-4.111 51.211 595.662
-43.165 -22.897 630.957
-0.186 53.631 794.328
124.167 24.333 421.697
-169.530 16.738 530.884
103.792 1.462 707.946
-78.833 -33.622 668.344
-134.412 58.298 749.894
130.567 31.583 446.684
-156.467 20.900 595.662
23.096 65.697 89.125
121.282 28.088 223.872
-171.718 -2.810 530.884
120.288 22.615 421.697
154.777 1.098 446.684
21.215 62.344 118.850
139.750 35.517 595.662
121.745 25.157 421.697
101.358 3.050 668.344
102.153 2.215 630.957
24.515 65.673 53.088
70.220 -49.345 1000.000
-131.625 55.333 707.946
-81.808 24.553 473.151
-5.050 58.457 630.957
12.894 55.522 316.228
23.033 -34.050 749.894
99.817 11.795 421.697
98.425 7.832 707.946
135.183 34.683 446.684
133.567 33.500 354.813
-152.512 57.732 668.344
134.583 34.017 398.107
116.067 5.983 530.884
103.430 3.975 501.187
130.200 32.600 473.151
103.443 1.325 749.894
15.589 56.105 211.349
11.127 58.997 316.228
135.767 33.483 421.697
144.367 42.983 707.946
167.733 8.733 668.344
-8.400 43.367 595.662
-117.257 32.867 630.957
-80.917 -2.200 595.662
-110.345 24.162 595.662
-1.221 46.158 562.341
-87.817 13.333 668.344
17.865 58.742 105.925
99.765 6.432 707.946
177.433 -17.600 595.662
-4.781 48.359 630.957
0.106 49.482 501.187
-1.765 47.205 530.884
123.750 13.150 630.957
-3.182 55.990 707.946
-1.140 60.155 562.341
-1.794 46.497 562.341
-75.120 38.782 630.957
119.417 34.750 630.957
-64.753 17.697 316.228
10.299 43.546 375.837
-3.825 53.332 707.946
-80.717 -6.933 562.341
159.067 -31.517 562.341
-118.272 33.720 630.957
-64.883 47.083 354.813
1.751 52.473 421.697
15.150 -26.650 562.341
100.613 4.240 595.662
121.617 32.133 421.697
5.113 61.934 530.884
-67.047 17.972 334.965
137.617 34.683 11.220
135.383 35.467 298.538
171.373 7.107 562.341
130.300 31.267 398.107
-4.417 36.717 446.684
134.463 7.330 501.187
73.527 4.190 630.957
-7.333 55.367 707.946
120.967 14.583 446.684
21.463 61.594 177.828
174.500 -35.833 562.341
16.837 58.554 118.850
173.200 52.833 421.697
-72.117 -17.000 473.151
132.717 33.867 630.957
-81.432 30.395 562.341
-106.422 23.198 530.884
139.817 34.917 501.187
15.563 38.196 281.838
-177.367 28.217 354.813
-5.014 51.702 668.344
-4.906 55.750 707.946
50.600 26.233 841.395
130.450 32.617 473.151
139.482 34.067 316.228
141.983 39.650 668.344
-157.800 21.433 530.884
7.421 43.729 298.538
-71.960 41.048 530.884
-121.888 36.605 595.662
22.133 -34.183 707.946
134.167 33.267 375.837
129.867 32.733 421.697
136.883 35.083 501.187
127.667 26.200 446.684
129.842 29.842 375.837
-1.634 47.194 501.187
-70.097 41.285 473.151
176.917 -39.483 668.344
14.269 40.841 354.813
166.905 -0.528 668.344
-159.350 21.967 501.187
129.495 28.382 398.107
-124.617 48.368 562.341
-72.087 41.355 473.151
-74.015 40.700 668.344
0.057 50.782 707.946
-5.542 50.102 668.344
-71.327 41.505 595.662
-122.910 49.200 298.538
130.992 30.735 398.107
-1.440 55.007 749.894
-60.250 46.217 501.187
166.437 -22.292 630.957
-175.167 -21.133 595.662
-140.082 -8.930 668.344
11.950 78.933 398.107
141.717 39.067 707.946
141.750 39.017 595.662
139.383 34.783 595.662
17.097 57.366 133.352
138.217 34.617 421.697
140.900 36.933 595.662
135.433 34.650 473.151
16.478 57.275 177.828
10.734 59.909 316.228
25.418 65.040 105.925
130.217 32.983 473.151
136.217 34.067 421.697
-170.683 -14.283 530.884
-81.167 -5.083 501.187
-149.567 -17.525 398.107
-123.451 48.654 595.662
100.347 5.422 707.946
-158.053 -8.977 266.073
-87.213 30.403 211.349
-75.142 39.933 707.946
22.690 63.709 141.254
158.243 6.987 530.884
-123.253 49.337 668.344
-25.672 37.735 595.662
-123.440 48.125 473.151
-59.133 47.567 530.884
-1.062 45.569 630.957
25.630 -33.960 668.344
118.575 -20.318 668.344
150.912 -34.473 595.662
57.495 -20.155 316.228
16.867 -29.250 630.957
-3.446 47.644 562.341
3.107 42.520 281.838
-127.489 50.722 668.344
-97.215 26.060 149.624
-70.247 43.657 595.662
141.600 -38.333 473.151
-5.120 54.843 794.328
-120.760 35.177 630.957
-1.112 50.803 749.894
-130.324 54.317 707.946
-71.401 41.807 668.344
-87.950 15.833 281.838
-15.417 28.133 595.662
-72.967 -41.483 668.344
-67.617 -54.933 10.000
-132.072 53.252 749.894
24.407 64.666 105.925
-159.775 -21.207 421.697
20.895 63.986 100.000
21.426 61.133 188.365
-75.573 39.558 595.662
-21.940 64.151 595.662
-134.953 -23.125 446.684
12.113 57.250 199.526
-97.047 28.022 79.433
63.418 -19.668 375.837
11.230 64.859 473.151
-3.966 48.718 595.662
150.790 -23.162 595.662
-17.750 28.683 562.341
-93.870 29.730 3.548
133.333 36.200 281.838
-2.246 47.140 595.662
-1.682 43.395 562.341
-2.028 48.641 595.662
-2.202 47.267 562.341
-66.063 45.251 707.946
145.742 15.227 354.813
133.250 35.550 298.538
17.950 -33.017 630.957
-95.203 16.160 668.344
-117.173 32.713 630.957
-80.108 -26.292 595.662
-122.465 37.807 595.662
-90.833 13.917 630.957
-66.117 18.460 473.151
-160.502 55.337 595.662
-74.009 40.467 630.957
-90.313 -0.755 530.884
-118.500 34.008 630.957
-122.339 47.603 630.957
104.115 1.932 446.684
-151.720 59.441 707.946
-149.427 60.120 595.662
-76.330 36.947 398.107
115.350 22.750 707.946
0.743 51.442 1000.000
119.550 35.383 562.341
138.517 35.017 421.697
135.383 33.683 398.107
18.433 -34.183 668.344
14.358 55.557 199.526
-135.342 57.052 707.946
19.012 63.191 26.607
-135.327 59.450 749.894
12.829 55.417 281.838
11.218 58.354 334.965
-76.452 38.317 354.813
-124.043 44.625 630.957
17.531 62.363 112.202
147.933 -42.550 530.884
-78.918 33.655 794.328
-82.627 27.760 530.884
-52.717 47.567 630.957
11.832 58.093 334.965
-123.181 49.125 668.344
-2.117 49.183 595.662
18.082 59.325 133.352
-6.389 58.207 707.946
134.900 34.350 421.697
178.427 -18.132 595.662
39.600 -69.000 630.957
134.050 34.350 668.344
-81.282 -4.582 562.341
103.853 1.262 707.946
135.183 34.333 398.107
174.033 -39.050 630.957
-5.600 36.000 501.187
176.183 -37.650 595.662
117.883 4.233 749.894
-16.240 28.480 562.341
133.640 -32.150 749.894
104.140 2.807 501.187
136.850 34.467 421.697
-6.064 56.623 595.662
-125.913 49.154 668.344
139.767 35.650 562.341
132.967 32.783 375.837
5.913 43.117 251.189
146.833 -19.250 595.662
137.217 36.767 298.538
7.567 58.000 298.538
13.750 45.650 595.662
151.850 7.450 446.684
-78.730 1.817 630.957
22.101 60.428 266.073
138.883 35.017 446.684
-5.158 57.895 707.946
-166.537 53.880 398.107
133.950 34.483 749.894
135.900 33.567 398.107
132.550 33.233 530.884
21.571 63.081 118.850
-146.362 61.125 630.957
-0.330 39.460 211.349
-71.633 -33.033 595.662
-123.110 49.287 707.946
12.217 57.100 251.189
31.100 70.333 501.187
12.426 45.419 530.884
-123.370 48.422 375.837
12.579 56.142 266.073
18.284 57.639 70.795
135.150 34.217 398.107
166.617 19.283 421.697
141.683 45.400 354.813
14.500 -22.950 562.341
-77.022 38.873 237.137
174.783 -41.283 707.946
-2.448 50.608 595.662
-0.614 54.490 841.395
-3.086 58.441 707.946
-123.965 46.708 595.662
-73.782 40.793 281.838
-77.953 34.227 630.957
18.419 54.797 251.189
-62.700 45.683 446.684
-70.672 41.523 501.187
-3.568 54.651 707.946
128.102 -15.453 707.946
118.067 24.450 707.946
-139.733 59.548 668.344
138.128 9.508 501.187
-66.117 43.833 668.344
139.633 35.467 530.884
13.817 55.417 199.526
39.190 -6.155 707.946
111.833 21.583 707.946
