144.283 44.017 398.107
-2.075 57.143 473.151
131.417 31.583 167.880
-89.833 13.583 630.957
-99.912 16.840 501.187
-176.632 51.863 334.965
-122.298 37.772 562.341
-126.931 50.587 266.073
-5.433 36.117 237.137
-149.890 61.238 446.684
-76.482 38.983 167.880
-70.400 -23.650 562.341
-53.983 47.300 530.884
-13.530 28.972 595.662
-123.767 46.208 473.151
-74.418 39.355 446.684
-2.715 51.511 177.828
141.500 38.300 668.344
-79.573 8.962 530.884
-76.578 39.267 105.925
-90.285 -0.437 446.684
-125.136 48.836 421.697
2.163 41.342 237.137
-68.205 44.392 421.697
12.903 55.756 59.566
-1.515 43.527 530.884
109.083 21.483 316.228
-128.143 52.163 141.254
-64.700 32.400 446.684
-3.050 43.357 562.341
-6.340 36.800 473.151
141.917 -10.600 473.151
-71.052 42.355 354.813
1.578 50.727 398.107
-4.500 48.383 473.151
-73.182 41.173 74.989
153.167 -27.367 707.946
122.217 -18.000 562.341
-77.100 3.900 530.884
-58.500 -34.667 6.310
152.380 -24.767 630.957
145.915 -41.050 794.328
-109.908 22.880 630.957
-6.283 36.533 562.341
1.868 50.969 12.589
-77.150 -12.050 473.151
-76.068 38.573 398.107
-125.247 50.042 446.684
-47.925 -25.017 188.365
147.058 -19.277 473.151
18.433 -33.900 668.344
-74.960 38.968 562.341
113.652 -24.898 473.151
-75.533 10.383 446.684
-9.417 38.692 530.884
15.094 37.498 188.365
103.187 5.265 398.107
-5.317 35.900 446.684
91.050 22.217 56.234
-124.322 43.345 501.187
-79.925 32.782 446.684
-64.920 18.335 421.697
-63.117 46.233 223.872
-1.635 49.651 562.341
-76.113 36.967 237.137
142.200 27.100 211.349
140.867 35.750 266.073
-157.472 1.982 530.884
-94.200 58.783 1.778
96.883 -12.117 446.684
-1.890 47.277 562.341
-145.753 60.558 281.838
-97.217 27.580 2.818
91.833 21.450 63.096
-124.183 41.745 446.684
-79.915 9.355 473.151
1.302 52.934 316.228
8.717 53.867 9.441
130.850 -12.467 630.957
20.385 60.032 25.119
6.933 53.326 7.079
4.746 52.965 33.497
-4.185 50.368 562.341
1.085 49.929 595.662
-2.088 47.306 421.697
108.617 19.100 398.107
1.318 51.117 281.838
-75.740 36.183 398.107
2.367 51.048 158.489
31.050 -29.867 630.957
27.917 -33.017 446.684
-109.448 -27.150 316.228
-66.985 44.903 501.187
162.387 11.430 668.344
-116.633 31.850 630.957
8.433 55.467 14.962
-79.647 0.992 595.662
121.900 -33.867 398.107
-64.267 -65.250 1.000
1.348 51.957 133.352
-81.467 30.672 473.151
-4.983 52.014 530.884
18.211 60.409 4.217
151.233 -33.850 562.341
-80.902 32.033 562.341
-95.308 28.948 8.913
115.717 -32.050 375.837
-166.288 23.868 421.697
139.933 40.650 298.538
128.850 32.700 446.684
-123.451 48.769 421.697
179.195 -8.525 501.187
-16.907 32.640 530.884
21.231 64.916 0.473
-94.793 29.310 2.818
73.152 -0.687 595.662
11.933 54.567 42.170
102.107 6.227 421.697
-5.350 36.117 316.228
-3.018 53.450 266.073
11.791 57.685 50.119
-89.957 29.263 1.413
144.650 13.433 473.151
-110.900 27.933 316.228
141.533 40.533 530.884
110.283 20.017 12.589
140.717 41.783 707.946
-63.583 44.667 473.151
132.067 34.900 211.349
27.179 60.563 26.607
145.567 43.283 375.837
22.977 59.823 37.584
1.284 51.947 562.341
9.101 63.425 44.668
24.956 60.154 42.170
-2.920 54.032 59.566
115.738 -31.825 334.965
-155.067 19.733 562.341
-3.134 51.215 501.187
89.467 21.783 281.838
147.330 -42.887 398.107
4.120 51.977 31.623
-4.631 53.308 473.151
114.217 22.300 251.189
159.957 -9.425 398.107
25.973 70.980 199.526
-157.867 21.307 530.884
12.467 56.100 112.202
131.683 32.417 149.624
-124.217 40.767 530.884
-4.111 51.211 421.697
-43.165 -22.897 398.107
-0.186 53.631 112.202
124.167 24.333 298.538
-169.530 16.738 421.697
103.792 1.462 668.344
-78.833 -33.622 668.344
-134.412 58.298 105.925
130.567 31.583 223.872
-156.467 20.900 595.662
23.096 65.697 0.668
121.282 28.088 7.943
-171.718 -2.810 595.662
120.288 22.615 375.837
154.777 1.098 446.684
21.215 62.344 0.794
139.750 35.517 421.697
121.745 25.157 125.893
101.358 3.050 630.957
102.153 2.215 668.344
24.515 65.673 0.708
70.220 -49.345 944.061
-131.625 55.333 375.837
-81.808 24.553 501.187
-5.050 58.457 53.088
12.894 55.522 188.365
23.033 -34.050 530.884
99.817 11.795 398.107
98.425 7.832 668.344
135.183 34.683 70.795
133.567 33.500 25.119
-152.512 57.732 398.107
134.583 34.017 251.189
116.067 5.983 398.107
103.430 3.975 446.684
130.200 32.600 398.107
103.443 1.325 749.894
15.589 56.105 133.352
11.127 58.997 37.584
135.767 33.483 354.813
144.367 42.983 501.187
167.733 8.733 668.344
-8.400 43.367 530.884
-117.257 32.867 595.662
-80.917 -2.200 562.341
-110.345 24.162 630.957
-1.221 46.158 84.140
-87.817 13.333 668.344
17.865 58.742 44.668
99.765 6.432 668.344
177.433 -17.600 595.662
-4.781 48.359 562.341
0.106 49.482 334.965
-1.765 47.205 15.849
123.750 13.150 595.662
-3.182 55.990 446.684
-1.140 60.155 375.837
-1.794 46.497 316.228
-75.120 38.782 177.828
119.417 34.750 223.872
-64.753 17.697 211.349
10.299 43.546 334.965
-3.825 53.332 266.073
-80.717 -6.933 421.697
159.067 -31.517 530.884
-118.272 33.720 562.341
-64.883 47.083 199.526
1.751 52.473 14.125
15.150 -26.650 530.884
100.613 4.240 595.662
121.617 32.133 22.387
5.113 61.934 251.189
-67.047 17.972 398.107
137.617 34.683 2.113
135.383 35.467 223.872
171.373 7.107 595.662
130.300 31.267 133.352
-4.417 36.717 473.151
134.463 7.330 501.187
73.527 4.190 562.341
-7.333 55.367 334.965
120.967 14.583 421.697
21.463 61.594 1.679
174.500 -35.833 398.107
16.837 58.554 59.566
173.200 52.833 446.684
-72.117 -17.000 595.662
132.717 33.867 398.107
-81.432 30.395 562.341
-106.422 23.198 562.341
139.817 34.917 334.965
15.563 38.196 251.189
-177.367 28.217 281.838
-5.014 51.702 530.884
-4.906 55.750 35.481
50.600 26.233 595.662
130.450 32.617 375.837
139.482 34.067 211.349
141.983 39.650 501.187
-157.800 21.433 473.151
7.421 43.729 281.838
-71.960 41.048 33.497
-121.888 36.605 630.957
22.133 -34.183 595.662
134.167 33.267 26.607
129.867 32.733 199.526
136.883 35.083 59.566
127.667 26.200 334.965
129.842 29.842 266.073
-1.634 47.194 375.837
-70.097 41.285 266.073
176.917 -39.483 707.946
14.269 40.841 354.813
166.905 -0.528 707.946
-159.350 21.967 446.684
129.495 28.382 298.538
-124.617 48.368 421.697
-72.087 41.355 13.335
-74.015 40.700 59.566
0.057 50.782 473.151
-5.542 50.102 595.662
-71.327 41.505 354.813
-122.910 49.200 141.254
130.992 30.735 316.228
-1.440 55.007 266.073
-60.250 46.217 375.837
166.437 -22.292 630.957
-175.167 -21.133 562.341
-140.082 -8.930 630.957
11.950 78.933 29.854
141.717 39.067 595.662
141.750 39.017 630.957
139.383 34.783 530.884
17.097 57.366 84.140
138.217 34.617 334.965
140.900 36.933 530.884
135.433 34.650 13.335
16.478 57.275 89.125
10.734 59.909 16.788
25.418 65.040 0.708
130.217 32.983 354.813
136.217 34.067 251.189
-170.683 -14.283 562.341
-81.167 -5.083 473.151
-149.567 -17.525 298.538
-123.451 48.654 501.187
100.347 5.422 707.946
-158.053 -8.977 281.838
-87.213 30.403 4.467
-75.142 39.933 316.228
22.690 63.709 0.794
158.243 6.987 530.884
-123.253 49.337 501.187
-25.672 37.735 530.884
-123.440 48.125 375.837
-59.133 47.567 421.697
-1.062 45.569 501.187
25.630 -33.960 562.341
118.575 -20.318 562.341
150.912 -34.473 595.662
57.495 -20.155 354.813
16.867 -29.250 630.957
-3.446 47.644 501.187
3.107 42.520 281.838
-127.489 50.722 316.228
-97.215 26.060 3.758
-70.247 43.657 421.697
141.600 -38.333 446.684
-5.120 54.843 167.880
-120.760 35.177 630.957
-1.112 50.803 595.662
-130.324 54.317 177.828
-71.401 41.807 89.125
-87.950 15.833 251.189
-15.417 28.133 595.662
-72.967 -41.483 251.189
-67.617 -54.933 44.668
-132.072 53.252 354.813
24.407 64.666 0.668
-159.775 -21.207 133.352
20.895 63.986 0.562
21.426 61.133 1.995
-75.573 39.558 530.884
-21.940 64.151 167.880
-134.953 -23.125 473.151
12.113 57.250 33.497
-97.047 28.022 23.714
63.418 -19.668 298.538
11.230 64.859 17.783
-3.966 48.718 316.228
150.790 -23.162 595.662
-17.750 28.683 562.341
-93.870 29.730 1.496
133.333 36.200 316.228
-2.246 47.140 316.228
-1.682 43.395 562.341
-2.028 48.641 530.884
-2.202 47.267 334.965
-66.063 45.251 501.187
145.742 15.227 39.811
133.250 35.550 177.828
17.950 -33.017 630.957
-95.203 16.160 668.344
-117.173 32.713 562.341
-80.108 -26.292 562.341
-122.465 37.807 530.884
-90.833 13.917 630.957
-66.117 18.460 398.107
-160.502 55.337 398.107
-74.009 40.467 47.315
-90.313 -0.755 501.187
-118.500 34.008 562.341
-122.339 47.603 530.884
104.115 1.932 398.107
-151.720 59.441 237.137
-149.427 60.120 354.813
-76.330 36.947 100.000
115.350 22.750 530.884
0.743 51.442 281.838
119.550 35.383 281.838
138.517 35.017 354.813
135.383 33.683 354.813
18.433 -34.183 668.344
14.358 55.557 158.489
-135.342 57.052 398.107
19.012 63.191 0.841
-135.327 59.450 158.489
12.829 55.417 94.406
11.218 58.354 63.096
-76.452 38.317 149.624
-124.043 44.625 501.187
17.531 62.363 0.794
147.933 -42.550 530.884
-78.918 33.655 530.884
-82.627 27.760 21.135
-52.717 47.567 530.884
11.832 58.093 59.566
-123.181 49.125 421.697
-2.117 49.183 562.341
18.082 59.325 33.497
-6.389 58.207 375.837
134.900 34.350 266.073
178.427 -18.132 630.957
39.600 -69.000 421.697
134.050 34.350 251.189
-81.282 -4.582 446.684
103.853 1.262 707.946
135.183 34.333 298.538
174.033 -39.050 530.884
-5.600 36.000 501.187
176.183 -37.650 562.341
117.883 4.233 749.894
-16.240 28.480 562.341
133.640 -32.150 562.341
104.140 2.807 446.684
136.850 34.467 298.538
-6.064 56.623 158.489
-125.913 49.154 375.837
139.767 35.650 177.828
132.967 32.783 19.953
5.913 43.117 266.073
146.833 -19.250 530.884
137.217 36.767 298.538
7.567 58.000 211.349
13.750 45.650 354.813
151.850 7.450 473.151
-78.730 1.817 595.662
22.101 60.428 16.788
138.883 35.017 421.697
-5.158 57.895 251.189
-166.537 53.880 398.107
133.950 34.483 237.137
135.900 33.567 237.137
132.550 33.233 316.228
21.571 63.081 0.631
-146.362 61.125 354.813
-0.330 39.460 223.872
-71.633 -33.033 630.957
-123.110 49.287 530.884
12.217 57.100 112.202
31.100 70.333 266.073
12.426 45.419 158.489
-123.370 48.422 334.965
12.579 56.142 53.088
18.284 57.639 50.119
135.150 34.217 316.228
166.617 19.283 188.365
141.683 45.400 237.137
14.500 -22.950 595.662
-77.022 38.873 5.957
174.783 -41.283 668.344
-2.448 50.608 595.662
-0.614 54.490 199.526
-3.086 58.441 398.107
-123.965 46.708 211.349
-73.782 40.793 7.079
-77.953 34.227 421.697
18.419 54.797 125.893
-62.700 45.683 188.365
-70.672 41.523 79.433
-3.568 54.651 112.202
128.102 -15.453 707.946
118.067 24.450 199.526
-139.733 59.548 281.838
138.128 9.508 298.538
-66.117 43.833 595.662
139.633 35.467 266.073
13.817 55.417 167.880
39.190 -6.155 707.946
111.833 21.583 473.151
