144.283 44.017 473.151
-2.075 57.143 707.946
131.417 31.583 266.073
-89.833 13.583 630.957
-99.912 16.840 562.341
-176.632 51.863 298.538
-122.298 37.772 668.344
-126.931 50.587 595.662
-5.433 36.117 473.151
-149.890 61.238 794.328
-76.482 38.983 237.137
-70.400 -23.650 595.662
-53.983 47.300 707.946
-13.530 28.972 595.662
-123.767 46.208 630.957
-74.418 39.355 501.187
-2.715 51.511 630.957
141.500 38.300 749.894
-79.573 8.962 562.341
-76.578 39.267 266.073
-90.285 -0.437 446.684
-125.136 48.836 630.957
2.163 41.342 237.137
-68.205 44.392 562.341
12.903 55.756 237.137
-1.515 43.527 595.662
109.083 21.483 446.684
-128.143 52.163 668.344
-64.700 32.400 354.813
-3.050 43.357 562.341
-6.340 36.800 530.884
141.917 -10.600 446.684
-71.052 42.355 530.884
1.578 50.727 530.884
-4.500 48.383 595.662
-73.182 41.173 668.344
153.167 -27.367 707.946
122.217 -18.000 668.344
-77.100 3.900 630.957
-58.500 -34.667 237.137
152.380 -24.767 630.957
145.915 -41.050 841.395
-109.908 22.880 668.344
-6.283 36.533 562.341
1.868 50.969 707.946
-77.150 -12.050 334.965
-76.068 38.573 398.107
-125.247 50.042 668.344
-47.925 -25.017 668.344
147.058 -19.277 595.662
18.433 -33.900 473.151
-74.960 38.968 749.894
113.652 -24.898 562.341
-75.533 10.383 473.151
-9.417 38.692 595.662
15.094 37.498 251.189
103.187 5.265 446.684
-5.317 35.900 421.697
91.050 22.217 354.813
-124.322 43.345 562.341
-79.925 32.782 562.341
-64.920 18.335 473.151
-63.117 46.233 501.187
-1.635 49.651 595.662
-76.113 36.967 354.813
142.200 27.100 211.349
140.867 35.750 375.837
-157.472 1.982 112.202
-94.200 58.783 118.850
96.883 -12.117 421.697
-1.890 47.277 668.344
-145.753 60.558 595.662
-97.217 27.580 199.526
91.833 21.450 595.662
-124.183 41.745 375.837
-79.915 9.355 421.697
1.302 52.934 707.946
8.717 53.867 298.538
130.850 -12.467 630.957
20.385 60.032 105.925
6.933 53.326 211.349
4.746 52.965 446.684
-4.185 50.368 668.344
1.085 49.929 668.344
-2.088 47.306 668.344
108.617 19.100 446.684
1.318 51.117 749.894
-75.740 36.183 421.697
2.367 51.048 668.344
31.050 -29.867 668.344
27.917 -33.017 530.884
-109.448 -27.150 421.697
-66.985 44.903 668.344
162.387 11.430 530.884
-116.633 31.850 562.341
8.433 55.467 354.813
-79.647 0.992 595.662
121.900 -33.867 473.151
-64.267 -65.250 0.100
1.348 51.957 841.395
-81.467 30.672 530.884
-4.983 52.014 668.344
18.211 60.409 237.137
151.233 -33.850 562.341
-80.902 32.033 707.946
-95.308 28.948 266.073
115.717 -32.050 375.837
-166.288 23.868 281.838
139.933 40.650 266.073
128.850 32.700 334.965
-123.451 48.769 530.884
179.195 -8.525 398.107
-16.907 32.640 446.684
21.231 64.916 125.893
-94.793 29.310 199.526
73.152 -0.687 530.884
11.933 54.567 199.526
102.107 6.227 473.151
-5.350 36.117 473.151
-3.018 53.450 707.946
11.791 57.685 223.872
-89.957 29.263 5.957
144.650 13.433 199.526
-110.900 27.933 354.813
141.533 40.533 421.697
110.283 20.017 421.697
140.717 41.783 707.946
-63.583 44.667 595.662
132.067 34.900 316.228
27.179 60.563 211.349
145.567 43.283 398.107
22.977 59.823 125.893
1.284 51.947 841.395
9.101 63.425 595.662
24.956 60.154 167.880
-2.920 54.032 749.894
115.738 -31.825 334.965
-155.067 19.733 316.228
-3.134 51.215 668.344
89.467 21.783 501.187
147.330 -42.887 398.107
4.120 51.977 707.946
-4.631 53.308 707.946
114.217 22.300 630.957
159.957 -9.425 177.828
25.973 70.980 421.697
-157.867 21.307 398.107
12.467 56.100 211.349
131.683 32.417 251.189
-124.217 40.767 668.344
-4.111 51.211 595.662
-43.165 -22.897 501.187
-0.186 53.631 749.894
124.167 24.333 334.965
-169.530 16.738 421.697
103.792 1.462 707.946
-78.833 -33.622 630.957
-134.412 58.298 630.957
130.567 31.583 334.965
-156.467 20.900 473.151
23.096 65.697 141.254
121.282 28.088 562.341
-171.718 -2.810 595.662
120.288 22.615 354.813
154.777 1.098 473.151
21.215 62.344 199.526
139.750 35.517 398.107
121.745 25.157 223.872
101.358 3.050 668.344
102.153 2.215 630.957
24.515 65.673 158.489
70.220 -49.345 749.894
-131.625 55.333 630.957
-81.808 24.553 354.813
-5.050 58.457 595.662
12.894 55.522 298.538
23.033 -34.050 749.894
99.817 11.795 298.538
98.425 7.832 530.884
135.183 34.683 446.684
133.567 33.500 251.189
-152.512 57.732 630.957
134.583 34.017 354.813
116.067 5.983 501.187
103.430 3.975 501.187
130.200 32.600 375.837
103.443 1.325 668.344
15.589 56.105 167.880
11.127 58.997 266.073
135.767 33.483 446.684
144.367 42.983 749.894
167.733 8.733 501.187
-8.400 43.367 562.341
-117.257 32.867 501.187
-80.917 -2.200 630.957
-110.345 24.162 668.344
-1.221 46.158 562.341
-87.817 13.333 630.957
17.865 58.742 89.125
99.765 6.432 595.662
177.433 -17.600 421.697
-4.781 48.359 630.957
0.106 49.482 501.187
-1.765 47.205 595.662
123.750 13.150 473.151
-3.182 55.990 630.957
-1.140 60.155 530.884
-1.794 46.497 562.341
-75.120 38.782 595.662
119.417 34.750 501.187
-64.753 17.697 398.107
10.299 43.546 354.813
-3.825 53.332 707.946
-80.717 -6.933 595.662
159.067 -31.517 334.965
-118.272 33.720 446.684
-64.883 47.083 354.813
1.751 52.473 595.662
15.150 -26.650 375.837
100.613 4.240 595.662
121.617 32.133 668.344
5.113 61.934 501.187
-67.047 17.972 237.137
137.617 34.683 158.489
135.383 35.467 167.880
171.373 7.107 562.341
130.300 31.267 281.838
-4.417 36.717 473.151
134.463 7.330 421.697
73.527 4.190 421.697
-7.333 55.367 630.957
120.967 14.583 446.684
21.463 61.594 199.526
174.500 -35.833 316.228
16.837 58.554 100.000
173.200 52.833 334.965
-72.117 -17.000 50.119
132.717 33.867 446.684
-81.432 30.395 530.884
-106.422 23.198 562.341
139.817 34.917 354.813
15.563 38.196 251.189
-177.367 28.217 266.073
-5.014 51.702 668.344
-4.906 55.750 668.344
50.600 26.233 794.328
130.450 32.617 398.107
139.482 34.067 199.526
141.983 39.650 354.813
-157.800 21.433 446.684
7.421 43.729 266.073
-71.960 41.048 473.151
-121.888 36.605 595.662
22.133 -34.183 562.341
134.167 33.267 375.837
129.867 32.733 354.813
136.883 35.083 473.151
127.667 26.200 298.538
129.842 29.842 251.189
-1.634 47.194 501.187
-70.097 41.285 446.684
176.917 -39.483 707.946
14.269 40.841 354.813
166.905 -0.528 707.946
-159.350 21.967 375.837
129.495 28.382 298.538
-124.617 48.368 562.341
-72.087 41.355 530.884
-74.015 40.700 530.884
0.057 50.782 668.344
-5.542 50.102 668.344
-71.327 41.505 501.187
-122.910 49.200 298.538
130.992 30.735 266.073
-1.440 55.007 749.894
-60.250 46.217 501.187
166.437 -22.292 595.662
-175.167 -21.133 375.837
-140.082 -8.930 595.662
11.950 78.933 281.838
141.717 39.067 749.894
141.750 39.017 668.344
139.383 34.783 398.107
17.097 57.366 118.850
138.217 34.617 421.697
140.900 36.933 668.344
135.433 34.650 501.187
16.478 57.275 125.893
10.734 59.909 354.813
25.418 65.040 211.349
130.217 32.983 375.837
136.217 34.067 375.837
-170.683 -14.283 421.697
-81.167 -5.083 530.884
-149.567 -17.525 12.589
-123.451 48.654 595.662
100.347 5.422 707.946
-158.053 -8.977 298.538
-87.213 30.403 281.838
-75.142 39.933 562.341
22.690 63.709 149.624
158.243 6.987 562.341
-123.253 49.337 630.957
-25.672 37.735 421.697
-123.440 48.125 473.151
-59.133 47.567 501.187
-1.062 45.569 630.957
25.630 -33.960 530.884
118.575 -20.318 668.344
150.912 -34.473 562.341
57.495 -20.155 188.365
16.867 -29.250 630.957
-3.446 47.644 562.341
3.107 42.520 266.073
-127.489 50.722 668.344
-97.215 26.060 100.000
-70.247 43.657 530.884
141.600 -38.333 446.684
-5.120 54.843 707.946
-120.760 35.177 595.662
-1.112 50.803 749.894
-130.324 54.317 707.946
-71.401 41.807 630.957
-87.950 15.833 266.073
-15.417 28.133 595.662
-72.967 -41.483 707.946
-67.617 -54.933 63.096
-132.072 53.252 707.946
24.407 64.666 141.254
-159.775 -21.207 354.813
20.895 63.986 141.254
21.426 61.133 211.349
-75.573 39.558 530.884
-21.940 64.151 501.187
-134.953 -23.125 446.684
12.113 57.250 188.365
-97.047 28.022 79.433
63.418 -19.668 375.837
11.230 64.859 562.341
-3.966 48.718 562.341
150.790 -23.162 595.662
-17.750 28.683 530.884
-93.870 29.730 9.441
133.333 36.200 177.828
-2.246 47.140 595.662
-1.682 43.395 562.341
-2.028 48.641 595.662
-2.202 47.267 562.341
-66.063 45.251 630.957
145.742 15.227 188.365
133.250 35.550 281.838
17.950 -33.017 530.884
-95.203 16.160 630.957
-117.173 32.713 668.344
-80.108 -26.292 562.341
-122.465 37.807 630.957
-90.833 13.917 595.662
-66.117 18.460 530.884
-160.502 55.337 530.884
-74.009 40.467 530.884
-90.313 -0.755 501.187
-118.500 34.008 668.344
-122.339 47.603 630.957
104.115 1.932 398.107
-151.720 59.441 595.662
-149.427 60.120 595.662
-76.330 36.947 316.228
115.350 22.750 707.946
0.743 51.442 891.251
119.550 35.383 446.684
138.517 35.017 354.813
135.383 33.683 398.107
18.433 -34.183 668.344
14.358 55.557 177.828
-135.342 57.052 707.946
19.012 63.191 100.000
-135.327 59.450 668.344
12.829 55.417 266.073
11.218 58.354 281.838
-76.452 38.317 266.073
-124.043 44.625 630.957
17.531 62.363 133.352
147.933 -42.550 398.107
-78.918 33.655 707.946
-82.627 27.760 421.697
-52.717 47.567 530.884
11.832 58.093 251.189
-123.181 49.125 668.344
-2.117 49.183 595.662
18.082 59.325 105.925
-6.389 58.207 595.662
134.900 34.350 354.813
178.427 -18.132 595.662
39.600 -69.000 398.107
134.050 34.350 501.187
-81.282 -4.582 562.341
103.853 1.262 707.946
135.183 34.333 354.813
174.033 -39.050 630.957
-5.600 36.000 473.151
176.183 -37.650 630.957
117.883 4.233 794.328
-16.240 28.480 501.187
133.640 -32.150 794.328
104.140 2.807 501.187
136.850 34.467 446.684
-6.064 56.623 562.341
-125.913 49.154 707.946
139.767 35.650 375.837
132.967 32.783 266.073
5.913 43.117 281.838
146.833 -19.250 595.662
137.217 36.767 298.538
7.567 58.000 266.073
13.750 45.650 562.341
151.850 7.450 237.137
-78.730 1.817 630.957
22.101 60.428 167.880
138.883 35.017 421.697
-5.158 57.895 630.957
-166.537 53.880 298.538
133.950 34.483 749.894
135.900 33.567 354.813
132.550 33.233 298.538
21.571 63.081 211.349
-146.362 61.125 630.957
-0.330 39.460 199.526
-71.633 -33.033 630.957
-123.110 49.287 668.344
12.217 57.100 223.872
31.100 70.333 501.187
12.426 45.419 530.884
-123.370 48.422 375.837
12.579 56.142 251.189
18.284 57.639 63.096
135.150 34.217 281.838
166.617 19.283 251.189
141.683 45.400 237.137
14.500 -22.950 375.837
-77.022 38.873 298.538
174.783 -41.283 668.344
-2.448 50.608 630.957
-0.614 54.490 841.395
-3.086 58.441 562.341
-123.965 46.708 421.697
-73.782 40.793 530.884
-77.953 34.227 668.344
18.419 54.797 188.365
-62.700 45.683 446.684
-70.672 41.523 473.151
-3.568 54.651 707.946
128.102 -15.453 707.946
118.067 24.450 595.662
-139.733 59.548 668.344
138.128 9.508 398.107
-66.117 43.833 630.957
139.633 35.467 375.837
13.817 55.417 199.526
39.190 -6.155 749.894
111.833 21.583 595.662
