144.283 44.017 251.189
-2.075 57.143 223.872
131.417 31.583 53.088
-89.833 13.583 473.151
-99.912 16.840 375.837
-176.632 51.863 266.073
-122.298 37.772 375.837
-126.931 50.587 59.566
-5.433 36.117 18.836
-149.890 61.238 177.828
-76.482 38.983 63.096
-70.400 -23.650 421.697
-53.983 47.300 334.965
-13.530 28.972 501.187
-123.767 46.208 211.349
-74.418 39.355 237.137
-2.715 51.511 70.795
141.500 38.300 446.684
-79.573 8.962 421.697
-76.578 39.267 26.607
-90.285 -0.437 354.813
-125.136 48.836 158.489
2.163 41.342 237.137
-68.205 44.392 211.349
12.903 55.756 14.125
-1.515 43.527 354.813
109.083 21.483 100.000
-128.143 52.163 26.607
-64.700 32.400 354.813
-3.050 43.357 473.151
-6.340 36.800 199.526
141.917 -10.600 334.965
-71.052 42.355 167.880
1.578 50.727 199.526
-4.500 48.383 251.189
-73.182 41.173 17.783
153.167 -27.367 595.662
122.217 -18.000 354.813
-77.100 3.900 446.684
-58.500 -34.667 3.758
152.380 -24.767 562.341
145.915 -41.050 630.957
-109.908 22.880 668.344
-6.283 36.533 446.684
1.868 50.969 5.309
-77.150 -12.050 354.813
-76.068 38.573 266.073
-125.247 50.042 141.254
-47.925 -25.017 37.584
147.058 -19.277 177.828
18.433 -33.900 530.884
-74.960 38.968 266.073
113.652 -24.898 199.526
-75.533 10.383 473.151
-9.417 38.692 421.697
15.094 37.498 50.119
103.187 5.265 316.228
-5.317 35.900 421.697
91.050 22.217 16.788
-124.322 43.345 354.813
-79.925 32.782 266.073
-64.920 18.335 266.073
-63.117 46.233 74.989
-1.635 49.651 421.697
-76.113 36.967 94.406
142.200 27.100 177.828
140.867 35.750 94.406
-157.472 1.982 375.837
-94.200 58.783 0.355
96.883 -12.117 375.837
-1.890 47.277 354.813
-145.753 60.558 84.140
-97.217 27.580 1.884
91.833 21.450 13.335
-124.183 41.745 251.189
-79.915 9.355 421.697
1.302 52.934 79.433
8.717 53.867 4.732
130.850 -12.467 530.884
20.385 60.032 0.447
6.933 53.326 3.981
4.746 52.965 11.885
-4.185 50.368 398.107
1.085 49.929 473.151
-2.088 47.306 133.352
108.617 19.100 334.965
1.318 51.117 74.989
-75.740 36.183 237.137
2.367 51.048 37.584
31.050 -29.867 473.151
27.917 -33.017 473.151
-109.448 -27.150 112.202
-66.985 44.903 266.073
162.387 11.430 562.341
-116.633 31.850 562.341
8.433 55.467 6.683
-79.647 0.992 473.151
121.900 -33.867 266.073
-64.267 -65.250 2.371
1.348 51.957 29.854
-81.467 30.672 354.813
-4.983 52.014 298.538
18.211 60.409 0.501
151.233 -33.850 421.697
-80.902 32.033 398.107
-95.308 28.948 3.758
115.717 -32.050 251.189
-166.288 23.868 398.107
139.933 40.650 266.073
128.850 32.700 354.813
-123.451 48.769 237.137
179.195 -8.525 375.837
-16.907 32.640 473.151
21.231 64.916 0.100
-94.793 29.310 1.884
73.152 -0.687 630.957
11.933 54.567 13.335
102.107 6.227 281.838
-5.350 36.117 473.151
-3.018 53.450 66.834
11.791 57.685 10.593
-89.957 29.263 1.259
144.650 13.433 223.872
-110.900 27.933 251.189
141.533 40.533 158.489
110.283 20.017 4.732
140.717 41.783 562.341
-63.583 44.667 266.073
132.067 34.900 37.584
27.179 60.563 5.012
145.567 43.283 237.137
22.977 59.823 5.623
1.284 51.947 251.189
9.101 63.425 5.309
24.956 60.154 7.079
-2.920 54.032 15.849
115.738 -31.825 223.872
-155.067 19.733 446.684
-3.134 51.215 266.073
89.467 21.783 84.140
147.330 -42.887 266.073
4.120 51.977 10.000
-4.631 53.308 188.365
114.217 22.300 50.119
159.957 -9.425 375.837
25.973 70.980 37.584
-157.867 21.307 530.884
12.467 56.100 37.584
131.683 32.417 42.170
-124.217 40.767 375.837
-4.111 51.211 188.365
-43.165 -22.897 223.872
-0.186 53.631 35.481
124.167 24.333 141.254
-169.530 16.738 298.538
103.792 1.462 562.341
-78.833 -33.622 530.884
-134.412 58.298 28.184
130.567 31.583 74.989
-156.467 20.900 595.662
23.096 65.697 0.100
121.282 28.088 3.758
-171.718 -2.810 446.684
120.288 22.615 281.838
154.777 1.098 398.107
21.215 62.344 0.282
139.750 35.517 316.228
121.745 25.157 21.135
101.358 3.050 473.151
102.153 2.215 473.151
24.515 65.673 0.224
70.220 -49.345 891.251
-131.625 55.333 118.850
-81.808 24.553 316.228
-5.050 58.457 11.885
12.894 55.522 79.433
23.033 -34.050 237.137
99.817 11.795 316.228
98.425 7.832 562.341
135.183 34.683 11.885
133.567 33.500 6.683
-152.512 57.732 167.880
134.583 34.017 84.140
116.067 5.983 316.228
103.430 3.975 334.965
130.200 32.600 334.965
103.443 1.325 630.957
15.589 56.105 74.989
11.127 58.997 5.957
135.767 33.483 266.073
144.367 42.983 266.073
167.733 8.733 530.884
-8.400 43.367 398.107
-117.257 32.867 446.684
-80.917 -2.200 473.151
-110.345 24.162 562.341
-1.221 46.158 22.387
-87.817 13.333 562.341
17.865 58.742 11.220
99.765 6.432 501.187
177.433 -17.600 421.697
-4.781 48.359 421.697
0.106 49.482 112.202
-1.765 47.205 5.957
123.750 13.150 446.684
-3.182 55.990 167.880
-1.140 60.155 211.349
-1.794 46.497 89.125
-75.120 38.782 31.623
119.417 34.750 63.096
-64.753 17.697 125.893
10.299 43.546 316.228
-3.825 53.332 70.795
-80.717 -6.933 298.538
159.067 -31.517 398.107
-118.272 33.720 421.697
-64.883 47.083 118.850
1.751 52.473 5.957
15.150 -26.650 501.187
100.613 4.240 473.151
121.617 32.133 7.943
5.113 61.934 63.096
-67.047 17.972 251.189
137.617 34.683 1.585
135.383 35.467 188.365
171.373 7.107 562.341
130.300 31.267 26.607
-4.417 36.717 446.684
134.463 7.330 421.697
73.527 4.190 446.684
-7.333 55.367 100.000
120.967 14.583 334.965
21.463 61.594 0.251
174.500 -35.833 251.189
16.837 58.554 21.135
173.200 52.833 354.813
-72.117 -17.000 473.151
132.717 33.867 237.137
-81.432 30.395 354.813
-106.422 23.198 188.365
139.817 34.917 211.349
15.563 38.196 266.073
-177.367 28.217 199.526
-5.014 51.702 266.073
-4.906 55.750 9.441
50.600 26.233 281.838
130.450 32.617 316.228
139.482 34.067 125.893
141.983 39.650 375.837
-157.800 21.433 281.838
7.421 43.729 281.838
-71.960 41.048 8.913
-121.888 36.605 473.151
22.133 -34.183 501.187
134.167 33.267 6.310
129.867 32.733 298.538
136.883 35.083 11.885
127.667 26.200 266.073
129.842 29.842 188.365
-1.634 47.194 167.880
-70.097 41.285 112.202
176.917 -39.483 595.662
14.269 40.841 375.837
166.905 -0.528 501.187
-159.350 21.967 298.538
129.495 28.382 251.189
-124.617 48.368 237.137
-72.087 41.355 5.012
-74.015 40.700 14.962
0.057 50.782 141.254
-5.542 50.102 421.697
-71.327 41.505 158.489
-122.910 49.200 35.481
130.992 30.735 251.189
-1.440 55.007 59.566
-60.250 46.217 223.872
166.437 -22.292 530.884
-175.167 -21.133 501.187
-140.082 -8.930 473.151
11.950 78.933 7.499
141.717 39.067 473.151
141.750 39.017 446.684
139.383 34.783 334.965
17.097 57.366 33.497
138.217 34.617 223.872
140.900 36.933 298.538
135.433 34.650 4.732
16.478 57.275 37.584
10.734 59.909 3.548
25.418 65.040 0.100
130.217 32.983 211.349
136.217 34.067 70.795
-170.683 -14.283 530.884
-81.167 -5.083 354.813
-149.567 -17.525 167.880
-123.451 48.654 316.228
100.347 5.422 530.884
-158.053 -8.977 158.489
-87.213 30.403 2.512
-75.142 39.933 89.125
22.690 63.709 0.100
158.243 6.987 446.684
-123.253 49.337 266.073
-25.672 37.735 421.697
-123.440 48.125 188.365
-59.133 47.567 251.189
-1.062 45.569 266.073
25.630 -33.960 473.151
118.575 -20.318 334.965
150.912 -34.473 446.684
57.495 -20.155 316.228
16.867 -29.250 530.884
-3.446 47.644 298.538
3.107 42.520 281.838
-127.489 50.722 59.566
-97.215 26.060 2.239
-70.247 43.657 237.137
141.600 -38.333 375.837
-5.120 54.843 39.811
-120.760 35.177 446.684
-1.112 50.803 251.189
-130.324 54.317 35.481
-71.401 41.807 19.953
-87.950 15.833 266.073
-15.417 28.133 446.684
-72.967 -41.483 118.850
-67.617 -54.933 26.607
-132.072 53.252 112.202
24.407 64.666 0.100
-159.775 -21.207 16.788
20.895 63.986 0.100
21.426 61.133 0.200
-75.573 39.558 354.813
-21.940 64.151 50.119
-134.953 -23.125 421.697
12.113 57.250 7.943
-97.047 28.022 5.623
63.418 -19.668 211.349
11.230 64.859 3.548
-3.966 48.718 105.925
150.790 -23.162 501.187
-17.750 28.683 473.151
-93.870 29.730 1.259
133.333 36.200 199.526
-2.246 47.140 89.125
-1.682 43.395 421.697
-2.028 48.641 316.228
-2.202 47.267 105.925
-66.063 45.251 281.838
145.742 15.227 5.957
133.250 35.550 66.834
17.950 -33.017 530.884
-95.203 16.160 473.151
-117.173 32.713 473.151
-80.108 -26.292 421.697
-122.465 37.807 354.813
-90.833 13.917 501.187
-66.117 18.460 298.538
-160.502 55.337 211.349
-74.009 40.467 12.589
-90.313 -0.755 398.107
-118.500 34.008 421.697
-122.339 47.603 334.965
104.115 1.932 298.538
-151.720 59.441 79.433
-149.427 60.120 125.893
-76.330 36.947 25.119
115.350 22.750 266.073
0.743 51.442 70.795
119.550 35.383 118.850
138.517 35.017 266.073
135.383 33.683 266.073
18.433 -34.183 530.884
14.358 55.557 100.000
-135.342 57.052 105.925
19.012 63.191 0.531
-135.327 59.450 44.668
12.829 55.417 25.119
11.218 58.354 9.441
-76.452 38.317 199.526
-124.043 44.625 211.349
17.531 62.363 0.158
147.933 -42.550 375.837
-78.918 33.655 375.837
-82.627 27.760 5.957
-52.717 47.567 375.837
11.832 58.093 11.885
-123.181 49.125 188.365
-2.117 49.183 398.107
18.082 59.325 3.758
-6.389 58.207 149.624
134.900 34.350 177.828
178.427 -18.132 473.151
39.600 -69.000 375.837
134.050 34.350 37.584
-81.282 -4.582 354.813
103.853 1.262 501.187
135.183 34.333 188.365
174.033 -39.050 316.228
-5.600 36.000 421.697
176.183 -37.650 473.151
117.883 4.233 707.946
-16.240 28.480 530.884
133.640 -32.150 211.349
104.140 2.807 375.837
136.850 34.467 118.850
-6.064 56.623 37.584
-125.913 49.154 94.406
139.767 35.650 33.497
132.967 32.783 5.957
5.913 43.117 211.349
146.833 -19.250 298.538
137.217 36.767 237.137
7.567 58.000 94.406
13.750 45.650 84.140
151.850 7.450 298.538
-78.730 1.817 530.884
22.101 60.428 1.000
138.883 35.017 316.228
-5.158 57.895 70.795
-166.537 53.880 316.228
133.950 34.483 26.607
135.900 33.567 63.096
132.550 33.233 199.526
21.571 63.081 0.158
-146.362 61.125 112.202
-0.330 39.460 177.828
-71.633 -33.033 501.187
-123.110 49.287 281.838
12.217 57.100 33.497
31.100 70.333 79.433
12.426 45.419 28.184
-123.370 48.422 223.872
12.579 56.142 13.335
18.284 57.639 29.854
135.150 34.217 199.526
166.617 19.283 94.406
141.683 45.400 199.526
14.500 -22.950 562.341
-77.022 38.873 3.162
174.783 -41.283 530.884
-2.448 50.608 398.107
-0.614 54.490 44.668
-3.086 58.441 177.828
-123.965 46.708 63.096
-73.782 40.793 3.758
-77.953 34.227 251.189
18.419 54.797 42.170
-62.700 45.683 70.795
-70.672 41.523 18.836
-3.568 54.651 31.623
128.102 -15.453 562.341
118.067 24.450 44.668
-139.733 59.548 79.433
138.128 9.508 167.880
-66.117 43.833 354.813
139.633 35.467 94.406
13.817 55.417 94.406
39.190 -6.155 668.344
111.833 21.583 223.872
