144.283 44.017 354.813
-2.075 57.143 446.684
131.417 31.583 149.624
-89.833 13.583 501.187
-99.912 16.840 421.697
-176.632 51.863 266.073
-122.298 37.772 446.684
-126.931 50.587 158.489
29.917 31.217 177.828
-5.433 36.117 188.365
-149.890 61.238 354.813
13.506 43.625 3.350
-76.482 38.983 141.254
-70.400 -23.650 595.662
-84.982 29.727 1.059
-171.750 -13.817 446.684
-53.983 47.300 501.187
-13.530 28.972 530.884
-123.767 46.208 375.837
-74.418 39.355 398.107
-2.715 51.511 167.880
141.500 38.300 501.187
-79.573 8.962 473.151
-76.578 39.267 100.000
-90.285 -0.437 354.813
-125.136 48.836 316.228
2.163 41.342 237.137
-68.205 44.392 398.107
16.912 41.137 167.880
12.903 55.756 70.795
-59.633 -62.483 223.872
-1.515 43.527 501.187
109.083 21.483 281.838
-128.143 52.163 89.125
-64.700 32.400 298.538
-3.050 43.357 530.884
168.350 -46.600 630.957
-6.340 36.800 446.684
141.917 -10.600 421.697
-71.052 42.355 334.965
1.578 50.727 375.837
-4.500 48.383 446.684
-73.182 41.173 89.125
153.167 -27.367 562.341
122.217 -18.000 530.884
-77.100 3.900 501.187
-58.500 -34.667 8.913
152.380 -24.767 562.341
145.915 -41.050 707.946
-109.908 22.880 630.957
-6.283 36.533 501.187
9.114 39.210 595.662
1.868 50.969 14.125
-77.150 -12.050 281.838
-76.068 38.573 354.813
-125.247 50.042 316.228
-47.925 -25.017 237.137
147.058 -19.277 421.697
18.433 -33.900 473.151
-74.960 38.968 501.187
113.652 -24.898 421.697
-75.533 10.383 473.151
-9.417 38.692 530.884
15.094 37.498 141.254
-83.032 29.135 17.783
103.187 5.265 375.837
-5.317 35.900 446.684
91.050 22.217 59.566
-124.322 43.345 421.697
-79.925 32.782 398.107
-64.920 18.335 266.073
-63.117 46.233 211.349
-1.635 49.651 530.884
-76.113 36.967 211.349
142.200 27.100 188.365
140.867 35.750 211.349
-157.472 1.982 421.697
-94.200 58.783 1.413
96.883 -12.117 446.684
-1.890 47.277 501.187
-145.753 60.558 199.526
-97.217 27.580 2.661
91.833 21.450 74.989
-124.183 41.745 375.837
-79.915 9.355 501.187
1.302 52.934 334.965
8.717 53.867 10.593
130.850 -12.467 562.341
20.385 60.032 35.481
6.933 53.326 7.943
4.746 52.965 37.584
-4.185 50.368 530.884
1.085 49.929 562.341
-2.088 47.306 375.837
108.617 19.100 354.813
1.318 51.117 316.228
-75.740 36.183 334.965
2.367 51.048 188.365
31.050 -29.867 473.151
27.917 -33.017 473.151
-109.448 -27.150 281.838
-66.985 44.903 473.151
162.387 11.430 473.151
-116.633 31.850 595.662
8.433 55.467 15.849
-79.647 0.992 501.187
121.900 -33.867 334.965
-64.267 -65.250 31.623
1.348 51.957 177.828
-81.467 30.672 501.187
-4.983 52.014 501.187
18.211 60.409 7.079
151.233 -33.850 473.151
-80.902 32.033 530.884
-95.308 28.948 8.414
115.717 -32.050 298.538
-166.288 23.868 266.073
-123.010 48.547 421.697
139.933 40.650 281.838
128.850 32.700 354.813
-123.451 48.769 334.965
179.195 -8.525 398.107
-16.907 32.640 530.884
21.231 64.916 0.708
-94.793 29.310 2.661
73.152 -0.687 354.813
11.933 54.567 53.088
102.107 6.227 354.813
-5.350 36.117 473.151
-5.698 43.558 530.884
-3.018 53.450 251.189
11.791 57.685 63.096
-89.957 29.263 1.413
136.417 -13.860 26.607
144.650 13.433 237.137
-110.900 27.933 281.838
141.533 40.533 398.107
110.283 20.017 14.962
140.717 41.783 630.957
-63.583 44.667 421.697
132.067 34.900 188.365
27.179 60.563 35.481
145.567 43.283 281.838
22.977 59.823 47.315
1.284 51.947 562.341
9.101 63.425 53.088
24.956 60.154 50.119
-2.920 54.032 59.566
115.738 -31.825 316.228
-155.067 19.733 251.189
-3.134 51.215 473.151
89.467 21.783 266.073
147.330 -42.887 316.228
4.120 51.977 37.584
-4.631 53.308 473.151
114.217 22.300 251.189
159.957 -9.425 118.850
25.973 70.980 177.828
-157.867 21.307 375.837
12.467 56.100 118.850
131.683 32.417 133.352
-6.834 37.132 562.341
-124.217 40.767 421.697
-4.111 51.211 398.107
-43.165 -22.897 334.965
-0.186 53.631 133.352
124.167 24.333 266.073
-169.530 16.738 316.228
103.792 1.462 562.341
-78.833 -33.622 595.662
-134.412 58.298 74.989
130.567 31.583 199.526
-156.467 20.900 375.837
23.096 65.697 0.944
121.282 28.088 8.913
-171.718 -2.810 630.957
120.288 22.615 281.838
154.777 1.098 316.228
21.215 62.344 1.059
139.750 35.517 354.813
121.745 25.157 125.893
101.358 3.050 562.341
102.153 2.215 501.187
24.515 65.673 0.841
70.220 -49.345 794.328
-131.625 55.333 266.073
-81.808 24.553 266.073
-5.050 58.457 50.119
-75.988 37.165 28.184
12.894 55.522 188.365
23.033 -34.050 446.684
99.817 11.795 334.965
98.425 7.832 530.884
135.183 34.683 94.406
133.567 33.500 33.497
-152.512 57.732 334.965
134.583 34.017 223.872
116.067 5.983 354.813
103.430 3.975 421.697
130.200 32.600 334.965
103.443 1.325 668.344
15.589 56.105 133.352
11.127 58.997 50.119
135.767 33.483 281.838
144.367 42.983 446.684
167.733 8.733 501.187
-8.400 43.367 473.151
-117.257 32.867 473.151
-80.917 -2.200 473.151
-110.345 24.162 630.957
-1.221 46.158 84.140
-87.817 13.333 595.662
17.865 58.742 47.315
99.765 6.432 530.884
177.433 -17.600 501.187
-4.781 48.359 530.884
0.106 49.482 334.965
-1.765 47.205 15.849
123.750 13.150 562.341
-3.182 55.990 421.697
-1.140 60.155 354.813
-1.794 46.497 281.838
-75.120 38.782 167.880
119.417 34.750 237.137
-64.753 17.697 149.624
10.299 43.546 354.813
-3.825 53.332 266.073
-80.717 -6.933 334.965
159.067 -31.517 398.107
-118.272 33.720 473.151
-64.883 47.083 199.526
1.751 52.473 16.788
15.150 -26.650 316.228
100.613 4.240 501.187
121.617 32.133 25.119
172.717 -43.600 630.957
5.113 61.934 223.872
-67.047 17.972 334.965
137.617 34.683 2.113
135.383 35.467 167.880
171.373 7.107 501.187
130.300 31.267 133.352
-4.417 36.717 473.151
134.463 7.330 421.697
73.527 4.190 530.884
-7.333 55.367 316.228
120.967 14.583 334.965
21.463 61.594 2.985
174.500 -35.833 354.813
16.837 58.554 59.566
173.200 52.833 298.538
-72.117 -17.000 530.884
132.717 33.867 334.965
-81.432 30.395 501.187
-106.422 23.198 501.187
139.817 34.917 281.838
15.563 38.196 266.073
-177.367 28.217 237.137
-5.014 51.702 501.187
-4.906 55.750 35.481
50.600 26.233 530.884
130.450 32.617 354.813
139.482 34.067 188.365
141.983 39.650 334.965
-157.800 21.433 354.813
7.421 43.729 251.189
-71.960 41.048 37.584
-121.888 36.605 446.684
22.133 -34.183 530.884
134.167 33.267 37.584
129.867 32.733 298.538
136.883 35.083 74.989
127.667 26.200 281.838
-61.683 56.550 79.433
129.842 29.842 237.137
-1.634 47.194 334.965
-70.097 41.285 251.189
176.917 -39.483 562.341
-81.808 26.132 22.387
14.269 40.841 375.837
166.905 -0.528 501.187
-159.350 21.967 118.850
129.495 28.382 266.073
-124.617 48.368 334.965
-72.087 41.355 14.125
-74.015 40.700 66.834
0.057 50.782 446.684
-5.542 50.102 530.884
-71.327 41.505 334.965
-2.987 51.550 421.697
-122.910 49.200 94.406
130.992 30.735 266.073
-1.440 55.007 281.838
-60.250 46.217 354.813
166.437 -22.292 446.684
-175.167 -21.133 562.341
-140.082 -8.930 473.151
11.950 78.933 11.220
141.717 39.067 595.662
141.750 39.017 266.073
139.383 34.783 334.965
17.097 57.366 84.140
138.217 34.617 281.838
140.900 36.933 398.107
135.433 34.650 17.783
16.478 57.275 89.125
10.734 59.909 22.387
18.497 40.147 100.000
25.418 65.040 1.000
130.217 32.983 298.538
136.217 34.067 211.349
-170.683 -14.283 530.884
-81.167 -5.083 398.107
15.275 40.032 354.813
-149.567 -17.525 177.828
-123.451 48.654 421.697
100.347 5.422 630.957
-158.053 -8.977 177.828
-87.213 30.403 4.217
-75.142 39.933 281.838
22.690 63.709 1.778
158.243 6.987 44.668
-123.253 49.337 398.107
-25.672 37.735 473.151
-123.440 48.125 298.538
-59.133 47.567 398.107
-1.062 45.569 446.684
-80.593 28.415 421.697
25.630 -33.960 501.187
118.575 -20.318 501.187
150.912 -34.473 595.662
57.495 -20.155 223.872
16.867 -29.250 595.662
138.467 -35.108 354.813
-3.446 47.644 473.151
3.107 42.520 266.073
168.300 -17.767 354.813
-6.190 55.627 223.872
-4.768 54.085 84.140
-127.489 50.722 177.828
-97.215 26.060 3.758
-70.247 43.657 398.107
141.600 -38.333 266.073
-5.120 54.843 167.880
-6.657 55.207 354.813
-120.760 35.177 473.151
-1.112 50.803 562.341
-130.324 54.317 100.000
-71.401 41.807 94.406
-148.527 70.400 84.140
55.528 -4.672 446.684
-82.860 8.273 595.662
-87.950 15.833 298.538
-15.417 28.133 501.187
-72.967 -41.483 334.965
-67.617 -54.933 177.828
-132.072 53.252 266.073
24.407 64.666 1.122
-159.775 -21.207 118.850
20.895 63.986 0.944
21.426 61.133 3.981
-75.573 39.558 446.684
55.285 -20.935 237.137
-21.940 64.151 79.433
-134.953 -23.125 446.684
12.113 57.250 42.170
-97.047 28.022 21.135
63.418 -19.668 211.349
11.230 64.859 19.953
-3.966 48.718 298.538
150.790 -23.162 530.884
-17.750 28.683 530.884
-93.870 29.730 1.496
133.333 36.200 112.202
-2.246 47.140 298.538
-1.682 43.395 530.884
-2.028 48.641 501.187
-2.202 47.267 316.228
-66.063 45.251 473.151
145.742 15.227 47.315
133.250 35.550 158.489
17.950 -33.017 446.684
-95.203 16.160 501.187
-117.173 32.713 501.187
-80.108 -26.292 595.662
-122.465 37.807 398.107
-90.833 13.917 562.341
-66.117 18.460 298.538
-75.200 -15.367 375.837
-160.502 55.337 354.813
118.067 5.810 398.107
-74.009 40.467 56.234
-90.313 -0.755 446.684
-118.500 34.008 473.151
-122.339 47.603 446.684
104.115 1.932 334.965
-151.720 59.441 199.526
-149.427 60.120 281.838
-76.330 36.947 100.000
115.350 22.750 501.187
0.743 51.442 316.228
119.550 35.383 281.838
138.517 35.017 298.538
130.933 33.933 281.838
135.383 33.683 316.228
18.433 -34.183 530.884
14.358 55.557 149.624
-135.342 57.052 266.073
19.012 63.191 0.944
-135.327 59.450 118.850
12.829 55.417 105.925
11.218 58.354 74.989
-76.452 38.317 237.137
-124.043 44.625 375.837
17.531 62.363 1.259
147.933 -42.550 354.813
-78.918 33.655 501.187
-82.627 27.760 22.387
-52.717 47.567 501.187
-57.821 -51.692 562.341
11.832 58.093 70.795
-123.181 49.125 354.813
-2.117 49.183 530.884
18.082 59.325 37.584
-6.389 58.207 334.965
134.900 34.350 266.073
178.427 -18.132 251.189
39.600 -69.000 334.965
134.050 34.350 237.137
-81.282 -4.582 375.837
103.853 1.262 530.884
135.183 34.333 281.838
174.033 -39.050 473.151
172.930 1.363 446.684
-5.600 36.000 473.151
176.183 -37.650 562.341
117.883 4.233 794.328
-16.240 28.480 562.341
133.640 -32.150 473.151
104.140 2.807 398.107
136.850 34.467 251.189
-6.064 56.623 149.624
-125.913 49.154 251.189
139.767 35.650 177.828
-109.048 25.600 501.187
132.967 32.783 35.481
5.913 43.117 237.137
146.833 -19.250 473.151
137.217 36.767 298.538
7.567 58.000 199.526
13.750 45.650 298.538
151.850 7.450 473.151
-78.730 1.817 595.662
22.101 60.428 29.854
138.883 35.017 354.813
-5.158 57.895 237.137
-166.537 53.880 316.228
133.950 34.483 281.838
135.900 33.567 199.526
132.550 33.233 266.073
21.571 63.081 0.944
-146.362 61.125 251.189
-0.330 39.460 177.828
-71.633 -33.033 630.957
-123.110 49.287 421.697
12.217 57.100 112.202
31.100 70.333 266.073
12.426 45.419 141.254
-123.370 48.422 281.838
12.579 56.142 66.834
-8.770 42.601 501.187
18.284 57.639 50.119
135.150 34.217 266.073
166.617 19.283 177.828
141.683 45.400 188.365
14.500 -22.950 421.697
-77.022 38.873 5.957
174.783 -41.283 668.344
-2.448 50.608 530.884
-0.614 54.490 223.872
-3.086 58.441 354.813
-123.965 46.708 149.624
-73.782 40.793 7.499
-77.953 34.227 375.837
18.419 54.797 125.893
-62.700 45.683 177.828
-70.672 41.523 89.125
-3.568 54.651 112.202
128.102 -15.453 530.884
118.067 24.450 223.872
-139.733 59.548 188.365
138.128 9.508 266.073
-66.117 43.833 530.884
139.633 35.467 237.137
13.817 55.417 158.489
39.190 -6.155 668.344
111.833 21.583 421.697
