144.283 44.017 13.335
-2.075 57.143 31.623
131.417 31.583 4.732
-89.833 13.583 199.526
-99.912 16.840 56.234
-176.632 51.863 59.566
-122.298 37.772 22.387
-126.931 50.587 4.467
-5.433 36.117 2.818
-149.890 61.238 18.836
-76.482 38.983 5.012
-70.400 -23.650 199.526
-53.983 47.300 39.811
-13.530 28.972 251.189
-123.767 46.208 13.335
-74.418 39.355 19.953
-2.715 51.511 15.849
141.500 38.300 33.497
-79.573 8.962 89.125
-76.578 39.267 3.548
-90.285 -0.437 59.566
-125.136 48.836 10.593
2.163 41.342 167.880
-68.205 44.392 33.497
12.903 55.756 3.350
-1.515 43.527 39.811
109.083 21.483 10.593
-128.143 52.163 2.239
-64.700 32.400 149.624
-3.050 43.357 125.893
-6.340 36.800 16.788
141.917 -10.600 37.584
-71.052 42.355 15.849
1.578 50.727 29.854
-4.500 48.383 37.584
-73.182 41.173 3.548
153.167 -27.367 354.813
122.217 -18.000 74.989
-77.100 3.900 63.096
-58.500 -34.667 1.884
152.380 -24.767 281.838
145.915 -41.050 141.254
-109.908 22.880 398.107
-6.283 36.533 63.096
1.868 50.969 2.113
-77.150 -12.050 188.365
-76.068 38.573 28.184
-125.247 50.042 8.913
-47.925 -25.017 5.012
147.058 -19.277 13.335
18.433 -33.900 167.880
-74.960 38.968 17.783
113.652 -24.898 42.170
-75.533 10.383 334.965
-9.417 38.692 39.811
15.094 37.498 3.162
103.187 5.265 42.170
-5.317 35.900 105.925
91.050 22.217 3.981
-124.322 43.345 26.607
-79.925 32.782 18.836
-64.920 18.335 21.135
-63.117 46.233 7.499
-1.635 49.651 70.795
-76.113 36.967 9.441
142.200 27.100 31.623
140.867 35.750 5.623
-157.472 1.982 141.254
-94.200 58.783 0.133
96.883 -12.117 251.189
-1.890 47.277 42.170
-145.753 60.558 7.499
-97.217 27.580 1.259
91.833 21.450 2.985
-124.183 41.745 14.962
-79.915 9.355 316.228
1.302 52.934 11.885
8.717 53.867 2.239
130.850 -12.467 125.893
20.385 60.032 0.211
6.933 53.326 1.995
4.746 52.965 3.548
-4.185 50.368 59.566
1.085 49.929 158.489
-2.088 47.306 14.962
108.617 19.100 118.850
1.318 51.117 10.593
-75.740 36.183 21.135
2.367 51.048 5.957
31.050 -29.867 50.119
27.917 -33.017 118.850
-109.448 -27.150 5.957
-66.985 44.903 47.315
162.387 11.430 398.107
-116.633 31.850 375.837
8.433 55.467 2.661
-79.647 0.992 59.566
121.900 -33.867 17.783
-64.267 -65.250 5.623
1.348 51.957 5.309
-81.467 30.672 50.119
-4.983 52.014 47.315
18.211 60.409 0.398
151.233 -33.850 167.880
-80.902 32.033 70.795
-95.308 28.948 1.778
115.717 -32.050 26.607
-166.288 23.868 188.365
139.933 40.650 118.850
128.850 32.700 188.365
-123.451 48.769 16.788
179.195 -8.525 237.137
-16.907 32.640 334.965
21.231 64.916 0.119
-94.793 29.310 1.334
73.152 -0.687 421.697
11.933 54.567 3.162
102.107 6.227 19.953
-5.350 36.117 354.813
-3.018 53.450 11.885
11.791 57.685 2.371
-89.957 29.263 1.059
144.650 13.433 133.352
-110.900 27.933 105.925
141.533 40.533 125.893
110.283 20.017 1.884
140.717 41.783 112.202
-63.583 44.667 29.854
132.067 34.900 3.162
27.179 60.563 1.679
145.567 43.283 23.714
22.977 59.823 1.585
1.284 51.947 28.184
9.101 63.425 1.585
24.956 60.154 1.884
-2.920 54.032 3.981
115.738 -31.825 19.953
-155.067 19.733 141.254
-3.134 51.215 74.989
89.467 21.783 7.943
147.330 -42.887 14.962
4.120 51.977 2.985
-4.631 53.308 26.607
114.217 22.300 5.012
159.957 -9.425 223.872
25.973 70.980 5.012
-157.867 21.307 298.538
12.467 56.100 7.079
131.683 32.417 3.981
-124.217 40.767 26.607
-4.111 51.211 39.811
-43.165 -22.897 13.335
-0.186 53.631 6.310
124.167 24.333 10.593
-169.530 16.738 19.953
103.792 1.462 84.140
-78.833 -33.622 473.151
-134.412 58.298 3.350
130.567 31.583 6.310
-156.467 20.900 298.538
23.096 65.697 0.106
121.282 28.088 1.778
-171.718 -2.810 199.526
120.288 22.615 70.795
154.777 1.098 199.526
21.215 62.344 0.355
139.750 35.517 53.088
121.745 25.157 3.162
101.358 3.050 84.140
102.153 2.215 158.489
24.515 65.673 0.266
70.220 -49.345 595.662
-131.625 55.333 9.441
-81.808 24.553 141.254
-5.050 58.457 2.985
12.894 55.522 14.125
23.033 -34.050 12.589
99.817 11.795 59.566
98.425 7.832 298.538
135.183 34.683 2.661
133.567 33.500 1.995
-152.512 57.732 11.220
134.583 34.017 5.957
116.067 5.983 37.584
103.430 3.975 53.088
130.200 32.600 74.989
103.443 1.325 211.349
15.589 56.105 15.849
11.127 58.997 1.778
135.767 33.483 23.714
144.367 42.983 8.913
167.733 8.733 398.107
-8.400 43.367 74.989
-117.257 32.867 223.872
-80.917 -2.200 133.352
-110.345 24.162 334.965
-1.221 46.158 3.981
-87.817 13.333 334.965
17.865 58.742 2.113
99.765 6.432 199.526
177.433 -17.600 125.893
-4.781 48.359 94.406
0.106 49.482 11.885
-1.765 47.205 2.113
123.750 13.150 199.526
-3.182 55.990 21.135
-1.140 60.155 28.184
-1.794 46.497 10.000
-75.120 38.782 4.467
119.417 34.750 8.414
-64.753 17.697 3.981
10.299 43.546 112.202
-3.825 53.332 12.589
-80.717 -6.933 22.387
159.067 -31.517 59.566
-118.272 33.720 141.254
-64.883 47.083 25.119
1.751 52.473 2.371
15.150 -26.650 446.684
100.613 4.240 125.893
121.617 32.133 2.818
5.113 61.934 7.079
-67.047 17.972 84.140
137.617 34.683 1.189
135.383 35.467 84.140
171.373 7.107 298.538
130.300 31.267 3.548
-4.417 36.717 177.828
134.463 7.330 251.189
73.527 4.190 421.697
-7.333 55.367 12.589
120.967 14.583 84.140
21.463 61.594 0.266
174.500 -35.833 22.387
16.837 58.554 3.981
173.200 52.833 237.137
-72.117 -17.000 281.838
132.717 33.867 17.783
-81.432 30.395 118.850
-106.422 23.198 177.828
139.817 34.917 16.788
15.563 38.196 223.872
-177.367 28.217 15.849
-5.014 51.702 44.668
-4.906 55.750 2.661
50.600 26.233 13.335
130.450 32.617 56.234
139.482 34.067 11.220
141.983 39.650 167.880
-157.800 21.433 298.538
7.421 43.729 141.254
-71.960 41.048 2.512
-121.888 36.605 105.925
22.133 -34.183 70.795
134.167 33.267 1.995
129.867 32.733 100.000
136.883 35.083 2.661
127.667 26.200 53.088
129.842 29.842 22.387
-1.634 47.194 17.783
-70.097 41.285 7.943
176.917 -39.483 473.151
14.269 40.841 266.073
166.905 -0.528 84.140
-159.350 21.967 112.202
129.495 28.382 47.315
-124.617 48.368 19.953
-72.087 41.355 2.113
-74.015 40.700 3.162
0.057 50.782 16.788
-5.542 50.102 66.834
-71.327 41.505 11.885
-122.910 49.200 3.548
130.992 30.735 59.566
-1.440 55.007 8.913
-60.250 46.217 42.170
166.437 -22.292 334.965
-175.167 -21.133 281.838
-140.082 -8.930 266.073
11.950 78.933 0.631
141.717 39.067 63.096
141.750 39.017 56.234
139.383 34.783 84.140
17.097 57.366 7.499
138.217 34.617 14.962
140.900 36.933 12.589
135.433 34.650 1.884
16.478 57.275 7.943
10.734 59.909 1.496
25.418 65.040 0.100
130.217 32.983 21.135
136.217 34.067 5.012
-170.683 -14.283 354.813
-81.167 -5.083 44.668
-149.567 -17.525 8.414
-123.451 48.654 26.607
100.347 5.422 105.925
-158.053 -8.977 14.962
-87.213 30.403 1.496
-75.142 39.933 7.079
22.690 63.709 0.100
158.243 6.987 251.189
-123.253 49.337 19.953
-25.672 37.735 211.349
-123.440 48.125 12.589
-59.133 47.567 70.795
-1.062 45.569 29.854
25.630 -33.960 89.125
118.575 -20.318 42.170
150.912 -34.473 266.073
57.495 -20.155 188.365
16.867 -29.250 298.538
-3.446 47.644 35.481
3.107 42.520 158.489
-127.489 50.722 4.217
-97.215 26.060 1.334
-70.247 43.657 42.170
141.600 -38.333 74.989
-5.120 54.843 5.623
-120.760 35.177 105.925
-1.112 50.803 19.953
-130.324 54.317 2.512
-71.401 41.807 3.162
-87.950 15.833 223.872
-15.417 28.133 141.254
-72.967 -41.483 21.135
-67.617 -54.933 7.943
-132.072 53.252 8.913
24.407 64.666 0.100
-159.775 -21.207 2.371
20.895 63.986 0.133
21.426 61.133 0.211
-75.573 39.558 53.088
-21.940 64.151 4.467
-134.953 -23.125 281.838
12.113 57.250 2.113
-97.047 28.022 1.778
63.418 -19.668 10.000
11.230 64.859 1.413
-3.966 48.718 14.962
150.790 -23.162 177.828
-17.750 28.683 281.838
-93.870 29.730 1.059
133.333 36.200 133.352
-2.246 47.140 10.000
-1.682 43.395 70.795
-2.028 48.641 94.406
-2.202 47.267 13.335
-66.063 45.251 53.088
145.742 15.227 1.778
133.250 35.550 3.548
17.950 -33.017 354.813
-95.203 16.160 105.925
-117.173 32.713 188.365
-80.108 -26.292 298.538
-122.465 37.807 23.714
-90.833 13.917 251.189
-66.117 18.460 63.096
-160.502 55.337 17.783
-74.009 40.467 2.985
-90.313 -0.755 281.838
-118.500 34.008 63.096
-122.339 47.603 25.119
104.115 1.932 29.854
-151.720 59.441 8.414
-149.427 60.120 11.220
-76.330 36.947 4.217
115.350 22.750 19.953
0.743 51.442 9.441
119.550 35.383 13.335
138.517 35.017 22.387
135.383 33.683 31.623
18.433 -34.183 266.073
14.358 55.557 31.623
-135.342 57.052 7.943
19.012 63.191 0.596
-135.327 59.450 4.217
12.829 55.417 4.732
11.218 58.354 1.995
-76.452 38.317 29.854
-124.043 44.625 12.589
17.531 62.363 0.200
147.933 -42.550 84.140
-78.918 33.655 44.668
-82.627 27.760 1.995
-52.717 47.567 112.202
11.832 58.093 2.661
-123.181 49.125 12.589
-2.117 49.183 125.893
18.082 59.325 0.841
-6.389 58.207 21.135
134.900 34.350 11.220
178.427 -18.132 223.872
39.600 -69.000 141.254
134.050 34.350 3.981
-81.282 -4.582 37.584
103.853 1.262 56.234
135.183 34.333 14.125
174.033 -39.050 25.119
-5.600 36.000 66.834
176.183 -37.650 211.349
117.883 4.233 446.684
-16.240 28.480 375.837
133.640 -32.150 19.953
104.140 2.807 66.834
136.850 34.467 7.079
-6.064 56.623 6.310
-125.913 49.154 6.683
139.767 35.650 3.981
132.967 32.783 1.995
5.913 43.117 17.783
146.833 -19.250 28.184
137.217 36.767 118.850
7.567 58.000 11.885
13.750 45.650 8.414
151.850 7.450 118.850
-78.730 1.817 94.406
22.101 60.428 0.562
138.883 35.017 56.234
-5.158 57.895 10.000
-166.537 53.880 125.893
133.950 34.483 3.548
135.900 33.567 4.467
132.550 33.233 16.788
21.571 63.081 0.211
-146.362 61.125 10.000
-0.330 39.460 63.096
-71.633 -33.033 199.526
-123.110 49.287 23.714
12.217 57.100 5.309
31.100 70.333 10.593
12.426 45.419 3.981
-123.370 48.422 17.783
12.579 56.142 3.162
18.284 57.639 13.335
135.150 34.217 14.962
166.617 19.283 4.217
141.683 45.400 37.584
14.500 -22.950 421.697
-77.022 38.873 1.679
174.783 -41.283 251.189
-2.448 50.608 47.315
-0.614 54.490 7.079
-3.086 58.441 25.119
-123.965 46.708 7.079
-73.782 40.793 1.884
-77.953 34.227 18.836
18.419 54.797 7.079
-62.700 45.683 8.414
-70.672 41.523 3.162
-3.568 54.651 5.623
128.102 -15.453 125.893
118.067 24.450 6.310
-139.733 59.548 6.683
138.128 9.508 6.310
-66.117 43.833 79.433
139.633 35.467 6.310
13.817 55.417 23.714
39.190 -6.155 266.073
111.833 21.583 18.836
