144.283 44.017 375.837
-2.075 57.143 421.697
131.417 31.583 133.352
-89.833 13.583 668.344
-99.912 16.840 501.187
-176.632 51.863 223.872
-122.298 37.772 530.884
-126.931 50.587 211.349
-5.433 36.117 125.893
-149.890 61.238 421.697
-76.482 38.983 133.352
-70.400 -23.650 562.341
-53.983 47.300 501.187
-13.530 28.972 562.341
-123.767 46.208 446.684
-74.418 39.355 398.107
-2.715 51.511 141.254
141.500 38.300 530.884
-79.573 8.962 501.187
-76.578 39.267 74.989
-90.285 -0.437 446.684
-125.136 48.836 398.107
2.163 41.342 251.189
-68.205 44.392 375.837
12.903 55.756 35.481
-1.515 43.527 530.884
109.083 21.483 237.137
-128.143 52.163 112.202
-64.700 32.400 501.187
-3.050 43.357 562.341
-6.340 36.800 446.684
141.917 -10.600 398.107
-71.052 42.355 298.538
1.578 50.727 354.813
-4.500 48.383 446.684
-73.182 41.173 53.088
153.167 -27.367 668.344
122.217 -18.000 530.884
-77.100 3.900 530.884
-58.500 -34.667 5.012
152.380 -24.767 630.957
145.915 -41.050 749.894
-109.908 22.880 668.344
-6.283 36.533 530.884
1.868 50.969 9.441
-77.150 -12.050 562.341
-76.068 38.573 334.965
-125.247 50.042 398.107
-47.925 -25.017 105.925
147.058 -19.277 398.107
18.433 -33.900 630.957
-74.960 38.968 473.151
113.652 -24.898 446.684
-75.533 10.383 473.151
-9.417 38.692 562.341
15.094 37.498 167.880
103.187 5.265 375.837
-5.317 35.900 473.151
91.050 22.217 37.584
-124.322 43.345 501.187
-79.925 32.782 421.697
-64.920 18.335 446.684
-63.117 46.233 167.880
-1.635 49.651 562.341
-76.113 36.967 199.526
142.200 27.100 223.872
140.867 35.750 223.872
-157.472 1.982 398.107
-94.200 58.783 1.189
96.883 -12.117 446.684
-1.890 47.277 530.884
-145.753 60.558 251.189
-97.217 27.580 2.512
91.833 21.450 35.481
-124.183 41.745 446.684
-79.915 9.355 473.151
1.302 52.934 211.349
8.717 53.867 7.499
130.850 -12.467 630.957
20.385 60.032 6.683
6.933 53.326 5.957
4.746 52.965 23.714
-4.185 50.368 501.187
1.085 49.929 595.662
-2.088 47.306 334.965
108.617 19.100 398.107
1.318 51.117 188.365
-75.740 36.183 354.813
2.367 51.048 100.000
31.050 -29.867 530.884
27.917 -33.017 562.341
-109.448 -27.150 266.073
-66.985 44.903 446.684
162.387 11.430 668.344
-116.633 31.850 630.957
8.433 55.467 11.220
-79.647 0.992 595.662
121.900 -33.867 398.107
-64.267 -65.250 0.355
1.348 51.957 84.140
-81.467 30.672 473.151
-4.983 52.014 501.187
18.211 60.409 1.679
151.233 -33.850 530.884
-80.902 32.033 501.187
-95.308 28.948 6.683
115.717 -32.050 316.228
-166.288 23.868 446.684
139.933 40.650 298.538
128.850 32.700 421.697
-123.451 48.769 421.697
179.195 -8.525 473.151
-16.907 32.640 530.884
21.231 64.916 0.237
-94.793 29.310 2.371
73.152 -0.687 595.662
11.933 54.567 29.854
102.107 6.227 398.107
-5.350 36.117 446.684
-3.018 53.450 167.880
11.791 57.685 29.854
-89.957 29.263 1.334
144.650 13.433 421.697
-110.900 27.933 334.965
141.533 40.533 473.151
110.283 20.017 8.414
140.717 41.783 749.894
-63.583 44.667 421.697
132.067 34.900 158.489
27.179 60.563 13.335
145.567 43.283 375.837
22.977 59.823 19.953
1.284 51.947 501.187
9.101 63.425 21.135
24.956 60.154 19.953
-2.920 54.032 39.811
115.738 -31.825 251.189
-155.067 19.733 421.697
-3.134 51.215 421.697
89.467 21.783 211.349
147.330 -42.887 398.107
4.120 51.977 21.135
-4.631 53.308 398.107
114.217 22.300 149.624
159.957 -9.425 446.684
25.973 70.980 125.893
-157.867 21.307 501.187
12.467 56.100 84.140
131.683 32.417 112.202
-124.217 40.767 501.187
-4.111 51.211 354.813
-43.165 -22.897 375.837
-0.186 53.631 84.140
124.167 24.333 266.073
-169.530 16.738 398.107
103.792 1.462 630.957
-78.833 -33.622 630.957
-134.412 58.298 89.125
130.567 31.583 188.365
-156.467 20.900 668.344
23.096 65.697 0.282
121.282 28.088 5.957
-171.718 -2.810 562.341
120.288 22.615 354.813
154.777 1.098 501.187
21.215 62.344 0.531
139.750 35.517 398.107
121.745 25.157 70.795
101.358 3.050 595.662
102.153 2.215 530.884
24.515 65.673 0.422
70.220 -49.345 1000.000
-131.625 55.333 316.228
-81.808 24.553 473.151
-5.050 58.457 33.497
12.894 55.522 149.624
23.033 -34.050 501.187
99.817 11.795 375.837
98.425 7.832 446.684
135.183 34.683 37.584
133.567 33.500 14.125
-152.512 57.732 375.837
134.583 34.017 223.872
116.067 5.983 398.107
103.430 3.975 421.697
130.200 32.600 398.107
103.443 1.325 707.946
15.589 56.105 125.893
11.127 58.997 19.953
135.767 33.483 334.965
144.367 42.983 501.187
167.733 8.733 630.957
-8.400 43.367 501.187
-117.257 32.867 630.957
-80.917 -2.200 530.884
-110.345 24.162 668.344
-1.221 46.158 56.234
-87.817 13.333 630.957
17.865 58.742 31.623
99.765 6.432 562.341
177.433 -17.600 562.341
-4.781 48.359 562.341
0.106 49.482 281.838
-1.765 47.205 11.885
123.750 13.150 562.341
-3.182 55.990 354.813
-1.140 60.155 334.965
-1.794 46.497 237.137
-75.120 38.782 105.925
119.417 34.750 149.624
-64.753 17.697 211.349
10.299 43.546 334.965
-3.825 53.332 177.828
-80.717 -6.933 398.107
159.067 -31.517 501.187
-118.272 33.720 473.151
-64.883 47.083 177.828
1.751 52.473 10.593
15.150 -26.650 530.884
100.613 4.240 562.341
121.617 32.133 14.962
5.113 61.934 188.365
-67.047 17.972 398.107
137.617 34.683 1.884
135.383 35.467 251.189
171.373 7.107 562.341
130.300 31.267 84.140
-4.417 36.717 473.151
134.463 7.330 501.187
73.527 4.190 707.946
-7.333 55.367 251.189
120.967 14.583 375.837
21.463 61.594 0.750
174.500 -35.833 375.837
16.837 58.554 47.315
173.200 52.833 421.697
-72.117 -17.000 562.341
132.717 33.867 375.837
-81.432 30.395 501.187
-106.422 23.198 530.884
139.817 34.917 334.965
15.563 38.196 266.073
-177.367 28.217 266.073
-5.014 51.702 473.151
-4.906 55.750 23.714
50.600 26.233 562.341
130.450 32.617 398.107
139.482 34.067 199.526
141.983 39.650 473.151
-157.800 21.433 501.187
7.421 43.729 251.189
-71.960 41.048 23.714
-121.888 36.605 630.957
22.133 -34.183 595.662
134.167 33.267 14.962
129.867 32.733 281.838
136.883 35.083 35.481
127.667 26.200 334.965
129.842 29.842 266.073
-1.634 47.194 334.965
-70.097 41.285 223.872
176.917 -39.483 707.946
14.269 40.841 375.837
166.905 -0.528 595.662
-159.350 21.967 446.684
129.495 28.382 298.538
-124.617 48.368 421.697
-72.087 41.355 9.441
-74.015 40.700 42.170
0.057 50.782 354.813
-5.542 50.102 562.341
-71.327 41.505 298.538
-122.910 49.200 125.893
130.992 30.735 298.538
-1.440 55.007 177.828
-60.250 46.217 334.965
166.437 -22.292 630.957
-175.167 -21.133 530.884
-140.082 -8.930 668.344
11.950 78.933 33.497
141.717 39.067 668.344
141.750 39.017 630.957
139.383 34.783 375.837
17.097 57.366 70.795
138.217 34.617 334.965
140.900 36.933 473.151
135.433 34.650 9.441
16.478 57.275 74.989
10.734 59.909 10.000
25.418 65.040 0.251
130.217 32.983 334.965
136.217 34.067 211.349
-170.683 -14.283 530.884
-81.167 -5.083 446.684
-149.567 -17.525 237.137
-123.451 48.654 473.151
100.347 5.422 707.946
-158.053 -8.977 211.349
-87.213 30.403 3.758
-75.142 39.933 237.137
22.690 63.709 0.200
158.243 6.987 595.662
-123.253 49.337 473.151
-25.672 37.735 501.187
-123.440 48.125 354.813
-59.133 47.567 354.813
-1.062 45.569 446.684
25.630 -33.960 562.341
118.575 -20.318 530.884
150.912 -34.473 562.341
57.495 -20.155 354.813
16.867 -29.250 630.957
-3.446 47.644 501.187
3.107 42.520 281.838
-127.489 50.722 237.137
-97.215 26.060 3.162
-70.247 43.657 375.837
141.600 -38.333 473.151
-5.120 54.843 112.202
-120.760 35.177 501.187
-1.112 50.803 530.884
-130.324 54.317 133.352
-71.401 41.807 59.566
-87.950 15.833 298.538
-15.417 28.133 595.662
-72.967 -41.483 177.828
-67.617 -54.933 22.387
-132.072 53.252 316.228
24.407 64.666 0.251
-159.775 -21.207 79.433
20.895 63.986 0.266
21.426 61.133 0.708
-75.573 39.558 473.151
-21.940 64.151 149.624
-134.953 -23.125 421.697
12.113 57.250 21.135
-97.047 28.022 14.962
63.418 -19.668 316.228
11.230 64.859 10.000
-3.966 48.718 251.189
150.790 -23.162 562.341
-17.750 28.683 562.341
-93.870 29.730 1.413
133.333 36.200 266.073
-2.246 47.140 237.137
-1.682 43.395 530.884
-2.028 48.641 473.151
-2.202 47.267 266.073
-66.063 45.251 446.684
145.742 15.227 21.135
133.250 35.550 158.489
17.950 -33.017 595.662
-95.203 16.160 630.957
-117.173 32.713 630.957
-80.108 -26.292 562.341
-122.465 37.807 473.151
-90.833 13.917 595.662
-66.117 18.460 473.151
-160.502 55.337 375.837
-74.009 40.467 31.623
-90.313 -0.755 501.187
-118.500 34.008 501.187
-122.339 47.603 530.884
104.115 1.932 398.107
-151.720 59.441 199.526
-149.427 60.120 316.228
-76.330 36.947 70.795
115.350 22.750 501.187
0.743 51.442 199.526
119.550 35.383 251.189
138.517 35.017 334.965
135.383 33.683 334.965
18.433 -34.183 630.957
14.358 55.557 141.254
-135.342 57.052 334.965
19.012 63.191 0.708
-135.327 59.450 141.254
12.829 55.417 59.566
11.218 58.354 35.481
-76.452 38.317 251.189
-124.043 44.625 473.151
17.531 62.363 0.398
147.933 -42.550 501.187
-78.918 33.655 501.187
-82.627 27.760 13.335
-52.717 47.567 473.151
11.832 58.093 35.481
-123.181 49.125 446.684
-2.117 49.183 562.341
18.082 59.325 16.788
-6.389 58.207 316.228
134.900 34.350 298.538
178.427 -18.132 595.662
39.600 -69.000 473.151
134.050 34.350 158.489
-81.282 -4.582 421.697
103.853 1.262 562.341
135.183 34.333 298.538
174.033 -39.050 501.187
-5.600 36.000 473.151
176.183 -37.650 562.341
117.883 4.233 794.328
-16.240 28.480 562.341
133.640 -32.150 473.151
104.140 2.807 446.684
136.850 34.467 266.073
-6.064 56.623 105.925
-125.913 49.154 316.228
139.767 35.650 118.850
132.967 32.783 13.335
5.913 43.117 281.838
146.833 -19.250 501.187
137.217 36.767 281.838
7.567 58.000 167.880
13.750 45.650 281.838
151.850 7.450 421.697
-78.730 1.817 630.957
22.101 60.428 5.309
138.883 35.017 375.837
-5.158 57.895 188.365
-166.537 53.880 354.813
133.950 34.483 105.925
135.900 33.567 188.365
132.550 33.233 316.228
21.571 63.081 0.355
-146.362 61.125 298.538
-0.330 39.460 223.872
-71.633 -33.033 595.662
-123.110 49.287 530.884
12.217 57.100 84.140
31.100 70.333 199.526
12.426 45.419 100.000
-123.370 48.422 316.228
12.579 56.142 31.623
18.284 57.639 47.315
135.150 34.217 298.538
166.617 19.283 199.526
141.683 45.400 251.189
14.500 -22.950 595.662
-77.022 38.873 4.732
174.783 -41.283 707.946
-2.448 50.608 530.884
-0.614 54.490 125.893
-3.086 58.441 354.813
-123.965 46.708 177.828
-73.782 40.793 5.957
-77.953 34.227 354.813
18.419 54.797 94.406
-62.700 45.683 149.624
-70.672 41.523 56.234
-3.568 54.651 79.433
128.102 -15.453 668.344
118.067 24.450 118.850
-139.733 59.548 237.137
138.128 9.508 298.538
-66.117 43.833 501.187
139.633 35.467 223.872
13.817 55.417 149.624
39.190 -6.155 749.894
111.833 21.583 421.697
