144.283 44.017 26.607
-2.075 57.143 53.088
131.417 31.583 7.079
-89.833 13.583 298.538
-99.912 16.840 105.925
-176.632 51.863 89.125
-122.298 37.772 39.811
-126.931 50.587 6.310
-5.433 36.117 4.217
-149.890 61.238 23.714
-76.482 38.983 6.683
-70.400 -23.650 316.228
-53.983 47.300 70.795
-13.530 28.972 375.837
-123.767 46.208 17.783
-74.418 39.355 29.854
-2.715 51.511 22.387
141.500 38.300 94.406
-79.573 8.962 141.254
-76.578 39.267 4.217
-90.285 -0.437 105.925
-125.136 48.836 13.335
2.163 41.342 188.365
-68.205 44.392 59.566
12.903 55.756 5.309
-1.515 43.527 79.433
109.083 21.483 17.783
-128.143 52.163 2.985
-64.700 32.400 167.880
-3.050 43.357 199.526
-6.340 36.800 31.623
141.917 -10.600 63.096
-71.052 42.355 25.119
1.578 50.727 47.315
-4.500 48.383 59.566
-73.182 41.173 4.217
153.167 -27.367 501.187
122.217 -18.000 112.202
-77.100 3.900 105.925
-58.500 -34.667 2.113
152.380 -24.767 421.697
145.915 -41.050 251.189
-109.908 22.880 446.684
-6.283 36.533 118.850
1.868 50.969 2.512
-77.150 -12.050 266.073
-76.068 38.573 47.315
-125.247 50.042 12.589
-47.925 -25.017 7.499
147.058 -19.277 25.119
18.433 -33.900 281.838
-74.960 38.968 29.854
113.652 -24.898 84.140
-75.533 10.383 354.813
-9.417 38.692 74.989
15.094 37.498 4.732
103.187 5.265 74.989
-5.317 35.900 251.189
91.050 22.217 5.623
-124.322 43.345 37.584
-79.925 32.782 33.497
-64.920 18.335 56.234
-63.117 46.233 16.788
-1.635 49.651 125.893
-76.113 36.967 12.589
142.200 27.100 63.096
140.867 35.750 9.441
-157.472 1.982 199.526
-94.200 58.783 0.178
96.883 -12.117 281.838
-1.890 47.277 70.795
-145.753 60.558 9.441
-97.217 27.580 1.334
91.833 21.450 3.981
-124.183 41.745 21.135
-79.915 9.355 334.965
1.302 52.934 19.953
8.717 53.867 2.818
130.850 -12.467 199.526
20.385 60.032 1.496
6.933 53.326 2.371
4.746 52.965 5.012
-4.185 50.368 89.125
1.085 49.929 237.137
-2.088 47.306 23.714
108.617 19.100 188.365
1.318 51.117 15.849
-75.740 36.183 31.623
2.367 51.048 8.913
31.050 -29.867 100.000
27.917 -33.017 199.526
-109.448 -27.150 9.441
-66.985 44.903 79.433
162.387 11.430 446.684
-116.633 31.850 446.684
8.433 55.467 3.350
-79.647 0.992 105.925
121.900 -33.867 29.854
-64.267 -65.250 10.593
1.348 51.957 7.499
-81.467 30.672 84.140
-4.983 52.014 70.795
18.211 60.409 0.794
151.233 -33.850 298.538
-80.902 32.033 125.893
-95.308 28.948 1.995
115.717 -32.050 47.315
-166.288 23.868 223.872
139.933 40.650 177.828
128.850 32.700 251.189
-123.451 48.769 22.387
179.195 -8.525 298.538
-16.907 32.640 398.107
21.231 64.916 0.200
-94.793 29.310 1.334
73.152 -0.687 421.697
11.933 54.567 4.467
102.107 6.227 44.668
-5.350 36.117 398.107
-3.018 53.450 22.387
11.791 57.685 3.981
-89.957 29.263 1.059
144.650 13.433 167.880
-110.900 27.933 149.624
141.533 40.533 211.349
110.283 20.017 2.239
140.717 41.783 281.838
-63.583 44.667 44.668
132.067 34.900 5.012
27.179 60.563 3.350
145.567 43.283 56.234
22.977 59.823 3.758
1.284 51.947 47.315
9.101 63.425 3.350
24.956 60.154 4.217
-2.920 54.032 6.310
115.738 -31.825 35.481
-155.067 19.733 223.872
-3.134 51.215 105.925
89.467 21.783 12.589
147.330 -42.887 31.623
4.120 51.977 4.217
-4.631 53.308 42.170
114.217 22.300 7.943
159.957 -9.425 223.872
25.973 70.980 14.125
-157.867 21.307 316.228
12.467 56.100 13.335
131.683 32.417 5.623
-124.217 40.767 37.584
-4.111 51.211 56.234
-43.165 -22.897 26.607
-0.186 53.631 8.414
124.167 24.333 17.783
-169.530 16.738 50.119
103.792 1.462 177.828
-78.833 -33.622 501.187
-134.412 58.298 4.217
130.567 31.583 11.220
-156.467 20.900 354.813
23.096 65.697 0.200
121.282 28.088 2.113
-171.718 -2.810 281.838
120.288 22.615 133.352
154.777 1.098 266.073
21.215 62.344 0.473
139.750 35.517 105.925
121.745 25.157 4.467
101.358 3.050 133.352
102.153 2.215 281.838
24.515 65.673 0.376
70.220 -49.345 707.946
-131.625 55.333 12.589
-81.808 24.553 211.349
-5.050 58.457 3.981
12.894 55.522 26.607
23.033 -34.050 19.953
99.817 11.795 118.850
98.425 7.832 398.107
135.183 34.683 3.548
133.567 33.500 2.512
-152.512 57.732 17.783
134.583 34.017 10.593
116.067 5.983 79.433
103.430 3.975 94.406
130.200 32.600 141.254
103.443 1.325 354.813
15.589 56.105 35.481
11.127 58.997 2.818
135.767 33.483 56.234
144.367 42.983 16.788
167.733 8.733 473.151
-8.400 43.367 118.850
-117.257 32.867 316.228
-80.917 -2.200 211.349
-110.345 24.162 398.107
-1.221 46.158 5.309
-87.817 13.333 421.697
17.865 58.742 6.683
99.765 6.432 298.538
177.433 -17.600 199.526
-4.781 48.359 133.352
0.106 49.482 22.387
-1.765 47.205 2.512
123.750 13.150 298.538
-3.182 55.990 37.584
-1.140 60.155 56.234
-1.794 46.497 14.962
-75.120 38.782 6.310
119.417 34.750 13.335
-64.753 17.697 5.957
10.299 43.546 188.365
-3.825 53.332 23.714
-80.717 -6.933 47.315
159.067 -31.517 125.893
-118.272 33.720 223.872
-64.883 47.083 35.481
1.751 52.473 2.818
15.150 -26.650 473.151
100.613 4.240 223.872
121.617 32.133 3.548
5.113 61.934 15.849
-67.047 17.972 133.352
137.617 34.683 1.259
135.383 35.467 118.850
171.373 7.107 375.837
130.300 31.267 5.309
-4.417 36.717 298.538
134.463 7.330 298.538
73.527 4.190 421.697
-7.333 55.367 22.387
120.967 14.583 158.489
21.463 61.594 0.501
174.500 -35.833 53.088
16.837 58.554 13.335
173.200 52.833 251.189
-72.117 -17.000 334.965
132.717 33.867 33.497
-81.432 30.395 188.365
-106.422 23.198 251.189
139.817 34.917 35.481
15.563 38.196 211.349
-177.367 28.217 28.184
-5.014 51.702 66.834
-4.906 55.750 3.758
50.600 26.233 35.481
130.450 32.617 118.850
139.482 34.067 19.953
141.983 39.650 237.137
-157.800 21.433 334.965
7.421 43.729 177.828
-71.960 41.048 3.162
-121.888 36.605 167.880
22.133 -34.183 125.893
134.167 33.267 2.512
129.867 32.733 177.828
136.883 35.083 3.548
127.667 26.200 100.000
129.842 29.842 47.315
-1.634 47.194 28.184
-70.097 41.285 12.589
176.917 -39.483 562.341
14.269 40.841 281.838
166.905 -0.528 167.880
-159.350 21.967 177.828
129.495 28.382 94.406
-124.617 48.368 25.119
-72.087 41.355 2.371
-74.015 40.700 3.758
0.057 50.782 31.623
-5.542 50.102 105.925
-71.327 41.505 18.836
-122.910 49.200 3.981
130.992 30.735 112.202
-1.440 55.007 14.962
-60.250 46.217 66.834
166.437 -22.292 375.837
-175.167 -21.133 334.965
-140.082 -8.930 354.813
11.950 78.933 0.891
141.717 39.067 167.880
141.750 39.017 141.254
139.383 34.783 158.489
17.097 57.366 18.836
138.217 34.617 33.497
140.900 36.933 33.497
135.433 34.650 2.239
16.478 57.275 19.953
10.734 59.909 2.239
25.418 65.040 0.178
130.217 32.983 42.170
136.217 34.067 8.414
-170.683 -14.283 398.107
-81.167 -5.083 84.140
-149.567 -17.525 19.953
-123.451 48.654 35.481
100.347 5.422 223.872
-158.053 -8.977 31.623
-87.213 30.403 1.585
-75.142 39.933 8.913
22.690 63.709 0.133
158.243 6.987 316.228
-123.253 49.337 25.119
-25.672 37.735 281.838
-123.440 48.125 16.788
-59.133 47.567 112.202
-1.062 45.569 50.119
25.630 -33.960 149.624
118.575 -20.318 70.795
150.912 -34.473 398.107
57.495 -20.155 211.349
16.867 -29.250 421.697
-3.446 47.644 59.566
3.107 42.520 199.526
-127.489 50.722 5.957
-97.215 26.060 1.413
-70.247 43.657 59.566
141.600 -38.333 141.254
-5.120 54.843 7.499
-120.760 35.177 177.828
-1.112 50.803 39.811
-130.324 54.317 3.981
-71.401 41.807 4.217
-87.950 15.833 223.872
-15.417 28.133 251.189
-72.967 -41.483 29.854
-67.617 -54.933 12.589
-132.072 53.252 11.885
24.407 64.666 0.200
-159.775 -21.207 2.985
20.895 63.986 0.237
21.426 61.133 0.447
-75.573 39.558 84.140
-21.940 64.151 7.499
-134.953 -23.125 316.228
12.113 57.250 3.350
-97.047 28.022 1.995
63.418 -19.668 17.783
11.230 64.859 2.239
-3.966 48.718 22.387
150.790 -23.162 281.838
-17.750 28.683 375.837
-93.870 29.730 1.059
133.333 36.200 158.489
-2.246 47.140 15.849
-1.682 43.395 125.893
-2.028 48.641 133.352
-2.202 47.267 21.135
-66.063 45.251 89.125
145.742 15.227 2.113
133.250 35.550 7.079
17.950 -33.017 446.684
-95.203 16.160 177.828
-117.173 32.713 281.838
-80.108 -26.292 354.813
-122.465 37.807 37.584
-90.833 13.917 334.965
-66.117 18.460 118.850
-160.502 55.337 25.119
-74.009 40.467 3.548
-90.313 -0.755 334.965
-118.500 34.008 118.850
-122.339 47.603 33.497
104.115 1.932 59.566
-151.720 59.441 11.220
-149.427 60.120 15.849
-76.330 36.947 5.309
115.350 22.750 37.584
0.743 51.442 14.125
119.550 35.383 22.387
138.517 35.017 53.088
135.383 33.683 74.989
18.433 -34.183 375.837
14.358 55.557 59.566
-135.342 57.052 10.593
19.012 63.191 0.668
-135.327 59.450 5.957
12.829 55.417 7.499
11.218 58.354 3.981
-76.452 38.317 50.119
-124.043 44.625 15.849
17.531 62.363 0.316
147.933 -42.550 177.828
-78.918 33.655 79.433
-82.627 27.760 2.371
-52.717 47.567 167.880
11.832 58.093 4.467
-123.181 49.125 16.788
-2.117 49.183 177.828
18.082 59.325 2.661
-6.389 58.207 35.481
134.900 34.350 22.387
178.427 -18.132 298.538
39.600 -69.000 177.828
134.050 34.350 5.957
-81.282 -4.582 70.795
103.853 1.262 133.352
135.183 34.333 29.854
174.033 -39.050 59.566
-5.600 36.000 158.489
176.183 -37.650 354.813
117.883 4.233 530.884
-16.240 28.480 446.684
133.640 -32.150 29.854
104.140 2.807 118.850
136.850 34.467 13.335
-6.064 56.623 10.000
-125.913 49.154 8.913
139.767 35.650 5.623
132.967 32.783 2.371
5.913 43.117 42.170
146.833 -19.250 53.088
137.217 36.767 167.880
7.567 58.000 28.184
13.750 45.650 14.125
151.850 7.450 177.828
-78.730 1.817 158.489
22.101 60.428 1.585
138.883 35.017 112.202
-5.158 57.895 15.849
-166.537 53.880 177.828
133.950 34.483 5.957
135.900 33.567 7.499
132.550 33.233 31.623
21.571 63.081 0.335
-146.362 61.125 13.335
-0.330 39.460 112.202
-71.633 -33.033 316.228
-123.110 49.287 29.854
12.217 57.100 11.220
31.100 70.333 31.623
12.426 45.419 5.957
-123.370 48.422 23.714
12.579 56.142 5.012
18.284 57.639 25.119
135.150 34.217 29.854
166.617 19.283 7.079
141.683 45.400 74.989
14.500 -22.950 473.151
-77.022 38.873 1.884
174.783 -41.283 421.697
-2.448 50.608 84.140
-0.614 54.490 10.593
-3.086 58.441 39.811
-123.965 46.708 8.414
-73.782 40.793 1.995
-77.953 34.227 33.497
18.419 54.797 14.962
-62.700 45.683 12.589
-70.672 41.523 3.981
-3.568 54.651 8.414
128.102 -15.453 237.137
118.067 24.450 9.441
-139.733 59.548 8.913
138.128 9.508 12.589
-66.117 43.833 141.254
139.633 35.467 10.593
13.817 55.417 44.668
39.190 -6.155 398.107
111.833 21.583 33.497
