144.283 44.017 167.880
-2.075 57.143 188.365
131.417 31.583 25.119
-89.833 13.583 562.341
-99.912 16.840 398.107
-176.632 51.863 266.073
-122.298 37.772 316.228
-126.931 50.587 44.668
29.917 31.217 167.880
-5.433 36.117 14.962
-149.890 61.238 112.202
13.506 43.625 1.995
-76.482 38.983 21.135
-70.400 -23.650 501.187
-84.982 29.727 1.000
-171.750 -13.817 562.341
-53.983 47.300 334.965
-13.530 28.972 530.884
-123.767 46.208 94.406
-74.418 39.355 125.893
-2.715 51.511 59.566
141.500 38.300 473.151
-79.573 8.962 398.107
-76.578 39.267 10.000
-90.285 -0.437 354.813
-125.136 48.836 74.989
2.163 41.342 251.189
-68.205 44.392 251.189
16.912 41.137 177.828
12.903 55.756 12.589
-59.633 -62.483 42.170
-1.515 43.527 298.538
109.083 21.483 59.566
-128.143 52.163 21.135
-64.700 32.400 334.965
-3.050 43.357 473.151
168.350 -46.600 562.341
-6.340 36.800 149.624
141.917 -10.600 251.189
-71.052 42.355 112.202
1.578 50.727 149.624
-4.500 48.383 177.828
-73.182 41.173 8.913
153.167 -27.367 630.957
122.217 -18.000 266.073
-77.100 3.900 398.107
-58.500 -34.667 2.985
152.380 -24.767 595.662
145.915 -41.050 668.344
-109.908 22.880 630.957
-6.283 36.533 421.697
9.114 39.210 446.684
1.868 50.969 4.217
-77.150 -12.050 421.697
-76.068 38.573 237.137
-125.247 50.042 79.433
-47.925 -25.017 19.953
147.058 -19.277 105.925
18.433 -33.900 562.341
-74.960 38.968 149.624
113.652 -24.898 354.813
-75.533 10.383 446.684
-9.417 38.692 354.813
15.094 37.498 22.387
-83.032 29.135 4.217
103.187 5.265 281.838
-5.317 35.900 446.684
91.050 22.217 12.589
-124.322 43.345 199.526
-79.925 32.782 199.526
-64.920 18.335 298.538
-63.117 46.233 59.566
-1.635 49.651 375.837
-76.113 36.967 39.811
142.200 27.100 167.880
140.867 35.750 47.315
-157.472 1.982 398.107
-94.200 58.783 0.631
96.883 -12.117 398.107
-1.890 47.277 266.073
-145.753 60.558 53.088
-97.217 27.580 1.679
91.833 21.450 10.000
-124.183 41.745 125.893
-79.915 9.355 446.684
1.302 52.934 59.566
8.717 53.867 4.467
130.850 -12.467 501.187
20.385 60.032 14.962
6.933 53.326 3.548
4.746 52.965 10.593
-4.185 50.368 316.228
1.085 49.929 473.151
-2.088 47.306 84.140
108.617 19.100 354.813
1.318 51.117 47.315
-75.740 36.183 141.254
2.367 51.048 26.607
31.050 -29.867 446.684
27.917 -33.017 473.151
-109.448 -27.150 31.623
-66.985 44.903 281.838
162.387 11.430 562.341
-116.633 31.850 595.662
8.433 55.467 5.957
-79.647 0.992 421.697
121.900 -33.867 199.526
-64.267 -65.250 1.413
1.348 51.957 19.953
-81.467 30.672 354.813
-4.983 52.014 237.137
18.211 60.409 2.818
151.233 -33.850 501.187
-80.902 32.033 446.684
-95.308 28.948 2.985
115.717 -32.050 237.137
-166.288 23.868 375.837
-123.010 48.547 334.965
139.933 40.650 266.073
128.850 32.700 375.837
-123.451 48.769 141.254
179.195 -8.525 421.697
-16.907 32.640 501.187
21.231 64.916 0.631
-94.793 29.310 1.679
73.152 -0.687 595.662
11.933 54.567 10.000
102.107 6.227 223.872
-5.350 36.117 446.684
-5.698 43.558 421.697
-3.018 53.450 74.989
11.791 57.685 12.589
-89.957 29.263 1.189
136.417 -13.860 4.732
144.650 13.433 266.073
-110.900 27.933 281.838
141.533 40.533 421.697
110.283 20.017 3.548
140.717 41.783 595.662
-63.583 44.667 211.349
132.067 34.900 18.836
27.179 60.563 9.441
145.567 43.283 199.526
22.977 59.823 14.962
1.284 51.947 158.489
9.101 63.425 13.335
24.956 60.154 13.335
-2.920 54.032 17.783
115.738 -31.825 188.365
-155.067 19.733 421.697
-3.134 51.215 223.872
89.467 21.783 44.668
147.330 -42.887 167.880
4.120 51.977 8.913
-4.631 53.308 149.624
114.217 22.300 23.714
159.957 -9.425 334.965
25.973 70.980 63.096
-157.867 21.307 316.228
12.467 56.100 37.584
131.683 32.417 17.783
-6.834 37.132 421.697
-124.217 40.767 281.838
-4.111 51.211 149.624
-43.165 -22.897 118.850
-0.186 53.631 22.387
124.167 24.333 74.989
-169.530 16.738 266.073
103.792 1.462 530.884
-78.833 -33.622 562.341
-134.412 58.298 19.953
130.567 31.583 39.811
-156.467 20.900 595.662
23.096 65.697 0.708
121.282 28.088 3.162
-171.718 -2.810 501.187
120.288 22.615 298.538
154.777 1.098 421.697
21.215 62.344 0.944
139.750 35.517 298.538
121.745 25.157 11.220
101.358 3.050 375.837
102.153 2.215 501.187
24.515 65.673 0.794
70.220 -49.345 891.251
-131.625 55.333 74.989
-81.808 24.553 375.837
-5.050 58.457 11.220
-75.988 37.165 5.012
12.894 55.522 74.989
23.033 -34.050 100.000
99.817 11.795 298.538
98.425 7.832 398.107
135.183 34.683 7.943
133.567 33.500 4.732
-152.512 57.732 89.125
134.583 34.017 44.668
116.067 5.983 316.228
103.430 3.975 298.538
130.200 32.600 334.965
103.443 1.325 630.957
15.589 56.105 94.406
11.127 58.997 10.593
135.767 33.483 237.137
144.367 42.983 141.254
167.733 8.733 630.957
-8.400 43.367 375.837
-117.257 32.867 530.884
-80.917 -2.200 473.151
-110.345 24.162 595.662
-1.221 46.158 14.962
-87.817 13.333 562.341
17.865 58.742 28.184
99.765 6.432 562.341
177.433 -17.600 446.684
-4.781 48.359 354.813
0.106 49.482 79.433
-1.765 47.205 4.467
123.750 13.150 473.151
-3.182 55.990 149.624
-1.140 60.155 223.872
-1.794 46.497 53.088
-75.120 38.782 16.788
119.417 34.750 37.584
-64.753 17.697 79.433
10.299 43.546 334.965
-3.825 53.332 79.433
-80.717 -6.933 251.189
159.067 -31.517 354.813
-118.272 33.720 530.884
-64.883 47.083 100.000
1.751 52.473 5.012
15.150 -26.650 530.884
100.613 4.240 501.187
121.617 32.133 6.310
172.717 -43.600 668.344
5.113 61.934 79.433
-67.047 17.972 298.538
137.617 34.683 1.496
135.383 35.467 199.526
171.373 7.107 530.884
130.300 31.267 14.962
-4.417 36.717 473.151
134.463 7.330 421.697
73.527 4.190 749.894
-7.333 55.367 89.125
120.967 14.583 334.965
21.463 61.594 1.585
174.500 -35.833 211.349
16.837 58.554 47.315
173.200 52.833 334.965
-72.117 -17.000 501.187
132.717 33.867 149.624
-81.432 30.395 421.697
-106.422 23.198 473.151
139.817 34.917 177.828
15.563 38.196 237.137
-177.367 28.217 141.254
-5.014 51.702 199.526
-4.906 55.750 9.441
50.600 26.233 237.137
130.450 32.617 316.228
139.482 34.067 89.125
141.983 39.650 398.107
-157.800 21.433 530.884
7.421 43.729 251.189
-71.960 41.048 5.957
-121.888 36.605 473.151
22.133 -34.183 446.684
134.167 33.267 4.467
129.867 32.733 316.228
136.883 35.083 7.943
127.667 26.200 251.189
-61.683 56.550 59.566
129.842 29.842 167.880
-1.634 47.194 105.925
-70.097 41.285 59.566
176.917 -39.483 668.344
-81.808 26.132 4.467
14.269 40.841 375.837
166.905 -0.528 530.884
-159.350 21.967 354.813
129.495 28.382 237.137
-124.617 48.368 133.352
-72.087 41.355 3.981
-74.015 40.700 7.943
0.057 50.782 118.850
-5.542 50.102 334.965
-71.327 41.505 94.406
-2.987 51.550 177.828
-122.910 49.200 15.849
130.992 30.735 251.189
-1.440 55.007 53.088
-60.250 46.217 237.137
166.437 -22.292 530.884
-175.167 -21.133 446.684
-140.082 -8.930 530.884
11.950 78.933 10.000
141.717 39.067 530.884
141.750 39.017 473.151
139.383 34.783 354.813
17.097 57.366 59.566
138.217 34.617 177.828
140.900 36.933 251.189
135.433 34.650 3.758
16.478 57.275 63.096
10.734 59.909 5.957
18.497 40.147 89.125
25.418 65.040 0.668
130.217 32.983 149.624
136.217 34.067 37.584
-170.683 -14.283 562.341
-81.167 -5.083 334.965
15.275 40.032 375.837
-149.567 -17.525 133.352
-123.451 48.654 199.526
100.347 5.422 562.341
-158.053 -8.977 167.880
-87.213 30.403 2.113
-75.142 39.933 29.854
22.690 63.709 0.891
158.243 6.987 473.151
-123.253 49.337 141.254
-25.672 37.735 446.684
-123.440 48.125 100.000
-59.133 47.567 316.228
-1.062 45.569 188.365
-80.593 28.415 281.838
25.630 -33.960 473.151
118.575 -20.318 223.872
150.912 -34.473 530.884
57.495 -20.155 316.228
16.867 -29.250 595.662
138.467 -35.108 66.834
-3.446 47.644 211.349
3.107 42.520 281.838
168.300 -17.767 501.187
-6.190 55.627 84.140
-4.768 54.085 14.962
-127.489 50.722 44.668
-97.215 26.060 1.884
-70.247 43.657 237.137
141.600 -38.333 375.837
-5.120 54.843 26.607
-6.657 55.207 105.925
-120.760 35.177 473.151
-1.112 50.803 188.365
-130.324 54.317 31.623
-71.401 41.807 9.441
-148.527 70.400 29.854
55.528 -4.672 473.151
-82.860 8.273 530.884
-87.950 15.833 316.228
-15.417 28.133 501.187
-72.967 -41.483 56.234
-67.617 -54.933 11.220
-132.072 53.252 66.834
24.407 64.666 0.708
-159.775 -21.207 7.079
20.895 63.986 0.750
21.426 61.133 1.778
-75.573 39.558 334.965
55.285 -20.935 354.813
-21.940 64.151 56.234
-134.953 -23.125 375.837
12.113 57.250 9.441
-97.047 28.022 3.758
63.418 -19.668 141.254
11.230 64.859 5.957
-3.966 48.718 70.795
150.790 -23.162 530.884
-17.750 28.683 530.884
-93.870 29.730 1.189
133.333 36.200 223.872
-2.246 47.140 56.234
-1.682 43.395 375.837
-2.028 48.641 266.073
-2.202 47.267 70.795
-66.063 45.251 298.538
145.742 15.227 3.548
133.250 35.550 37.584
17.950 -33.017 595.662
-95.203 16.160 501.187
-117.173 32.713 530.884
-80.108 -26.292 473.151
-122.465 37.807 298.538
-90.833 13.917 530.884
-66.117 18.460 334.965
-75.200 -15.367 398.107
-160.502 55.337 118.850
118.067 5.810 398.107
-74.009 40.467 7.079
-90.313 -0.755 421.697
-118.500 34.008 473.151
-122.339 47.603 199.526
104.115 1.932 251.189
-151.720 59.441 47.315
-149.427 60.120 74.989
-76.330 36.947 12.589
115.350 22.750 158.489
0.743 51.442 44.668
119.550 35.383 70.795
138.517 35.017 237.137
130.933 33.933 141.254
135.383 33.683 251.189
18.433 -34.183 595.662
14.358 55.557 118.850
-135.342 57.052 56.234
19.012 63.191 0.944
-135.327 59.450 29.854
12.829 55.417 21.135
11.218 58.354 17.783
-76.452 38.317 188.365
-124.043 44.625 84.140
17.531 62.363 0.944
147.933 -42.550 375.837
-78.918 33.655 375.837
-82.627 27.760 3.981
-52.717 47.567 446.684
-57.821 -51.692 446.684
11.832 58.093 14.125
-123.181 49.125 100.000
-2.117 49.183 334.965
18.082 59.325 14.962
-6.389 58.207 133.352
134.900 34.350 112.202
178.427 -18.132 473.151
39.600 -69.000 298.538
134.050 34.350 19.953
-81.282 -4.582 298.538
103.853 1.262 473.151
135.183 34.333 133.352
174.033 -39.050 251.189
172.930 1.363 630.957
-5.600 36.000 446.684
176.183 -37.650 530.884
117.883 4.233 707.946
-16.240 28.480 530.884
133.640 -32.150 118.850
104.140 2.807 354.813
136.850 34.467 63.096
-6.064 56.623 35.481
-125.913 49.154 53.088
139.767 35.650 17.783
-109.048 25.600 473.151
132.967 32.783 4.217
5.913 43.117 199.526
146.833 -19.250 199.526
137.217 36.767 251.189
7.567 58.000 112.202
13.750 45.650 59.566
151.850 7.450 316.228
-78.730 1.817 501.187
22.101 60.428 8.414
138.883 35.017 316.228
-5.158 57.895 63.096
-166.537 53.880 334.965
133.950 34.483 18.836
135.900 33.567 31.623
132.550 33.233 149.624
21.571 63.081 0.841
-146.362 61.125 74.989
-0.330 39.460 199.526
-71.633 -33.033 501.187
-123.110 49.287 158.489
12.217 57.100 42.170
31.100 70.333 133.352
12.426 45.419 21.135
-123.370 48.422 141.254
12.579 56.142 12.589
-8.770 42.601 446.684
18.284 57.639 50.119
135.150 34.217 141.254
166.617 19.283 42.170
141.683 45.400 199.526
14.500 -22.950 530.884
-77.022 38.873 2.661
174.783 -41.283 595.662
-2.448 50.608 354.813
-0.614 54.490 33.497
-3.086 58.441 158.489
-123.965 46.708 31.623
-73.782 40.793 2.985
-77.953 34.227 211.349
18.419 54.797 50.119
-62.700 45.683 39.811
-70.672 41.523 9.441
-3.568 54.651 26.607
128.102 -15.453 562.341
118.067 24.450 26.607
-139.733 59.548 50.119
138.128 9.508 94.406
-66.117 43.833 421.697
139.633 35.467 47.315
13.817 55.417 112.202
39.190 -6.155 668.344
111.833 21.583 133.352
