144.283 44.017 100.000
-2.075 57.143 133.352
131.417 31.583 15.849
-89.833 13.583 501.187
-99.912 16.840 334.965
-176.632 51.863 211.349
-122.298 37.772 188.365
-126.931 50.587 25.119
-5.433 36.117 9.441
-149.890 61.238 70.795
-76.482 38.983 14.125
-70.400 -23.650 473.151
-53.983 47.300 211.349
-13.530 28.972 501.187
-123.767 46.208 56.234
-74.418 39.355 79.433
-2.715 51.511 44.668
141.500 38.300 334.965
-79.573 8.962 316.228
-76.578 39.267 7.499
-90.285 -0.437 281.838
-125.136 48.836 44.668
2.163 41.342 223.872
-68.205 44.392 167.880
12.903 55.756 9.441
-1.515 43.527 199.526
109.083 21.483 39.811
-128.143 52.163 11.885
-64.700 32.400 298.538
-3.050 43.357 398.107
-6.340 36.800 94.406
141.917 -10.600 167.880
-71.052 42.355 70.795
1.578 50.727 105.925
-4.500 48.383 125.893
-73.182 41.173 7.079
153.167 -27.367 630.957
122.217 -18.000 199.526
-77.100 3.900 281.838
-58.500 -34.667 2.661
152.380 -24.767 562.341
145.915 -41.050 530.884
-109.908 22.880 595.662
-6.283 36.533 298.538
1.868 50.969 3.548
-77.150 -12.050 375.837
-76.068 38.573 149.624
-125.247 50.042 44.668
-47.925 -25.017 14.125
147.058 -19.277 66.834
18.433 -33.900 501.187
-74.960 38.968 84.140
113.652 -24.898 251.189
-75.533 10.383 446.684
-9.417 38.692 223.872
15.094 37.498 12.589
103.187 5.265 199.526
-5.317 35.900 398.107
91.050 22.217 10.000
-124.322 43.345 118.850
-79.925 32.782 112.202
-64.920 18.335 223.872
-63.117 46.233 39.811
-1.635 49.651 266.073
-76.113 36.967 28.184
142.200 27.100 133.352
140.867 35.750 28.184
-157.472 1.982 354.813
-94.200 58.783 0.501
96.883 -12.117 354.813
-1.890 47.277 177.828
-145.753 60.558 31.623
-97.217 27.580 1.585
91.833 21.450 7.079
-124.183 41.745 74.989
-79.915 9.355 398.107
1.302 52.934 42.170
8.717 53.867 3.758
130.850 -12.467 398.107
20.385 60.032 7.943
6.933 53.326 2.985
4.746 52.965 8.414
-4.185 50.368 223.872
1.085 49.929 398.107
-2.088 47.306 56.234
108.617 19.100 316.228
1.318 51.117 33.497
-75.740 36.183 84.140
2.367 51.048 18.836
31.050 -29.867 334.965
27.917 -33.017 421.697
-109.448 -27.150 19.953
-66.985 44.903 188.365
162.387 11.430 501.187
-116.633 31.850 530.884
8.433 55.467 5.012
-79.647 0.992 316.228
121.900 -33.867 112.202
-64.267 -65.250 2.661
1.348 51.957 14.125
-81.467 30.672 251.189
-4.983 52.014 167.880
18.211 60.409 1.778
151.233 -33.850 446.684
-80.902 32.033 334.965
-95.308 28.948 2.661
115.717 -32.050 158.489
-166.288 23.868 316.228
139.933 40.650 211.349
128.850 32.700 334.965
-123.451 48.769 79.433
179.195 -8.525 398.107
-16.907 32.640 473.151
21.231 64.916 0.422
-94.793 29.310 1.585
73.152 -0.687 530.884
11.933 54.567 7.499
102.107 6.227 141.254
-5.350 36.117 473.151
-3.018 53.450 53.088
11.791 57.685 8.913
-89.957 29.263 1.122
144.650 13.433 237.137
-110.900 27.933 266.073
141.533 40.533 375.837
110.283 20.017 2.985
140.717 41.783 530.884
-63.583 44.667 133.352
132.067 34.900 11.885
27.179 60.563 6.683
145.567 43.283 141.254
22.977 59.823 9.441
1.284 51.947 112.202
9.101 63.425 8.414
24.956 60.154 9.441
-2.920 54.032 13.335
115.738 -31.825 112.202
-155.067 19.733 354.813
-3.134 51.215 177.828
89.467 21.783 29.854
147.330 -42.887 105.925
4.120 51.977 7.079
-4.631 53.308 105.925
114.217 22.300 15.849
159.957 -9.425 316.228
25.973 70.980 39.811
-157.867 21.307 398.107
12.467 56.100 26.607
131.683 32.417 11.885
-124.217 40.767 167.880
-4.111 51.211 112.202
-43.165 -22.897 74.989
-0.186 53.631 16.788
124.167 24.333 47.315
-169.530 16.738 177.828
103.792 1.462 421.697
-78.833 -33.622 530.884
-134.412 58.298 12.589
130.567 31.583 25.119
-156.467 20.900 421.697
23.096 65.697 0.447
121.282 28.088 2.661
-171.718 -2.810 421.697
120.288 22.615 251.189
154.777 1.098 251.189
21.215 62.344 0.750
139.750 35.517 237.137
121.745 25.157 7.943
101.358 3.050 281.838
102.153 2.215 446.684
24.515 65.673 0.596
70.220 -49.345 841.395
-131.625 55.333 44.668
-81.808 24.553 354.813
-5.050 58.457 7.943
12.894 55.522 53.088
23.033 -34.050 59.566
99.817 11.795 251.189
98.425 7.832 562.341
135.183 34.683 5.957
133.567 33.500 3.758
-152.512 57.732 53.088
134.583 34.017 26.607
116.067 5.983 237.137
103.430 3.975 223.872
130.200 32.600 281.838
103.443 1.325 562.341
15.589 56.105 74.989
11.127 58.997 6.683
135.767 33.483 167.880
144.367 42.983 70.795
167.733 8.733 630.957
-8.400 43.367 281.838
-117.257 32.867 473.151
-80.917 -2.200 421.697
-110.345 24.162 530.884
-1.221 46.158 10.593
-87.817 13.333 562.341
17.865 58.742 18.836
99.765 6.432 501.187
177.433 -17.600 398.107
-4.781 48.359 266.073
0.106 49.482 53.088
-1.765 47.205 3.758
123.750 13.150 446.684
-3.182 55.990 94.406
-1.140 60.155 158.489
-1.794 46.497 35.481
-75.120 38.782 11.885
119.417 34.750 26.607
-64.753 17.697 35.481
10.299 43.546 281.838
-3.825 53.332 56.234
-80.717 -6.933 167.880
159.067 -31.517 281.838
-118.272 33.720 446.684
-64.883 47.083 70.795
1.751 52.473 4.217
15.150 -26.650 530.884
100.613 4.240 421.697
121.617 32.133 5.309
5.113 61.934 50.119
-67.047 17.972 251.189
137.617 34.683 1.413
135.383 35.467 167.880
171.373 7.107 473.151
130.300 31.267 10.593
-4.417 36.717 398.107
134.463 7.330 375.837
73.527 4.190 501.187
-7.333 55.367 59.566
120.967 14.583 281.838
21.463 61.594 1.059
174.500 -35.833 141.254
16.837 58.554 33.497
173.200 52.833 334.965
-72.117 -17.000 281.838
132.717 33.867 94.406
-81.432 30.395 354.813
-106.422 23.198 421.697
139.817 34.917 112.202
15.563 38.196 281.838
-177.367 28.217 89.125
-5.014 51.702 149.624
-4.906 55.750 7.079
50.600 26.233 125.893
130.450 32.617 251.189
139.482 34.067 56.234
141.983 39.650 375.837
-157.800 21.433 421.697
7.421 43.729 237.137
-71.960 41.048 4.732
-121.888 36.605 421.697
22.133 -34.183 316.228
134.167 33.267 3.758
129.867 32.733 281.838
136.883 35.083 5.957
127.667 26.200 199.526
129.842 29.842 118.850
-1.634 47.194 70.795
-70.097 41.285 33.497
176.917 -39.483 630.957
14.269 40.841 298.538
166.905 -0.528 421.697
-159.350 21.967 298.538
129.495 28.382 188.365
-124.617 48.368 84.140
-72.087 41.355 3.350
-74.015 40.700 6.310
0.057 50.782 79.433
-5.542 50.102 251.189
-71.327 41.505 56.234
-122.910 49.200 10.000
130.992 30.735 211.349
-1.440 55.007 35.481
-60.250 46.217 167.880
166.437 -22.292 473.151
-175.167 -21.133 421.697
-140.082 -8.930 473.151
11.950 78.933 4.467
141.717 39.067 446.684
141.750 39.017 375.837
139.383 34.783 298.538
17.097 57.366 42.170
138.217 34.617 112.202
140.900 36.933 141.254
135.433 34.650 3.162
16.478 57.275 47.315
10.734 59.909 4.467
25.418 65.040 0.447
130.217 32.983 100.000
136.217 34.067 22.387
-170.683 -14.283 446.684
-81.167 -5.083 237.137
-149.567 -17.525 84.140
-123.451 48.654 118.850
100.347 5.422 473.151
-158.053 -8.977 118.850
-87.213 30.403 1.884
-75.142 39.933 18.836
22.690 63.709 0.501
158.243 6.987 421.697
-123.253 49.337 89.125
-25.672 37.735 421.697
-123.440 48.125 59.566
-59.133 47.567 251.189
-1.062 45.569 125.893
25.630 -33.960 375.837
118.575 -20.318 158.489
150.912 -34.473 501.187
57.495 -20.155 266.073
16.867 -29.250 562.341
-3.446 47.644 149.624
3.107 42.520 251.189
-127.489 50.722 23.714
-97.215 26.060 1.679
-70.247 43.657 167.880
141.600 -38.333 334.965
-5.120 54.843 17.783
-120.760 35.177 421.697
-1.112 50.803 118.850
-130.324 54.317 17.783
-71.401 41.807 7.499
-87.950 15.833 281.838
-15.417 28.133 446.684
-72.967 -41.483 47.315
-67.617 -54.933 11.885
-132.072 53.252 39.811
24.407 64.666 0.473
-159.775 -21.207 5.309
20.895 63.986 0.501
21.426 61.133 1.122
-75.573 39.558 237.137
-21.940 64.151 31.623
-134.953 -23.125 354.813
12.113 57.250 6.683
-97.047 28.022 2.985
63.418 -19.668 74.989
11.230 64.859 4.467
-3.966 48.718 50.119
150.790 -23.162 473.151
-17.750 28.683 473.151
-93.870 29.730 1.189
133.333 36.200 199.526
-2.246 47.140 37.584
-1.682 43.395 281.838
-2.028 48.641 211.349
-2.202 47.267 50.119
-66.063 45.251 211.349
145.742 15.227 2.985
133.250 35.550 19.953
17.950 -33.017 562.341
-95.203 16.160 446.684
-117.173 32.713 501.187
-80.108 -26.292 446.684
-122.465 37.807 177.828
-90.833 13.917 501.187
-66.117 18.460 281.838
-160.502 55.337 70.795
-74.009 40.467 5.623
-90.313 -0.755 421.697
-118.500 34.008 375.837
-122.339 47.603 118.850
104.115 1.932 167.880
-151.720 59.441 29.854
-149.427 60.120 47.315
-76.330 36.947 8.913
115.350 22.750 100.000
0.743 51.442 29.854
119.550 35.383 47.315
138.517 35.017 167.880
135.383 33.683 199.526
18.433 -34.183 562.341
14.358 55.557 100.000
-135.342 57.052 33.497
19.012 63.191 0.841
-135.327 59.450 18.836
12.829 55.417 14.962
11.218 58.354 11.220
-76.452 38.317 141.254
-124.043 44.625 53.088
17.531 62.363 0.631
147.933 -42.550 316.228
-78.918 33.655 251.189
-82.627 27.760 3.350
-52.717 47.567 375.837
11.832 58.093 10.000
-123.181 49.125 56.234
-2.117 49.183 281.838
18.082 59.325 8.913
-6.389 58.207 89.125
134.900 34.350 66.834
178.427 -18.132 446.684
39.600 -69.000 266.073
134.050 34.350 13.335
-81.282 -4.582 211.349
103.853 1.262 375.837
135.183 34.333 84.140
174.033 -39.050 158.489
-5.600 36.000 398.107
176.183 -37.650 473.151
117.883 4.233 668.344
-16.240 28.480 530.884
133.640 -32.150 79.433
104.140 2.807 266.073
136.850 34.467 39.811
-6.064 56.623 23.714
-125.913 49.154 29.854
139.767 35.650 11.885
132.967 32.783 3.548
5.913 43.117 149.624
146.833 -19.250 133.352
137.217 36.767 237.137
7.567 58.000 74.989
13.750 45.650 39.811
151.850 7.450 281.838
-78.730 1.817 398.107
22.101 60.428 4.732
138.883 35.017 251.189
-5.158 57.895 42.170
-166.537 53.880 298.538
133.950 34.483 12.589
135.900 33.567 18.836
132.550 33.233 94.406
21.571 63.081 0.596
-146.362 61.125 44.668
-0.330 39.460 167.880
-71.633 -33.033 473.151
-123.110 49.287 100.000
12.217 57.100 28.184
31.100 70.333 84.140
12.426 45.419 13.335
-123.370 48.422 84.140
12.579 56.142 9.441
18.284 57.639 42.170
135.150 34.217 89.125
166.617 19.283 21.135
141.683 45.400 167.880
14.500 -22.950 562.341
-77.022 38.873 2.239
174.783 -41.283 562.341
-2.448 50.608 237.137
-0.614 54.490 23.714
-3.086 58.441 105.925
-123.965 46.708 21.135
-73.782 40.793 2.661
-77.953 34.227 125.893
18.419 54.797 33.497
-62.700 45.683 28.184
-70.672 41.523 7.079
-3.568 54.651 18.836
128.102 -15.453 473.151
118.067 24.450 18.836
-139.733 59.548 29.854
138.128 9.508 53.088
-66.117 43.833 316.228
139.633 35.467 28.184
13.817 55.417 89.125
39.190 -6.155 630.957
111.833 21.583 89.125
