144.283 44.017 68.092
-2.075 57.143 74.454
131.417 31.583 73.594
-89.833 13.583 80.922
-99.912 16.840 78.389
-176.632 51.863 80.560
-122.298 37.772 80.867
-126.931 50.587 67.673
-5.433 36.117 66.357
-149.890 61.238 73.764
-76.482 38.983 94.200
-70.400 -23.650 58.139
-53.983 47.300 89.126
-13.530 28.972 77.692
-123.767 46.208 81.099
-74.418 39.355 95.231
-2.715 51.511 72.175
141.500 38.300 68.510
-79.573 8.962 79.142
-76.578 39.267 93.717
-90.285 -0.437 77.645
-125.136 48.836 78.140
2.163 41.342 70.729
-68.205 44.392 85.281
12.903 55.756 70.426
-1.515 43.527 67.361
109.083 21.483 69.057
-128.143 52.163 63.675
-64.700 32.400 90.074
-3.050 43.357 70.786
-6.340 36.800 70.882
141.917 -10.600 79.764
-71.052 42.355 88.590
1.578 50.727 73.898
-4.500 48.383 74.703
-73.182 41.173 94.487
153.167 -27.367 79.530
122.217 -18.000 82.253
-77.100 3.900 71.891
-58.500 -34.667 53.412
152.380 -24.767 82.146
145.915 -41.050 76.088
-109.908 22.880 85.262
-6.283 36.533 70.585
1.868 50.969 72.869
-77.150 -12.050 67.746
-76.068 38.573 95.825
-125.247 50.042 74.293
-47.925 -25.017 62.590
147.058 -19.277 78.845
18.433 -33.900 78.440
-74.960 38.968 94.438
113.652 -24.898 82.545
-75.533 10.383 79.438
-9.417 38.692 73.741
15.094 37.498 68.730
103.187 5.265 76.261
-5.317 35.900 66.358
91.050 22.217 67.038
-124.322 43.345 83.281
-79.925 32.782 90.138
-64.920 18.335 82.316
-63.117 46.233 85.985
-1.635 49.651 69.344
-76.113 36.967 97.235
142.200 27.100 80.851
140.867 35.750 73.809
-157.472 1.982 82.651
-94.200 58.783 22.771
96.883 -12.117 88.282
-1.890 47.277 73.050
-145.753 60.558 70.779
-97.217 27.580 80.624
91.833 21.450 65.820
-124.183 41.745 82.402
-79.915 9.355 79.649
1.302 52.934 76.807
8.717 53.867 72.610
130.850 -12.467 80.701
20.385 60.032 37.548
6.933 53.326 76.690
4.746 52.965 71.883
-4.185 50.368 77.294
1.085 49.929 78.265
-2.088 47.306 73.028
108.617 19.100 71.736
1.318 51.117 75.483
-75.740 36.183 97.528
2.367 51.048 73.322
31.050 -29.867 78.523
27.917 -33.017 81.361
-109.448 -27.150 59.710
-66.985 44.903 87.748
162.387 11.430 88.042
-116.633 31.850 87.831
8.433 55.467 74.181
-79.647 0.992 71.274
121.900 -33.867 80.913
-64.267 -65.250 -33.909
1.348 51.957 78.642
-81.467 30.672 89.955
-4.983 52.014 72.310
18.211 60.409 33.479
151.233 -33.850 78.376
-80.902 32.033 89.822
-95.308 28.948 85.557
115.717 -32.050 81.235
-166.288 23.868 86.417
139.933 40.650 69.888
128.850 32.700 75.470
-123.451 48.769 78.423
179.195 -8.525 84.298
-16.907 32.640 85.260
21.231 64.916 17.216
-94.793 29.310 81.366
73.152 -0.687 84.611
11.933 54.567 68.354
102.107 6.227 72.794
-5.350 36.117 68.137
-3.018 53.450 67.045
11.791 57.685 58.562
-89.957 29.263 67.676
144.650 13.433 80.421
-110.900 27.933 79.930
141.533 40.533 75.098
110.283 20.017 71.417
140.717 41.783 69.009
-63.583 44.667 93.114
132.067 34.900 68.442
27.179 60.563 50.870
145.567 43.283 74.826
22.977 59.823 49.819
1.284 51.947 77.689
9.101 63.425 52.819
24.956 60.154 50.882
-2.920 54.032 66.053
115.738 -31.825 81.470
-155.067 19.733 85.471
-3.134 51.215 73.958
89.467 21.783 65.870
147.330 -42.887 76.486
4.120 51.977 71.988
-4.631 53.308 71.806
114.217 22.300 71.247
159.957 -9.425 87.795
25.973 70.980 59.988
-157.867 21.307 88.095
12.467 56.100 65.400
131.683 32.417 74.129
-124.217 40.767 84.118
-4.111 51.211 75.098
-43.165 -22.897 65.587
-0.186 53.631 75.155
124.167 24.333 75.202
-169.530 16.738 83.743
103.792 1.462 75.362
-78.833 -33.622 58.763
-134.412 58.298 68.191
130.567 31.583 72.330
-156.467 20.900 87.669
23.096 65.697 17.552
121.282 28.088 69.498
-171.718 -2.810 82.001
120.288 22.615 73.317
154.777 1.098 83.034
21.215 62.344 20.865
139.750 35.517 76.256
121.745 25.157 72.696
101.358 3.050 73.707
102.153 2.215 77.681
24.515 65.673 16.590
70.220 -49.345 89.732
-131.625 55.333 71.290
-81.808 24.553 86.695
-5.050 58.457 70.641
12.894 55.522 70.614
23.033 -34.050 79.107
99.817 11.795 71.307
98.425 7.832 78.616
135.183 34.683 70.513
133.567 33.500 69.771
-152.512 57.732 78.715
134.583 34.017 69.649
116.067 5.983 75.313
103.430 3.975 76.477
130.200 32.600 73.290
103.443 1.325 75.423
15.589 56.105 65.490
11.127 58.997 53.214
135.767 33.483 70.443
144.367 42.983 68.448
167.733 8.733 87.686
-8.400 43.367 76.094
-117.257 32.867 83.471
-80.917 -2.200 72.369
-110.345 24.162 84.927
-1.221 46.158 69.989
-87.817 13.333 81.342
17.865 58.742 51.357
99.765 6.432 77.347
177.433 -17.600 79.812
-4.781 48.359 76.572
0.106 49.482 67.610
-1.765 47.205 73.200
123.750 13.150 77.099
-3.182 55.990 71.718
-1.140 60.155 74.405
-1.794 46.497 72.786
-75.120 38.782 94.057
119.417 34.750 70.009
-64.753 17.697 81.151
10.299 43.546 66.679
-3.825 53.332 67.463
-80.717 -6.933 69.966
159.067 -31.517 80.817
-118.272 33.720 79.484
-64.883 47.083 101.158
1.751 52.473 75.839
15.150 -26.650 81.543
100.613 4.240 73.641
121.617 32.133 70.327
5.113 61.934 65.240
-67.047 17.972 81.329
137.617 34.683 68.176
135.383 35.467 74.360
171.373 7.107 85.399
130.300 31.267 72.042
-4.417 36.717 68.662
134.463 7.330 82.915
73.527 4.190 80.997
-7.333 55.367 70.855
120.967 14.583 72.983
21.463 61.594 27.349
174.500 -35.833 75.934
16.837 58.554 53.414
173.200 52.833 83.410
-72.117 -17.000 65.518
132.717 33.867 74.244
-81.432 30.395 90.343
-106.422 23.198 81.469
139.817 34.917 73.705
15.563 38.196 69.413
-177.367 28.217 85.510
-5.014 51.702 75.103
-4.906 55.750 68.041
50.600 26.233 60.434
130.450 32.617 72.758
139.482 34.067 73.460
141.983 39.650 78.908
-157.800 21.433 88.239
7.421 43.729 67.010
-71.960 41.048 94.100
-121.888 36.605 84.714
22.133 -34.183 79.104
134.167 33.267 69.474
129.867 32.733 73.952
136.883 35.083 70.040
127.667 26.200 77.414
129.842 29.842 75.888
-1.634 47.194 73.431
-70.097 41.285 91.123
176.917 -39.483 74.843
14.269 40.841 68.088
166.905 -0.528 82.272
-159.350 21.967 84.495
129.495 28.382 77.195
-124.617 48.368 77.914
-72.087 41.355 92.277
-74.015 40.700 93.144
0.057 50.782 68.662
-5.542 50.102 76.205
-71.327 41.505 91.230
-122.910 49.200 77.670
130.992 30.735 75.778
-1.440 55.007 71.770
-60.250 46.217 98.265
166.437 -22.292 83.251
-175.167 -21.133 80.194
-140.082 -8.930 78.895
11.950 78.933 46.856
141.717 39.067 68.979
141.750 39.017 68.771
139.383 34.783 75.088
17.097 57.366 57.906
138.217 34.617 70.361
140.900 36.933 69.038
135.433 34.650 70.277
16.478 57.275 58.111
10.734 59.909 52.699
25.418 65.040 17.974
130.217 32.983 72.133
136.217 34.067 71.016
-170.683 -14.283 86.018
-81.167 -5.083 71.748
-149.567 -17.525 72.244
-123.451 48.654 78.532
100.347 5.422 73.177
-158.053 -8.977 77.591
-87.213 30.403 86.070
-75.142 39.933 97.355
22.690 63.709 20.882
158.243 6.987 83.564
-123.253 49.337 78.005
-25.672 37.735 86.814
-123.440 48.125 79.045
-59.133 47.567 97.751
-1.062 45.569 72.021
25.630 -33.960 80.679
118.575 -20.318 81.675
150.912 -34.473 79.957
57.495 -20.155 88.944
16.867 -29.250 78.133
-3.446 47.644 70.126
3.107 42.520 69.449
-127.489 50.722 67.290
-97.215 26.060 80.476
-70.247 43.657 89.282
141.600 -38.333 75.005
-5.120 54.843 70.202
-120.760 35.177 83.533
-1.112 50.803 70.268
-130.324 54.317 62.307
-71.401 41.807 90.737
-87.950 15.833 82.003
-15.417 28.133 79.120
-72.967 -41.483 35.755
-67.617 -54.933 18.811
-132.072 53.252 73.477
24.407 64.666 19.016
-159.775 -21.207 73.437
20.895 63.986 18.265
21.426 61.133 27.582
-75.573 39.558 96.891
-21.940 64.151 61.863
-134.953 -23.125 72.021
12.113 57.250 58.510
-97.047 28.022 82.374
63.418 -19.668 85.196
11.230 64.859 52.315
-3.966 48.718 74.060
150.790 -23.162 81.434
-17.750 28.683 82.689
-93.870 29.730 70.758
133.333 36.200 75.292
-2.246 47.140 71.924
-1.682 43.395 67.794
-2.028 48.641 73.863
-2.202 47.267 72.153
-66.063 45.251 88.530
145.742 15.227 77.251
133.250 35.550 67.422
17.950 -33.017 80.376
-95.203 16.160 79.712
-117.173 32.713 82.686
-80.108 -26.292 61.169
-122.465 37.807 80.134
-90.833 13.917 81.424
-66.117 18.460 81.783
-160.502 55.337 80.698
-74.009 40.467 93.361
-90.313 -0.755 79.738
-118.500 34.008 77.956
-122.339 47.603 77.730
104.115 1.932 75.057
-151.720 59.441 73.713
-149.427 60.120 74.264
-76.330 36.947 95.839
115.350 22.750 70.089
0.743 51.442 76.277
119.550 35.383 71.008
138.517 35.017 70.459
135.383 33.683 70.690
18.433 -34.183 78.892
14.358 55.557 69.609
-135.342 57.052 75.243
19.012 63.191 19.491
-135.327 59.450 69.039
12.829 55.417 71.798
11.218 58.354 53.147
-76.452 38.317 96.017
-124.043 44.625 82.534
17.531 62.363 21.218
147.933 -42.550 77.101
-78.918 33.655 91.126
-82.627 27.760 87.977
-52.717 47.567 96.702
11.832 58.093 58.652
-123.181 49.125 79.342
-2.117 49.183 74.473
18.082 59.325 44.141
-6.389 58.207 72.902
134.900 34.350 69.507
178.427 -18.132 80.150
39.600 -69.000 53.378
134.050 34.350 69.278
-81.282 -4.582 71.974
103.853 1.262 74.951
135.183 34.333 70.389
174.033 -39.050 68.083
-5.600 36.000 66.697
176.183 -37.650 70.199
117.883 4.233 76.929
-16.240 28.480 82.893
133.640 -32.150 79.382
104.140 2.807 75.375
136.850 34.467 70.619
-6.064 56.623 70.010
-125.913 49.154 73.706
139.767 35.650 73.253
132.967 32.783 72.734
5.913 43.117 68.506
146.833 -19.250 77.360
137.217 36.767 69.418
7.567 58.000 67.371
13.750 45.650 62.779
151.850 7.450 81.126
-78.730 1.817 69.824
22.101 60.428 39.783
138.883 35.017 71.035
-5.158 57.895 69.705
-166.537 53.880 83.668
133.950 34.483 67.694
135.900 33.567 70.324
132.550 33.233 74.608
21.571 63.081 18.496
-146.362 61.125 71.031
-0.330 39.460 70.337
-71.633 -33.033 51.392
-123.110 49.287 78.008
12.217 57.100 61.363
31.100 70.333 61.313
12.426 45.419 63.699
-123.370 48.422 77.168
12.579 56.142 65.656
18.284 57.639 61.815
135.150 34.217 70.353
166.617 19.283 80.616
141.683 45.400 71.919
14.500 -22.950 80.946
-77.022 38.873 94.223
174.783 -41.283 67.923
-2.448 50.608 73.234
-0.614 54.490 73.942
-3.086 58.441 73.131
-123.965 46.708 81.734
-73.782 40.793 95.348
-77.953 34.227 90.320
18.419 54.797 61.714
-62.700 45.683 94.509
-70.672 41.523 90.713
-3.568 54.651 69.908
128.102 -15.453 77.814
118.067 24.450 71.371
-139.733 59.548 70.117
138.128 9.508 77.616
-66.117 43.833 91.833
139.633 35.467 73.820
13.817 55.417 68.189
39.190 -6.155 76.783
111.833 21.583 69.996
