144.283 44.017 30.506
-2.075 57.143 36.093
131.417 31.583 36.959
-89.833 13.583 38.556
-99.912 16.840 35.221
-176.632 51.863 37.343
-122.298 37.772 35.344
-126.931 50.587 23.027
-5.433 36.117 28.672
-149.890 61.238 30.570
-76.482 38.983 49.936
-70.400 -23.650 29.551
-53.983 47.300 44.495
-13.530 28.972 38.242
-123.767 46.208 35.992
-74.418 39.355 51.092
-2.715 51.511 34.247
141.500 38.300 31.186
-79.573 8.962 38.154
-76.578 39.267 49.716
-90.285 -0.437 38.146
-125.136 48.836 33.147
2.163 41.342 33.840
-68.205 44.392 40.773
12.903 55.756 35.062
-1.515 43.527 30.167
109.083 21.483 34.160
-128.143 52.163 19.324
-64.700 32.400 44.534
-3.050 43.357 33.186
-6.340 36.800 32.564
141.917 -10.600 38.532
-71.052 42.355 44.018
1.578 50.727 37.073
-4.500 48.383 35.995
-73.182 41.173 49.885
153.167 -27.367 40.554
122.217 -18.000 40.304
-77.100 3.900 33.386
-58.500 -34.667 30.025
152.380 -24.767 42.552
145.915 -41.050 37.688
-109.908 22.880 40.447
-6.283 36.533 32.378
1.868 50.969 35.882
-77.150 -12.050 33.717
-76.068 38.573 51.231
-125.247 50.042 29.377
-47.925 -25.017 32.434
147.058 -19.277 38.584
18.433 -33.900 39.373
-74.960 38.968 49.803
113.652 -24.898 39.074
-75.533 10.383 38.554
-9.417 38.692 34.533
15.094 37.498 33.677
103.187 5.265 37.273
-5.317 35.900 28.636
91.050 22.217 33.328
-124.322 43.345 37.916
-79.925 32.782 45.445
-64.920 18.335 38.772
-63.117 46.233 41.748
-1.635 49.651 31.837
-76.113 36.967 52.388
142.200 27.100 41.397
140.867 35.750 36.409
-157.472 1.982 39.800
-94.200 58.783 -18.035
96.883 -12.117 43.779
-1.890 47.277 35.088
-145.753 60.558 27.521
-97.217 27.580 36.113
91.833 21.450 31.713
-124.183 41.745 36.818
-79.915 9.355 38.628
1.302 52.934 39.212
8.717 53.867 36.222
130.850 -12.467 39.558
20.385 60.032 2.533
6.933 53.326 40.327
4.746 52.965 35.642
-4.185 50.368 38.792
1.085 49.929 41.100
-2.088 47.306 34.997
108.617 19.100 36.386
1.318 51.117 38.490
-75.740 36.183 52.633
2.367 51.048 36.202
31.050 -29.867 37.581
27.917 -33.017 40.869
-109.448 -27.150 31.601
-66.985 44.903 43.026
162.387 11.430 45.535
-116.633 31.850 42.089
8.433 55.467 37.266
-79.647 0.992 32.588
121.900 -33.867 38.366
-64.267 -65.250 2.412
1.348 51.957 41.684
-81.467 30.672 45.377
-4.983 52.014 33.957
18.211 60.409 -1.586
151.233 -33.850 39.541
-80.902 32.033 45.325
-95.308 28.948 41.589
115.717 -32.050 37.804
-166.288 23.868 41.584
139.933 40.650 33.027
128.850 32.700 39.406
-123.451 48.769 33.603
179.195 -8.525 42.680
-16.907 32.640 44.070
21.231 64.916 -17.781
-94.793 29.310 37.906
73.152 -0.687 43.109
11.933 54.567 33.094
102.107 6.227 34.268
-5.350 36.117 30.261
-3.018 53.450 28.836
11.791 57.685 22.592
-89.957 29.263 24.842
144.650 13.433 39.381
-110.900 27.933 35.581
141.533 40.533 37.786
110.283 20.017 36.141
140.717 41.783 31.982
-63.583 44.667 48.582
132.067 34.900 32.505
27.179 60.563 16.407
145.567 43.283 37.043
22.977 59.823 14.990
1.284 51.947 40.629
9.101 63.425 15.943
24.956 60.154 17.292
-2.920 54.032 28.009
115.738 -31.825 38.093
-155.067 19.733 39.997
-3.134 51.215 35.903
89.467 21.783 32.077
147.330 -42.887 39.059
4.120 51.977 35.509
-4.631 53.308 33.463
114.217 22.300 35.519
159.957 -9.425 45.988
25.973 70.980 23.560
-157.867 21.307 42.806
12.467 56.100 29.702
131.683 32.417 37.353
-124.217 40.767 38.684
-4.111 51.211 36.450
-43.165 -22.897 33.632
-0.186 53.631 37.874
124.167 24.333 38.421
-169.530 16.738 39.339
103.792 1.462 35.358
-78.833 -33.622 35.847
-134.412 58.298 24.715
130.567 31.583 36.063
-156.467 20.900 42.064
23.096 65.697 -17.455
121.282 28.088 34.544
-171.718 -2.810 39.872
120.288 22.615 36.853
154.777 1.098 40.919
21.215 62.344 -14.471
139.750 35.517 38.848
121.745 25.157 36.693
101.358 3.050 34.383
102.153 2.215 38.573
24.515 65.673 -18.484
70.220 -49.345 47.997
-131.625 55.333 27.034
-81.808 24.553 42.374
-5.050 58.457 31.260
12.894 55.522 35.550
23.033 -34.050 39.286
99.817 11.795 34.184
98.425 7.832 40.141
135.183 34.683 33.584
133.567 33.500 33.048
-152.512 57.732 34.912
134.583 34.017 32.947
116.067 5.983 36.378
103.430 3.975 37.378
130.200 32.600 37.330
103.443 1.325 35.976
15.589 56.105 30.201
11.127 58.997 16.974
135.767 33.483 33.370
144.367 42.983 30.685
167.733 8.733 44.949
-8.400 43.367 36.918
-117.257 32.867 38.254
-80.917 -2.200 35.295
-110.345 24.162 40.364
-1.221 46.158 32.418
-87.817 13.333 39.557
17.865 58.742 15.961
99.765 6.432 38.564
177.433 -17.600 39.556
-4.781 48.359 38.039
0.106 49.482 30.423
-1.765 47.205 35.165
123.750 13.150 39.016
-3.182 55.990 33.214
-1.140 60.155 35.602
-1.794 46.497 34.770
-75.120 38.782 49.415
119.417 34.750 35.957
-64.753 17.697 37.837
10.299 43.546 31.101
-3.825 53.332 29.410
-80.717 -6.933 34.040
159.067 -31.517 41.613
-118.272 33.720 33.903
-64.883 47.083 57.060
1.751 52.473 38.709
15.150 -26.650 42.247
100.613 4.240 34.679
121.617 32.133 36.228
5.113 61.934 27.625
-67.047 17.972 38.113
137.617 34.683 30.872
135.383 35.467 37.777
171.373 7.107 42.459
130.300 31.267 35.834
-4.417 36.717 31.137
134.463 7.330 42.437
73.527 4.190 41.368
-7.333 55.367 31.677
120.967 14.583 34.914
21.463 61.594 -7.728
174.500 -35.833 40.210
16.837 58.554 18.076
173.200 52.833 41.430
-72.117 -17.000 34.505
132.717 33.867 37.520
-81.432 30.395 45.666
-106.422 23.198 37.525
139.817 34.917 35.963
15.563 38.196 34.416
-177.367 28.217 41.179
-5.014 51.702 36.218
-4.906 55.750 29.017
50.600 26.233 28.024
130.450 32.617 36.724
139.482 34.067 35.727
141.983 39.650 41.215
-157.800 21.433 42.681
7.421 43.729 31.192
-71.960 41.048 49.126
-121.888 36.605 38.942
22.133 -34.183 39.424
134.167 33.267 32.789
129.867 32.733 37.515
136.883 35.083 32.605
127.667 26.200 40.266
129.842 29.842 39.321
-1.634 47.194 35.396
-70.097 41.285 46.272
176.917 -39.483 41.330
14.269 40.841 33.046
166.905 -0.528 39.715
-159.350 21.967 39.356
129.495 28.382 40.103
-124.617 48.368 32.990
-72.087 41.355 47.216
-74.015 40.700 48.659
0.057 50.782 31.405
-5.542 50.102 37.158
-71.327 41.505 46.130
-122.910 49.200 32.761
130.992 30.735 38.906
-1.440 55.007 33.389
-60.250 46.217 52.741
166.437 -22.292 42.527
-175.167 -21.133 41.164
-140.082 -8.930 39.224
11.950 78.933 7.305
141.717 39.067 31.713
141.750 39.017 31.421
139.383 34.783 37.380
17.097 57.366 23.149
138.217 34.617 33.035
140.900 36.933 31.390
135.433 34.650 33.197
16.478 57.275 23.074
10.734 59.909 16.427
25.418 65.040 -17.297
130.217 32.983 35.921
136.217 34.067 33.770
-170.683 -14.283 46.121
-81.167 -5.083 35.103
-149.567 -17.525 34.831
-123.451 48.654 33.562
100.347 5.422 34.134
-158.053 -8.977 37.067
-87.213 30.403 41.618
-75.142 39.933 53.474
22.690 63.709 -13.774
158.243 6.987 41.430
-123.253 49.337 32.866
-25.672 37.735 43.725
-123.440 48.125 34.154
-59.133 47.567 53.234
-1.062 45.569 34.560
25.630 -33.960 40.543
118.575 -20.318 39.085
150.912 -34.473 41.315
57.495 -20.155 44.281
16.867 -29.250 38.833
-3.446 47.644 31.892
3.107 42.520 32.944
-127.489 50.722 22.615
-97.215 26.060 36.349
-70.247 43.657 44.863
141.600 -38.333 35.785
-5.120 54.843 31.656
-120.760 35.177 38.117
-1.112 50.803 32.449
-130.324 54.317 18.043
-71.401 41.807 45.981
-87.950 15.833 39.307
-15.417 28.133 38.787
-72.967 -41.483 20.972
-67.617 -54.933 22.645
-132.072 53.252 28.870
24.407 64.666 -15.977
-159.775 -21.207 36.454
20.895 63.986 -16.803
21.426 61.133 -7.751
-75.573 39.558 52.486
-21.940 64.151 20.759
-134.953 -23.125 39.023
12.113 57.250 22.377
-97.047 28.022 38.339
63.418 -19.668 40.251
11.230 64.859 15.869
-3.966 48.718 35.377
150.790 -23.162 41.702
-17.750 28.683 41.856
-93.870 29.730 26.724
133.333 36.200 39.705
-2.246 47.140 33.898
-1.682 43.395 30.564
-2.028 48.641 35.754
-2.202 47.267 34.231
-66.063 45.251 43.952
145.742 15.227 36.568
133.250 35.550 31.256
17.950 -33.017 40.859
-95.203 16.160 36.605
-117.173 32.713 37.653
-80.108 -26.292 33.558
-122.465 37.807 34.689
-90.833 13.917 39.111
-66.117 18.460 38.388
-160.502 55.337 37.133
-74.009 40.467 49.245
-90.313 -0.755 40.146
-118.500 34.008 32.579
-122.339 47.603 32.766
104.115 1.932 35.042
-151.720 59.441 30.802
-149.427 60.120 30.706
-76.330 36.947 51.182
115.350 22.750 34.559
0.743 51.442 39.296
119.550 35.383 37.472
138.517 35.017 33.239
135.383 33.683 33.633
18.433 -34.183 39.598
14.358 55.557 34.473
-135.342 57.052 30.972
19.012 63.191 -15.714
-135.327 59.450 25.548
12.829 55.417 36.269
11.218 58.354 17.106
-76.452 38.317 51.688
-124.043 44.625 37.206
17.531 62.363 -14.272
147.933 -42.550 39.347
-78.918 33.655 46.504
-82.627 27.760 43.512
-52.717 47.567 51.608
11.832 58.093 22.565
-123.181 49.125 34.394
-2.117 49.183 36.350
18.082 59.325 8.706
-6.389 58.207 33.725
134.900 34.350 32.673
178.427 -18.132 40.037
39.600 -69.000 33.404
134.050 34.350 32.419
-81.282 -4.582 35.094
103.853 1.262 34.895
135.183 34.333 33.453
174.033 -39.050 33.667
-5.600 36.000 28.989
176.183 -37.650 35.970
117.883 4.233 37.983
-16.240 28.480 42.208
133.640 -32.150 38.688
104.140 2.807 35.657
136.850 34.467 33.305
-6.064 56.623 30.903
-125.913 49.154 28.799
139.767 35.650 35.852
132.967 32.783 36.117
5.913 43.117 32.001
146.833 -19.250 37.325
137.217 36.767 32.696
7.567 58.000 30.598
13.750 45.650 27.786
151.850 7.450 39.750
-78.730 1.817 31.299
22.101 60.428 4.920
138.883 35.017 33.673
-5.158 57.895 30.131
-166.537 53.880 39.573
133.950 34.483 31.760
135.900 33.567 33.403
132.550 33.233 37.998
21.571 63.081 -16.547
-146.362 61.125 28.031
-0.330 39.460 33.456
-71.633 -33.033 27.994
-123.110 49.287 33.023
12.217 57.100 25.241
31.100 70.333 25.472
12.426 45.419 29.001
-123.370 48.422 32.558
12.579 56.142 30.094
18.284 57.639 27.163
135.150 34.217 33.455
166.617 19.283 37.932
141.683 45.400 35.019
14.500 -22.950 41.668
-77.022 38.873 49.496
174.783 -41.283 35.046
-2.448 50.608 35.205
-0.614 54.490 35.984
-3.086 58.441 34.594
-123.965 46.708 36.536
-73.782 40.793 50.667
-77.953 34.227 45.529
18.419 54.797 27.487
-62.700 45.683 49.563
-70.672 41.523 45.799
-3.568 54.651 31.251
128.102 -15.453 36.818
118.067 24.450 35.505
-139.733 59.548 26.701
138.128 9.508 37.134
-66.117 43.833 45.950
139.633 35.467 36.350
13.817 55.417 33.312
39.190 -6.155 38.411
111.833 21.583 34.843
