144.283 44.017 19.797
-2.075 57.143 25.086
131.417 31.583 26.586
-89.833 13.583 26.394
-99.912 16.840 22.736
-176.632 51.863 25.117
-122.298 37.772 22.313
-126.931 50.587 10.245
-5.433 36.117 17.829
-149.890 61.238 18.222
-76.482 38.983 37.217
-70.400 -23.650 21.451
-53.983 47.300 31.733
-13.530 28.972 26.749
-123.767 46.208 23.097
-74.418 39.355 38.094
-2.715 51.511 23.207
141.500 38.300 20.562
-79.573 8.962 26.600
-76.578 39.267 37.119
-90.285 -0.437 26.995
-125.136 48.836 20.365
2.163 41.342 23.397
-68.205 44.392 27.943
12.903 55.756 25.077
-1.515 43.527 19.457
109.083 21.483 24.062
-128.143 52.163 6.616
-64.700 32.400 31.056
-3.050 43.357 22.461
-6.340 36.800 21.550
141.917 -10.600 27.030
-71.052 42.355 31.229
1.578 50.727 26.569
-4.500 48.383 24.957
-73.182 41.173 37.237
153.167 -27.367 29.412
122.217 -18.000 28.133
-77.100 3.900 22.217
-58.500 -34.667 23.312
152.380 -24.767 31.095
145.915 -41.050 26.801
-109.908 22.880 27.828
-6.283 36.533 21.348
1.868 50.969 25.379
-77.150 -12.050 24.144
-76.068 38.573 38.383
-125.247 50.042 16.638
-47.925 -25.017 23.819
147.058 -19.277 27.135
18.433 -33.900 28.198
-74.960 38.968 37.161
113.652 -24.898 26.776
-75.533 10.383 26.763
-9.417 38.692 23.217
15.094 37.498 23.700
103.187 5.265 26.226
-5.317 35.900 18.046
91.050 22.217 23.566
-124.322 43.345 25.009
-79.925 32.782 32.941
-64.920 18.335 26.347
-63.117 46.233 29.103
-1.635 49.651 21.113
-76.113 36.967 39.958
142.200 27.100 30.222
140.867 35.750 25.413
-157.472 1.982 27.661
-94.200 58.783 -30.379
96.883 -12.117 31.214
-1.890 47.277 24.477
-145.753 60.558 15.094
-97.217 27.580 23.438
91.833 21.450 22.134
-124.183 41.745 23.787
-79.915 9.355 27.122
1.302 52.934 28.601
8.717 53.867 25.864
130.850 -12.467 27.876
20.385 60.032 -7.530
6.933 53.326 30.352
4.746 52.965 24.972
-4.185 50.368 27.765
1.085 49.929 30.700
-2.088 47.306 24.161
108.617 19.100 26.378
1.318 51.117 28.000
-75.740 36.183 40.207
2.367 51.048 25.708
31.050 -29.867 25.915
27.917 -33.017 29.343
-109.448 -27.150 23.514
-66.985 44.903 30.713
162.387 11.430 33.194
-116.633 31.850 29.619
8.433 55.467 26.922
-79.647 0.992 21.838
121.900 -33.867 26.278
-64.267 -65.250 13.288
1.348 51.957 31.049
-81.467 30.672 32.592
-4.983 52.014 22.878
18.211 60.409 -11.968
151.233 -33.850 28.648
-80.902 32.033 32.724
-95.308 28.948 29.009
115.717 -32.050 25.660
-166.288 23.868 28.386
139.933 40.650 22.316
128.850 32.700 29.347
-123.451 48.769 20.755
179.195 -8.525 30.823
-16.907 32.640 32.514
21.231 64.916 -28.067
-94.793 29.310 25.353
73.152 -0.687 31.213
11.933 54.567 22.672
102.107 6.227 23.273
-5.350 36.117 19.463
-3.018 53.450 18.096
11.791 57.685 12.192
-89.957 29.263 10.474
144.650 13.433 27.813
-110.900 27.933 22.911
141.533 40.533 26.984
110.283 20.017 26.117
140.717 41.783 21.402
-63.583 44.667 35.656
132.067 34.900 22.044
27.179 60.563 6.867
145.567 43.283 26.523
22.977 59.823 5.111
1.284 51.947 30.216
9.101 63.425 5.432
24.956 60.154 7.405
-2.920 54.032 17.235
115.738 -31.825 26.041
-155.067 19.733 27.037
-3.134 51.215 25.117
89.467 21.783 22.330
147.330 -42.887 28.301
4.120 51.977 24.915
-4.631 53.308 22.327
114.217 22.300 25.208
159.957 -9.425 33.896
25.973 70.980 12.865
-157.867 21.307 29.655
12.467 56.100 19.224
131.683 32.417 26.984
-124.217 40.767 25.585
-4.111 51.211 25.558
-43.165 -22.897 24.594
-0.186 53.631 26.902
124.167 24.333 27.916
-169.530 16.738 26.591
103.792 1.462 23.890
-78.833 -33.622 29.230
-134.412 58.298 12.440
130.567 31.583 25.483
-156.467 20.900 29.454
23.096 65.697 -27.580
121.282 28.088 24.649
-171.718 -2.810 27.684
120.288 22.615 26.606
154.777 1.098 28.889
21.215 62.344 -24.409
139.750 35.517 28.307
121.745 25.157 26.322
101.358 3.050 23.327
102.153 2.215 27.580
24.515 65.673 -28.494
70.220 -49.345 35.469
-131.625 55.333 14.516
-81.808 24.553 29.583
-5.050 58.457 20.153
12.894 55.522 25.186
23.033 -34.050 27.943
99.817 11.795 23.593
98.425 7.832 29.091
135.183 34.683 22.931
133.567 33.500 22.437
-152.512 57.732 22.131
134.583 34.017 22.353
116.067 5.983 25.242
103.430 3.975 26.322
130.200 32.600 26.871
103.443 1.325 24.404
15.589 56.105 20.020
11.127 58.997 6.768
135.767 33.483 22.759
144.367 42.983 19.894
167.733 8.733 32.272
-8.400 43.367 25.762
-117.257 32.867 25.119
-80.917 -2.200 24.600
-110.345 24.162 27.636
-1.221 46.158 21.579
-87.817 13.333 27.637
17.865 58.742 6.031
99.765 6.432 27.751
177.433 -17.600 27.924
-4.781 48.359 26.898
0.106 49.482 19.766
-1.765 47.205 24.264
123.750 13.150 27.965
-3.182 55.990 22.261
-1.140 60.155 24.467
-1.794 46.497 24.025
-75.120 38.782 36.593
119.417 34.750 26.572
-64.753 17.697 25.515
10.299 43.546 20.845
-3.825 53.332 18.521
-80.717 -6.933 23.777
159.067 -31.517 30.160
-118.272 33.720 21.037
-64.883 47.083 43.922
1.751 52.473 27.928
15.150 -26.650 30.968
100.613 4.240 23.283
121.617 32.133 26.453
5.113 61.934 16.706
-67.047 17.972 25.648
137.617 34.683 20.306
135.383 35.467 27.384
171.373 7.107 30.139
130.300 31.267 25.448
-4.417 36.717 20.536
134.463 7.330 30.720
73.527 4.190 29.957
-7.333 55.367 20.449
120.967 14.583 23.948
21.463 61.594 -17.972
174.500 -35.833 30.233
16.837 58.554 7.971
173.200 52.833 29.652
-72.117 -17.000 25.532
132.717 33.867 26.888
-81.432 30.395 33.202
-106.422 23.198 24.896
139.817 34.917 25.297
15.563 38.196 24.469
-177.367 28.217 28.513
-5.014 51.702 25.110
-4.906 55.750 17.932
50.600 26.233 18.821
130.450 32.617 26.356
139.482 34.067 24.887
141.983 39.650 30.664
-157.800 21.433 30.036
7.421 43.729 20.872
-71.960 41.048 36.124
-121.888 36.605 25.777
22.133 -34.183 28.135
134.167 33.267 22.260
129.867 32.733 27.413
136.883 35.083 22.023
127.667 26.200 29.738
129.842 29.842 28.802
-1.634 47.194 24.500
-70.097 41.285 33.561
176.917 -39.483 31.477
14.269 40.841 22.984
166.905 -0.528 27.489
-159.350 21.967 26.247
129.495 28.382 29.733
-124.617 48.368 20.181
-72.087 41.355 34.512
-74.015 40.700 35.923
0.057 50.782 20.698
-5.542 50.102 26.155
-71.327 41.505 33.327
-122.910 49.200 20.031
130.992 30.735 28.427
-1.440 55.007 22.791
-60.250 46.217 39.791
166.437 -22.292 30.783
-175.167 -21.133 30.256
-140.082 -8.930 27.883
11.950 78.933 -2.942
141.717 39.067 21.011
141.750 39.017 20.786
139.383 34.783 26.508
17.097 57.366 13.387
138.217 34.617 22.409
140.900 36.933 20.587
135.433 34.650 22.759
16.478 57.275 13.252
10.734 59.909 6.269
25.418 65.040 -27.056
130.217 32.983 25.458
136.217 34.067 23.149
-170.683 -14.283 34.463
-81.167 -5.083 24.868
-149.567 -17.525 24.334
-123.451 48.654 20.592
100.347 5.422 22.763
-158.053 -8.977 25.340
-87.213 30.403 28.948
-75.142 39.933 40.901
22.690 63.709 -23.850
158.243 6.987 29.409
-123.253 49.337 20.187
-25.672 37.735 31.449
-123.440 48.125 21.405
-59.133 47.567 39.168
-1.062 45.569 23.583
25.630 -33.960 28.885
118.575 -20.318 26.607
150.912 -34.473 30.498
57.495 -20.155 31.415
16.867 -29.250 27.665
-3.446 47.644 20.882
3.107 42.520 22.564
-127.489 50.722 9.959
-97.215 26.060 23.940
-70.247 43.657 32.359
141.600 -38.333 24.496
-5.120 54.843 20.437
-120.760 35.177 24.965
-1.112 50.803 21.645
-130.324 54.317 5.430
-71.401 41.807 33.239
-87.950 15.833 27.311
-15.417 28.133 27.192
-72.967 -41.483 16.721
-67.617 -54.933 23.722
-132.072 53.252 15.902
24.407 64.666 -25.758
-159.775 -21.207 25.916
20.895 63.986 -27.120
21.426 61.133 -17.627
-75.573 39.558 39.648
-21.940 64.151 8.995
-134.953 -23.125 29.536
12.113 57.250 11.902
-97.047 28.022 25.865
63.418 -19.668 27.207
11.230 64.859 5.327
-3.966 48.718 24.269
150.790 -23.162 30.179
-17.750 28.683 30.279
-93.870 29.730 10.443
133.333 36.200 29.117
-2.246 47.140 23.059
-1.682 43.395 19.939
-2.028 48.641 24.991
-2.202 47.267 23.390
-66.063 45.251 31.459
145.742 15.227 25.075
133.250 35.550 20.910
17.950 -33.017 29.556
-95.203 16.160 24.280
-117.173 32.713 24.648
-80.108 -26.292 25.868
-122.465 37.807 21.742
-90.833 13.917 27.061
-66.117 18.460 26.179
-160.502 55.337 24.493
-74.009 40.467 36.433
-90.313 -0.755 28.815
-118.500 34.008 19.681
-122.339 47.603 20.195
104.115 1.932 23.512
-151.720 59.441 18.482
-149.427 60.120 18.275
-76.330 36.947 38.432
115.350 22.750 24.409
0.743 51.442 28.558
119.550 35.383 27.684
138.517 35.017 22.438
135.383 33.683 23.106
18.433 -34.183 28.399
14.358 55.557 24.463
-135.342 57.052 18.258
19.012 63.191 -25.824
-135.327 59.450 12.914
12.829 55.417 26.416
11.218 58.354 6.657
-76.452 38.317 38.885
-124.043 44.625 24.273
17.531 62.363 -24.182
147.933 -42.550 28.776
-78.918 33.655 33.482
-82.627 27.760 30.560
-52.717 47.567 38.648
11.832 58.093 12.501
-123.181 49.125 21.419
-2.117 49.183 25.824
18.082 59.325 -1.328
-6.389 58.207 22.768
134.900 34.350 22.116
178.427 -18.132 28.213
39.600 -69.000 27.709
134.050 34.350 21.890
-81.282 -4.582 24.562
103.853 1.262 23.333
135.183 34.333 22.911
174.033 -39.050 23.930
-5.600 36.000 18.236
176.183 -37.650 26.146
117.883 4.233 26.681
-16.240 28.480 30.815
133.640 -32.150 27.281
104.140 2.807 24.409
136.850 34.467 22.622
-6.064 56.623 19.637
-125.913 49.154 15.960
139.767 35.650 24.974
132.967 32.783 25.557
5.913 43.117 21.596
146.833 -19.250 25.890
137.217 36.767 22.183
7.567 58.000 19.919
13.750 45.650 17.832
151.850 7.450 27.800
-78.730 1.817 20.250
22.101 60.428 -5.072
138.883 35.017 23.030
-5.158 57.895 19.389
-166.537 53.880 27.110
133.950 34.483 21.478
135.900 33.567 22.756
132.550 33.233 27.071
21.571 63.081 -26.551
-146.362 61.125 15.693
-0.330 39.460 22.700
-71.633 -33.033 21.151
-123.110 49.287 20.293
12.217 57.100 14.750
31.100 70.333 15.155
12.426 45.419 18.923
-123.370 48.422 19.521
12.579 56.142 19.720
18.284 57.639 16.898
135.150 34.217 22.814
166.617 19.283 25.838
141.683 45.400 24.634
14.500 -22.950 30.413
-77.022 38.873 36.860
174.783 -41.283 25.761
-2.448 50.608 24.314
-0.614 54.490 25.167
-3.086 58.441 23.521
-123.965 46.708 23.693
-73.782 40.793 38.181
-77.953 34.227 32.713
18.419 54.797 18.226
-62.700 45.683 37.191
-70.672 41.523 32.751
-3.568 54.651 20.138
128.102 -15.453 25.237
118.067 24.450 25.231
-139.733 59.548 14.153
138.128 9.508 25.484
-66.117 43.833 33.862
139.633 35.467 25.902
13.817 55.417 23.179
39.190 -6.155 27.170
111.833 21.583 24.947
