144.283 44.017 35.856
-2.075 57.143 41.594
131.417 31.583 42.272
-89.833 13.583 44.590
-99.912 16.840 41.422
-176.632 51.863 43.411
-122.298 37.772 41.772
-126.931 50.587 29.366
-5.433 36.117 34.036
-149.890 61.238 36.570
-76.482 38.983 56.343
-70.400 -23.650 33.692
-53.983 47.300 50.971
-13.530 28.972 43.871
-123.767 46.208 42.344
-74.418 39.355 57.251
-2.715 51.511 39.635
141.500 38.300 36.563
-79.573 8.962 44.174
-76.578 39.267 55.814
-90.285 -0.437 43.757
-125.136 48.836 39.694
2.163 41.342 39.186
-68.205 44.392 47.239
12.903 55.756 40.260
-1.515 43.527 35.400
109.083 21.483 39.002
-128.143 52.163 25.710
-64.700 32.400 50.803
-3.050 43.357 38.579
-6.340 36.800 37.982
141.917 -10.600 44.606
-71.052 42.355 50.026
1.578 50.727 42.323
-4.500 48.383 41.551
-73.182 41.173 56.519
153.167 -27.367 46.183
122.217 -18.000 46.280
-77.100 3.900 38.781
-58.500 -34.667 33.313
152.380 -24.767 47.955
145.915 -41.050 43.249
-109.908 22.880 46.811
-6.283 36.533 37.766
1.868 50.969 41.086
-77.150 -12.050 38.571
-76.068 38.573 57.799
-125.247 50.042 35.765
-47.925 -25.017 36.756
147.058 -19.277 44.305
18.433 -33.900 44.866
-74.960 38.968 56.035
113.652 -24.898 45.461
-75.533 10.383 44.270
-9.417 38.692 40.063
15.094 37.498 38.720
103.187 5.265 42.808
-5.317 35.900 34.146
91.050 22.217 38.096
-124.322 43.345 44.457
-79.925 32.782 51.882
-64.920 18.335 45.069
-63.117 46.233 48.170
-1.635 49.651 37.075
-76.113 36.967 58.784
142.200 27.100 47.393
140.867 35.750 41.749
-157.472 1.982 46.233
-94.200 58.783 -13.168
96.883 -12.117 50.205
-1.890 47.277 40.583
-145.753 60.558 33.659
-97.217 27.580 43.529
91.833 21.450 36.641
-124.183 41.745 43.428
-79.915 9.355 44.650
1.302 52.934 44.740
8.717 53.867 41.397
130.850 -12.467 45.526
20.385 60.032 7.594
6.933 53.326 45.902
4.746 52.965 40.671
-4.185 50.368 44.211
1.085 49.929 46.168
-2.088 47.306 40.486
108.617 19.100 41.396
1.318 51.117 43.842
-75.740 36.183 59.159
2.367 51.048 41.493
31.050 -29.867 43.333
27.917 -33.017 46.785
-109.448 -27.150 35.429
-66.985 44.903 49.344
162.387 11.430 51.887
-116.633 31.850 48.972
8.433 55.467 42.658
-79.647 0.992 38.243
121.900 -33.867 44.496
-64.267 -65.250 -2.526
1.348 51.957 47.032
-81.467 30.672 51.676
-4.983 52.014 39.450
18.211 60.409 3.490
151.233 -33.850 45.099
-80.902 32.033 51.811
-95.308 28.948 47.993
115.717 -32.050 44.225
-166.288 23.868 47.868
139.933 40.650 38.118
128.850 32.700 44.631
-123.451 48.769 40.118
179.195 -8.525 48.494
-16.907 32.640 49.953
21.231 64.916 -12.836
-94.793 29.310 43.972
73.152 -0.687 48.707
11.933 54.567 38.102
102.107 6.227 39.760
-5.350 36.117 35.741
-3.018 53.450 34.380
11.791 57.685 27.810
-89.957 29.263 29.577
144.650 13.433 45.282
-110.900 27.933 42.091
141.533 40.533 43.157
110.283 20.017 41.096
140.717 41.783 37.462
-63.583 44.667 54.754
132.067 34.900 37.521
27.179 60.563 21.247
145.567 43.283 42.477
22.977 59.823 20.063
1.284 51.947 45.702
9.101 63.425 21.153
24.956 60.154 22.355
-2.920 54.032 33.418
115.738 -31.825 44.364
-155.067 19.733 46.706
-3.134 51.215 41.588
89.467 21.783 36.840
147.330 -42.887 44.378
4.120 51.977 40.842
-4.631 53.308 38.814
114.217 22.300 40.584
159.957 -9.425 51.976
25.973 70.980 28.637
-157.867 21.307 49.073
12.467 56.100 34.925
131.683 32.417 42.473
-124.217 40.767 45.258
-4.111 51.211 42.031
-43.165 -22.897 38.374
-0.186 53.631 43.075
124.167 24.333 43.909
-169.530 16.738 45.615
103.792 1.462 40.997
-78.833 -33.622 39.218
-134.412 58.298 30.960
130.567 31.583 41.200
-156.467 20.900 48.818
23.096 65.697 -12.772
121.282 28.088 39.471
-171.718 -2.810 45.606
120.288 22.615 42.094
154.777 1.098 46.960
21.215 62.344 -9.312
139.750 35.517 44.281
121.745 25.157 41.977
101.358 3.050 39.858
102.153 2.215 44.222
24.515 65.673 -13.432
70.220 -49.345 53.497
-131.625 55.333 33.620
-81.808 24.553 48.668
-5.050 58.457 37.100
12.894 55.522 40.394
23.033 -34.050 45.042
99.817 11.795 39.527
98.425 7.832 45.297
135.183 34.683 38.700
133.567 33.500 38.248
-152.512 57.732 41.113
134.583 34.017 38.262
116.067 5.983 41.993
103.430 3.975 43.003
130.200 32.600 42.256
103.443 1.325 41.572
15.589 56.105 35.121
11.127 58.997 22.061
135.767 33.483 38.530
144.367 42.983 35.982
167.733 8.733 50.389
-8.400 43.367 42.626
-117.257 32.867 44.437
-80.917 -2.200 40.455
-110.345 24.162 46.870
-1.221 46.158 37.854
-87.817 13.333 45.455
17.865 58.742 20.680
99.765 6.432 44.246
177.433 -17.600 45.285
-4.781 48.359 43.455
0.106 49.482 35.688
-1.765 47.205 40.596
123.750 13.150 44.569
-3.182 55.990 38.404
-1.140 60.155 41.031
-1.794 46.497 40.285
-75.120 38.782 55.756
119.417 34.750 41.067
-64.753 17.697 44.067
10.299 43.546 36.123
-3.825 53.332 34.764
-80.717 -6.933 39.191
159.067 -31.517 47.001
-118.272 33.720 40.684
-64.883 47.083 63.717
1.751 52.473 43.839
15.150 -26.650 48.133
100.613 4.240 40.294
121.617 32.133 40.975
5.113 61.934 32.867
-67.047 17.972 44.159
137.617 34.683 36.008
135.383 35.467 43.065
171.373 7.107 48.525
130.300 31.267 41.146
-4.417 36.717 36.443
134.463 7.330 48.121
73.527 4.190 47.087
-7.333 55.367 37.155
120.967 14.583 40.608
21.463 61.594 -2.842
174.500 -35.833 45.432
16.837 58.554 23.208
173.200 52.833 47.522
-72.117 -17.000 38.684
132.717 33.867 42.689
-81.432 30.395 52.210
-106.422 23.198 43.768
139.817 34.917 41.503
15.563 38.196 39.336
-177.367 28.217 47.708
-5.014 51.702 41.794
-4.906 55.750 34.662
50.600 26.233 32.541
130.450 32.617 41.752
139.482 34.067 41.070
141.983 39.650 46.552
-157.800 21.433 49.229
7.421 43.729 36.219
-71.960 41.048 55.832
-121.888 36.605 45.496
22.133 -34.183 45.020
134.167 33.267 38.105
129.867 32.733 42.956
136.883 35.083 37.992
127.667 26.200 45.559
129.842 29.842 44.531
-1.634 47.194 40.863
-70.097 41.285 52.674
176.917 -39.483 46.060
14.269 40.841 38.174
166.905 -0.528 45.972
-159.350 21.967 45.767
129.495 28.382 45.335
-124.617 48.368 39.514
-72.087 41.355 53.816
-74.015 40.700 54.965
0.057 50.782 36.693
-5.542 50.102 42.934
-71.327 41.505 52.928
-122.910 49.200 39.142
130.992 30.735 44.332
-1.440 55.007 39.083
-60.250 46.217 59.458
166.437 -22.292 48.606
-175.167 -21.133 46.835
-140.082 -8.930 45.007
11.950 78.933 13.420
141.717 39.067 36.861
141.750 39.017 36.713
139.383 34.783 42.781
17.097 57.366 28.056
138.217 34.617 38.351
140.900 36.933 36.755
135.433 34.650 38.520
16.478 57.275 28.053
10.734 59.909 21.350
25.418 65.040 -12.033
130.217 32.983 40.836
136.217 34.067 39.082
-170.683 -14.283 51.420
-81.167 -5.083 40.349
-149.567 -17.525 40.165
-123.451 48.654 39.907
100.347 5.422 39.613
-158.053 -8.977 42.882
-87.213 30.403 48.028
-75.142 39.933 59.701
22.690 63.709 -8.805
158.243 6.987 47.390
-123.253 49.337 39.414
-25.672 37.735 49.787
-123.440 48.125 40.589
-59.133 47.567 58.640
-1.062 45.569 39.837
25.630 -33.960 46.296
118.575 -20.318 45.175
150.912 -34.473 46.644
57.495 -20.155 50.425
16.867 -29.250 44.690
-3.446 47.644 37.335
3.107 42.520 38.117
-127.489 50.722 29.048
-97.215 26.060 42.597
-70.247 43.657 51.441
141.600 -38.333 41.385
-5.120 54.843 37.178
-120.760 35.177 44.683
-1.112 50.803 37.895
-130.324 54.317 24.365
-71.401 41.807 52.226
-87.950 15.833 45.378
-15.417 28.133 44.587
-72.967 -41.483 23.096
-67.617 -54.933 22.147
-132.072 53.252 35.316
24.407 64.666 -10.969
-159.775 -21.207 41.702
20.895 63.986 -11.785
21.426 61.133 -2.573
-75.573 39.558 59.030
-21.940 64.151 26.277
-134.953 -23.125 43.722
12.113 57.250 27.577
-97.047 28.022 44.621
63.418 -19.668 46.689
11.230 64.859 20.947
-3.966 48.718 41.005
150.790 -23.162 47.373
-17.750 28.683 47.755
-93.870 29.730 32.562
133.333 36.200 44.727
-2.246 47.140 39.296
-1.682 43.395 35.877
-2.028 48.641 41.303
-2.202 47.267 39.553
-66.063 45.251 50.071
145.742 15.227 42.432
133.250 35.550 36.461
17.950 -33.017 46.444
-95.203 16.160 42.707
-117.173 32.713 44.010
-80.108 -26.292 37.503
-122.465 37.807 41.137
-90.833 13.917 45.293
-66.117 18.460 44.694
-160.502 55.337 43.204
-74.009 40.467 55.392
-90.313 -0.755 45.822
-118.500 34.008 39.046
-122.339 47.603 39.351
104.115 1.932 40.628
-151.720 59.441 36.952
-149.427 60.120 36.919
-76.330 36.947 57.364
115.350 22.750 39.699
0.743 51.442 44.287
119.550 35.383 42.229
138.517 35.017 38.481
135.383 33.683 39.031
18.433 -34.183 45.137
14.358 55.557 39.657
-135.342 57.052 37.412
19.012 63.191 -10.541
-135.327 59.450 31.768
12.829 55.417 41.470
11.218 58.354 21.902
-76.452 38.317 57.861
-124.043 44.625 43.745
17.531 62.363 -9.122
147.933 -42.550 44.531
-78.918 33.655 52.949
-82.627 27.760 49.827
-52.717 47.567 58.066
11.832 58.093 28.094
-123.181 49.125 40.606
-2.117 49.183 42.018
18.082 59.325 13.584
-6.389 58.207 39.787
134.900 34.350 37.921
178.427 -18.132 45.554
39.600 -69.000 36.326
134.050 34.350 37.708
-81.282 -4.582 40.226
103.853 1.262 40.589
135.183 34.333 38.685
174.033 -39.050 38.566
-5.600 36.000 34.331
176.183 -37.650 40.957
117.883 4.233 43.331
-16.240 28.480 48.352
133.640 -32.150 44.645
104.140 2.807 41.293
136.850 34.467 38.715
-6.064 56.623 36.233
-125.913 49.154 35.245
139.767 35.650 41.244
132.967 32.783 41.277
5.913 43.117 37.186
146.833 -19.250 43.086
137.217 36.767 37.966
7.567 58.000 35.884
13.750 45.650 32.782
151.850 7.450 45.577
-78.730 1.817 36.858
22.101 60.428 9.972
138.883 35.017 38.919
-5.158 57.895 35.932
-166.537 53.880 45.726
133.950 34.483 36.950
135.900 33.567 38.602
132.550 33.233 42.907
21.571 63.081 -11.312
-146.362 61.125 34.266
-0.330 39.460 38.541
-71.633 -33.033 31.303
-123.110 49.287 39.485
12.217 57.100 30.303
31.100 70.333 30.541
12.426 45.419 33.971
-123.370 48.422 38.766
12.579 56.142 35.055
18.284 57.639 31.593
135.150 34.217 38.619
166.617 19.283 44.011
141.683 45.400 40.315
14.500 -22.950 47.296
-77.022 38.873 55.935
174.783 -41.283 39.757
-2.448 50.608 40.666
-0.614 54.490 41.298
-3.086 58.441 39.985
-123.965 46.708 42.917
-73.782 40.793 57.153
-77.953 34.227 51.982
18.419 54.797 32.535
-62.700 45.683 56.224
-70.672 41.523 51.866
-3.568 54.651 36.653
128.102 -15.453 42.452
118.067 24.450 40.390
-139.733 59.548 32.863
138.128 9.508 43.031
-66.117 43.833 53.036
139.633 35.467 41.615
13.817 55.417 38.301
39.190 -6.155 43.733
111.833 21.583 39.883
