144.283 44.017 57.301
-2.075 57.143 63.858
131.417 31.583 63.877
-89.833 13.583 67.630
-99.912 16.840 64.215
-176.632 51.863 66.630
-122.298 37.772 65.148
-126.931 50.587 51.396
-5.433 36.117 55.634
-149.890 61.238 57.589
-76.482 38.983 80.042
-70.400 -23.650 50.709
-53.983 47.300 76.149
-13.530 28.972 67.589
-123.767 46.208 64.558
-74.418 39.355 81.037
-2.715 51.511 60.999
141.500 38.300 58.818
-79.573 8.962 68.408
-76.578 39.267 80.063
-90.285 -0.437 65.850
-125.136 48.836 61.339
2.163 41.342 61.745
-68.205 44.392 71.972
12.903 55.756 62.518
-1.515 43.527 57.989
109.083 21.483 60.000
-128.143 52.163 47.427
-64.700 32.400 75.521
-3.050 43.357 61.386
-6.340 36.800 60.425
141.917 -10.600 68.162
-71.052 42.355 74.824
1.578 50.727 64.051
-4.500 48.383 63.127
-73.182 41.173 80.291
153.167 -27.367 70.088
122.217 -18.000 70.392
-77.100 3.900 60.405
-58.500 -34.667 48.881
152.380 -24.767 71.076
145.915 -41.050 64.834
-109.908 22.880 71.510
-6.283 36.533 60.667
1.868 50.969 62.363
-77.150 -12.050 58.040
-76.068 38.573 81.838
-125.247 50.042 58.141
-47.925 -25.017 55.940
147.058 -19.277 68.337
18.433 -33.900 67.803
-74.960 38.968 81.444
113.652 -24.898 69.716
-75.533 10.383 69.089
-9.417 38.692 62.850
15.094 37.498 59.197
103.187 5.265 65.189
-5.317 35.900 56.657
91.050 22.217 58.016
-124.322 43.345 66.956
-79.925 32.782 76.598
-64.920 18.335 68.342
-63.117 46.233 77.566
-1.635 49.651 59.781
-76.113 36.967 83.074
142.200 27.100 70.872
140.867 35.750 63.655
-157.472 1.982 69.240
-94.200 58.783 13.388
96.883 -12.117 76.414
-1.890 47.277 61.827
-145.753 60.558 54.674
-97.217 27.580 67.086
91.833 21.450 56.593
-124.183 41.745 66.142
-79.915 9.355 69.069
1.302 52.934 67.038
8.717 53.867 64.319
130.850 -12.467 69.271
20.385 60.032 32.305
6.933 53.326 67.326
4.746 52.965 63.967
-4.185 50.368 65.333
1.085 49.929 68.688
-2.088 47.306 61.803
108.617 19.100 62.667
1.318 51.117 65.329
-75.740 36.183 83.111
2.367 51.048 63.239
31.050 -29.867 66.845
27.917 -33.017 69.892
-109.448 -27.150 52.289
-66.985 44.903 74.315
162.387 11.430 77.527
-116.633 31.850 73.090
8.433 55.467 65.710
-79.647 0.992 59.364
121.900 -33.867 67.523
-64.267 -65.250 -12.895
1.348 51.957 67.995
-81.467 30.672 76.190
-4.983 52.014 60.553
18.211 60.409 27.126
151.233 -33.850 68.247
-80.902 32.033 76.437
-95.308 28.948 71.872
115.717 -32.050 67.797
-166.288 23.868 73.638
139.933 40.650 61.092
128.850 32.700 68.428
-123.451 48.769 61.951
179.195 -8.525 72.631
-16.907 32.640 75.735
21.231 64.916 9.181
-94.793 29.310 67.451
73.152 -0.687 74.104
11.933 54.567 59.857
102.107 6.227 63.221
-5.350 36.117 58.277
-3.018 53.450 57.002
11.791 57.685 50.090
-89.957 29.263 53.677
144.650 13.433 70.791
-110.900 27.933 65.458
141.533 40.533 66.570
110.283 20.017 61.513
140.717 41.783 60.107
-63.583 44.667 78.603
132.067 34.900 59.434
27.179 60.563 45.174
145.567 43.283 65.947
22.977 59.823 43.884
1.284 51.947 67.811
9.101 63.425 45.619
24.956 60.154 45.419
-2.920 54.032 55.948
115.738 -31.825 68.071
-155.067 19.733 72.545
-3.134 51.215 63.159
89.467 21.783 56.187
147.330 -42.887 66.898
4.120 51.977 63.920
-4.631 53.308 60.060
114.217 22.300 61.410
159.957 -9.425 77.377
25.973 70.980 53.568
-157.867 21.307 75.466
12.467 56.100 57.599
131.683 32.417 63.736
-124.217 40.767 67.833
-4.111 51.211 63.097
-43.165 -22.897 57.827
-0.186 53.631 63.354
124.167 24.333 65.304
-169.530 16.738 71.279
103.792 1.462 65.557
-78.833 -33.622 53.312
-134.412 58.298 52.554
130.567 31.583 63.448
-156.467 20.900 75.139
23.096 65.697 10.859
121.282 28.088 59.536
-171.718 -2.810 69.264
120.288 22.615 64.258
154.777 1.098 70.465
21.215 62.344 13.834
139.750 35.517 67.101
121.745 25.157 63.000
101.358 3.050 62.792
102.153 2.215 67.498
24.515 65.673 9.606
70.220 -49.345 81.591
-131.625 55.333 54.965
-81.808 24.553 73.164
-5.050 58.457 58.826
12.894 55.522 63.745
23.033 -34.050 66.896
99.817 11.795 62.728
98.425 7.832 67.807
135.183 34.683 60.847
133.567 33.500 59.599
-152.512 57.732 64.199
134.583 34.017 59.871
116.067 5.983 64.374
103.430 3.975 66.009
130.200 32.600 65.585
103.443 1.325 67.133
15.589 56.105 59.034
11.127 58.997 44.249
135.767 33.483 61.434
144.367 42.983 57.291
167.733 8.733 76.270
-8.400 43.367 64.419
-117.257 32.867 68.561
-80.917 -2.200 61.380
-110.345 24.162 70.867
-1.221 46.158 58.839
-87.817 13.333 68.374
17.865 58.742 44.591
99.765 6.432 65.918
177.433 -17.600 67.480
-4.781 48.359 64.979
0.106 49.482 57.975
-1.765 47.205 61.715
123.750 13.150 67.165
-3.182 55.990 60.493
-1.140 60.155 63.827
-1.794 46.497 61.490
-75.120 38.782 80.857
119.417 34.750 61.695
-64.753 17.697 67.148
10.299 43.546 57.521
-3.825 53.332 57.547
-80.717 -6.933 59.815
159.067 -31.517 71.745
-118.272 33.720 64.613
-64.883 47.083 87.238
1.751 52.473 65.655
15.150 -26.650 71.607
100.613 4.240 63.077
121.617 32.133 61.421
5.113 61.934 56.385
-67.047 17.972 67.611
137.617 34.683 57.463
135.383 35.467 65.928
171.373 7.107 73.848
130.300 31.267 63.220
-4.417 36.717 59.461
134.463 7.330 73.655
73.527 4.190 71.456
-7.333 55.367 59.793
120.967 14.583 63.955
21.463 61.594 20.939
174.500 -35.833 68.480
16.837 58.554 46.940
173.200 52.833 70.965
-72.117 -17.000 57.107
132.717 33.867 64.098
-81.432 30.395 76.656
-106.422 23.198 66.965
139.817 34.917 64.092
15.563 38.196 60.508
-177.367 28.217 72.527
-5.014 51.702 62.907
-4.906 55.750 56.571
50.600 26.233 53.385
130.450 32.617 65.125
139.482 34.067 63.711
141.983 39.650 70.558
-157.800 21.433 74.921
7.421 43.729 57.777
-71.960 41.048 80.578
-121.888 36.605 69.355
22.133 -34.183 67.624
134.167 33.267 59.428
129.867 32.733 66.549
136.883 35.083 59.784
127.667 26.200 68.156
129.842 29.842 67.243
-1.634 47.194 62.055
-70.097 41.285 78.309
176.917 -39.483 69.151
14.269 40.841 59.840
166.905 -0.528 69.343
-159.350 21.967 71.116
129.495 28.382 68.462
-124.617 48.368 61.639
-72.087 41.355 79.120
-74.015 40.700 79.033
0.057 50.782 59.176
-5.542 50.102 64.145
-71.327 41.505 78.056
-122.910 49.200 60.748
130.992 30.735 67.504
-1.440 55.007 61.875
-60.250 46.217 84.550
166.437 -22.292 72.561
-175.167 -21.133 70.022
-140.082 -8.930 66.381
11.950 78.933 32.562
141.717 39.067 59.271
141.750 39.017 59.192
139.383 34.783 65.910
17.097 57.366 51.834
138.217 34.617 60.465
140.900 36.933 60.117
135.433 34.650 60.308
16.478 57.275 52.078
10.734 59.909 43.861
25.418 65.040 11.296
130.217 32.983 63.683
136.217 34.067 61.434
-170.683 -14.283 73.976
-81.167 -5.083 60.887
-149.567 -17.525 61.078
-123.451 48.654 61.710
100.347 5.422 62.401
-158.053 -8.977 64.654
-87.213 30.403 71.847
-75.142 39.933 83.403
22.690 63.709 14.477
158.243 6.987 71.889
-123.253 49.337 61.406
-25.672 37.735 74.705
-123.440 48.125 62.227
-59.133 47.567 84.427
-1.062 45.569 61.220
25.630 -33.960 69.123
118.575 -20.318 69.542
150.912 -34.473 70.300
57.495 -20.155 76.333
16.867 -29.250 68.128
-3.446 47.644 59.577
3.107 42.520 60.079
-127.489 50.722 51.075
-97.215 26.060 65.682
-70.247 43.657 74.204
141.600 -38.333 63.603
-5.120 54.843 57.791
-120.760 35.177 68.789
-1.112 50.803 60.530
-130.324 54.317 46.304
-71.401 41.807 77.929
-87.950 15.833 71.172
-15.417 28.133 68.819
-72.967 -41.483 32.530
-67.617 -54.933 25.791
-132.072 53.252 57.196
24.407 64.666 11.895
-159.775 -21.207 62.887
20.895 63.986 11.583
21.426 61.133 21.206
-75.573 39.558 82.676
-21.940 64.151 48.401
-134.953 -23.125 63.642
12.113 57.250 49.818
-97.047 28.022 68.115
63.418 -19.668 71.165
11.230 64.859 44.444
-3.966 48.718 62.340
150.790 -23.162 70.812
-17.750 28.683 72.556
-93.870 29.730 56.452
133.333 36.200 68.301
-2.246 47.140 60.559
-1.682 43.395 58.816
-2.028 48.641 63.362
-2.202 47.267 60.729
-66.063 45.251 74.806
145.742 15.227 65.778
133.250 35.550 59.584
17.950 -33.017 69.566
-95.203 16.160 65.787
-117.173 32.713 67.884
-80.108 -26.292 53.722
-122.465 37.807 64.386
-90.833 13.917 68.609
-66.117 18.460 68.289
-160.502 55.337 66.041
-74.009 40.467 79.500
-90.313 -0.755 68.357
-118.500 34.008 63.164
-122.339 47.603 61.071
104.115 1.932 64.839
-151.720 59.441 58.889
-149.427 60.120 59.057
-76.330 36.947 81.512
115.350 22.750 60.744
0.743 51.442 65.910
119.550 35.383 62.388
138.517 35.017 60.952
135.383 33.683 61.674
18.433 -34.183 68.199
14.358 55.557 63.650
-135.342 57.052 59.050
19.012 63.191 11.993
-135.327 59.450 53.385
12.829 55.417 64.070
11.218 58.354 44.494
-76.452 38.317 82.366
-124.043 44.625 65.914
17.531 62.363 14.233
147.933 -42.550 69.607
-78.918 33.655 77.415
-82.627 27.760 74.209
-52.717 47.567 81.065
11.832 58.093 49.993
-123.181 49.125 62.537
-2.117 49.183 63.913
18.082 59.325 37.145
-6.389 58.207 61.218
134.900 34.350 59.874
178.427 -18.132 68.686
39.600 -69.000 50.377
134.050 34.350 59.319
-81.282 -4.582 61.038
103.853 1.262 64.819
135.183 34.333 61.143
174.033 -39.050 61.002
-5.600 36.000 56.345
176.183 -37.650 64.569
117.883 4.233 68.232
-16.240 28.480 72.883
133.640 -32.150 66.955
104.140 2.807 65.861
136.850 34.467 60.949
-6.064 56.623 58.723
-125.913 49.154 57.265
139.767 35.650 63.031
132.967 32.783 62.339
5.913 43.117 58.281
146.833 -19.250 66.994
137.217 36.767 61.022
7.567 58.000 59.280
13.750 45.650 52.843
151.850 7.450 70.311
-78.730 1.817 58.655
22.101 60.428 33.897
138.883 35.017 61.625
-5.158 57.895 57.865
-166.537 53.880 69.322
133.950 34.483 60.110
135.900 33.567 60.839
132.550 33.233 64.561
21.571 63.081 12.209
-146.362 61.125 55.303
-0.330 39.460 60.564
-71.633 -33.033 46.041
-123.110 49.287 61.504
12.217 57.100 52.685
31.100 70.333 55.389
12.426 45.419 53.889
-123.370 48.422 60.568
12.579 56.142 57.475
18.284 57.639 56.481
135.150 34.217 61.483
166.617 19.283 68.818
141.683 45.400 62.286
14.500 -22.950 71.225
-77.022 38.873 80.425
174.783 -41.283 62.842
-2.448 50.608 62.190
-0.614 54.490 63.558
-3.086 58.441 61.524
-123.965 46.708 65.089
-73.782 40.793 81.284
-77.953 34.227 76.933
18.419 54.797 55.011
-62.700 45.683 82.568
-70.672 41.523 77.758
-3.568 54.651 58.021
128.102 -15.453 66.279
118.067 24.450 61.805
-139.733 59.548 53.917
138.128 9.508 67.244
-66.117 43.833 78.383
139.633 35.467 63.725
13.817 55.417 62.077
39.190 -6.155 67.375
111.833 21.583 60.790
