144.283 44.017 43.406
-2.075 57.143 47.819
131.417 31.583 47.759
-89.833 13.583 51.213
-99.912 16.840 48.802
-176.632 51.863 51.320
-122.298 37.772 49.150
-126.931 50.587 36.782
-5.433 36.117 40.956
-149.890 61.238 42.763
-76.482 38.983 62.720
-70.400 -23.650 38.897
-53.983 47.300 57.626
-13.530 28.972 50.958
-123.767 46.208 49.174
-74.418 39.355 63.340
-2.715 51.511 45.968
141.500 38.300 44.137
-79.573 8.962 52.116
-76.578 39.267 62.378
-90.285 -0.437 50.935
-125.136 48.836 46.308
2.163 41.342 46.420
-68.205 44.392 53.746
12.903 55.756 47.934
-1.515 43.527 43.108
109.083 21.483 46.031
-128.143 52.163 32.387
-64.700 32.400 59.435
-3.050 43.357 45.909
-6.340 36.800 44.932
141.917 -10.600 52.544
-71.052 42.355 56.740
1.578 50.727 48.740
-4.500 48.383 47.842
-73.182 41.173 61.877
153.167 -27.367 54.211
122.217 -18.000 54.323
-77.100 3.900 45.054
-58.500 -34.667 38.148
152.380 -24.767 55.644
145.915 -41.050 50.228
-109.908 22.880 55.285
-6.283 36.533 44.948
1.868 50.969 47.574
-77.150 -12.050 44.122
-76.068 38.573 64.427
-125.247 50.042 42.641
-47.925 -25.017 42.784
147.058 -19.277 53.081
18.433 -33.900 51.765
-74.960 38.968 63.947
113.652 -24.898 53.169
-75.533 10.383 52.688
-9.417 38.692 47.327
15.094 37.498 45.081
103.187 5.265 50.597
-5.317 35.900 41.796
91.050 22.217 44.802
-124.322 43.345 51.456
-79.925 32.782 59.547
-64.920 18.335 52.165
-63.117 46.233 59.193
-1.635 49.651 44.216
-76.113 36.967 65.809
142.200 27.100 54.519
140.867 35.750 47.225
-157.472 1.982 53.453
-94.200 58.783 -6.093
96.883 -12.117 58.886
-1.890 47.277 46.663
-145.753 60.558 39.855
-97.217 27.580 49.319
91.833 21.450 43.184
-124.183 41.745 50.693
-79.915 9.355 52.476
1.302 52.934 51.398
8.717 53.867 48.791
130.850 -12.467 53.229
20.385 60.032 16.494
6.933 53.326 52.945
4.746 52.965 48.311
-4.185 50.368 50.010
1.085 49.929 52.705
-2.088 47.306 46.852
108.617 19.100 48.307
1.318 51.117 49.985
-75.740 36.183 66.140
2.367 51.048 48.099
31.050 -29.867 51.006
27.917 -33.017 53.881
-109.448 -27.150 40.577
-66.985 44.903 55.559
162.387 11.430 60.177
-116.633 31.850 56.519
8.433 55.467 50.100
-79.647 0.992 45.334
121.900 -33.867 51.765
-64.267 -65.250 -8.737
1.348 51.957 53.268
-81.467 30.672 59.309
-4.983 52.014 45.591
18.211 60.409 11.967
151.233 -33.850 52.959
-80.902 32.033 59.664
-95.308 28.948 55.082
115.717 -32.050 51.948
-166.288 23.868 55.886
139.933 40.650 46.031
128.850 32.700 51.104
-123.451 48.769 46.614
179.195 -8.525 56.083
-16.907 32.640 57.359
21.231 64.916 -5.772
-94.793 29.310 51.077
73.152 -0.687 57.074
11.933 54.567 45.099
102.107 6.227 48.022
-5.350 36.117 42.871
-3.018 53.450 41.873
11.791 57.685 34.869
-89.957 29.263 37.987
144.650 13.433 54.354
-110.900 27.933 49.936
141.533 40.533 50.411
110.283 20.017 47.953
140.717 41.783 45.320
-63.583 44.667 59.970
132.067 34.900 44.698
27.179 60.563 30.042
145.567 43.283 50.238
22.977 59.823 28.457
1.284 51.947 52.550
9.101 63.425 29.558
24.956 60.154 30.884
-2.920 54.032 40.980
115.738 -31.825 51.980
-155.067 19.733 55.149
-3.134 51.215 47.619
89.467 21.783 43.731
147.330 -42.887 51.965
4.120 51.977 48.451
-4.631 53.308 45.054
114.217 22.300 47.166
159.957 -9.425 59.853
25.973 70.980 36.402
-157.867 21.307 58.267
12.467 56.100 42.172
131.683 32.417 48.107
-124.217 40.767 52.131
-4.111 51.211 48.180
-43.165 -22.897 44.190
-0.186 53.631 48.531
124.167 24.333 50.257
-169.530 16.738 54.924
103.792 1.462 49.932
-78.833 -33.622 43.207
-134.412 58.298 37.291
130.567 31.583 47.389
-156.467 20.900 57.368
23.096 65.697 -4.014
121.282 28.088 45.785
-171.718 -2.810 53.328
120.288 22.615 49.289
154.777 1.098 54.650
21.215 62.344 -1.274
139.750 35.517 49.731
121.745 25.157 47.849
101.358 3.050 47.468
102.153 2.215 52.143
24.515 65.673 -5.043
70.220 -49.345 64.587
-131.625 55.333 39.934
-81.808 24.553 56.380
-5.050 58.457 43.741
12.894 55.522 48.260
23.033 -34.050 51.582
99.817 11.795 47.760
98.425 7.832 53.327
135.183 34.683 45.288
133.567 33.500 44.036
-152.512 57.732 48.295
134.583 34.017 44.112
116.067 5.983 49.188
103.430 3.975 50.707
130.200 32.600 48.844
103.443 1.325 50.418
15.589 56.105 44.427
11.127 58.997 29.002
135.767 33.483 45.422
144.367 42.983 42.857
167.733 8.733 59.195
-8.400 43.367 49.382
-117.257 32.867 51.900
-80.917 -2.200 46.684
-110.345 24.162 54.343
-1.221 46.158 44.444
-87.817 13.333 52.175
17.865 58.742 29.498
99.765 6.432 51.701
177.433 -17.600 53.186
-4.781 48.359 49.488
0.106 49.482 43.308
-1.765 47.205 47.353
123.750 13.150 51.838
-3.182 55.990 45.115
-1.140 60.155 47.728
-1.794 46.497 46.756
-75.120 38.782 63.404
119.417 34.750 46.393
-64.753 17.697 50.938
10.299 43.546 42.317
-3.825 53.332 42.315
-80.717 -6.933 45.363
159.067 -31.517 55.921
-118.272 33.720 48.963
-64.883 47.083 69.106
1.751 52.473 50.459
15.150 -26.650 54.944
100.613 4.240 47.715
121.617 32.133 47.465
5.113 61.934 39.778
-67.047 17.972 51.326
137.617 34.683 41.738
135.383 35.467 49.566
171.373 7.107 57.067
130.300 31.267 47.401
-4.417 36.717 43.887
134.463 7.330 56.905
73.527 4.190 55.053
-7.333 55.367 44.100
120.967 14.583 48.318
21.463 61.594 5.594
174.500 -35.833 53.841
16.837 58.554 32.030
173.200 52.833 56.387
-72.117 -17.000 44.032
132.717 33.867 48.096
-81.432 30.395 59.746
-106.422 23.198 51.618
139.817 34.917 47.395
15.563 38.196 45.941
-177.367 28.217 55.109
-5.014 51.702 47.822
-4.906 55.750 41.673
50.600 26.233 39.427
130.450 32.617 48.496
139.482 34.067 47.179
141.983 39.650 54.057
-157.800 21.433 57.899
7.421 43.729 42.493
-71.960 41.048 63.096
-121.888 36.605 52.992
22.133 -34.183 51.741
134.167 33.267 43.923
129.867 32.733 49.474
136.883 35.083 43.750
127.667 26.200 52.052
129.842 29.842 51.365
-1.634 47.194 47.096
-70.097 41.285 60.122
176.917 -39.483 54.878
14.269 40.841 44.630
166.905 -0.528 53.595
-159.350 21.967 54.493
129.495 28.382 52.307
-124.617 48.368 46.074
-72.087 41.355 61.618
-74.015 40.700 60.859
0.057 50.782 43.938
-5.542 50.102 48.994
-71.327 41.505 60.144
-122.910 49.200 46.083
130.992 30.735 50.462
-1.440 55.007 45.642
-60.250 46.217 65.670
166.437 -22.292 56.012
-175.167 -21.133 54.444
-140.082 -8.930 51.575
11.950 78.933 19.551
141.717 39.067 44.623
141.750 39.017 44.537
139.383 34.783 48.715
17.097 57.366 36.721
138.217 34.617 44.275
140.900 36.933 44.099
135.433 34.650 45.015
16.478 57.275 36.591
10.734 59.909 28.742
25.418 65.040 -3.518
130.217 32.983 47.425
136.217 34.067 45.463
-170.683 -14.283 58.535
-81.167 -5.083 46.408
-149.567 -17.525 47.068
-123.451 48.654 46.924
100.347 5.422 47.494
-158.053 -8.977 49.644
-87.213 30.403 55.326
-75.142 39.933 65.854
22.690 63.709 -0.180
158.243 6.987 55.377
-123.253 49.337 46.166
-25.672 37.735 56.743
-123.440 48.125 47.239
-59.133 47.567 65.869
-1.062 45.569 46.380
25.630 -33.960 52.662
118.575 -20.318 53.454
150.912 -34.473 54.655
57.495 -20.155 58.745
16.867 -29.250 51.417
-3.446 47.644 44.333
3.107 42.520 44.765
-127.489 50.722 36.463
-97.215 26.060 49.865
-70.247 43.657 56.423
141.600 -38.333 49.004
-5.120 54.843 43.338
-120.760 35.177 51.994
-1.112 50.803 45.267
-130.324 54.317 31.679
-71.401 41.807 60.083
-87.950 15.833 54.462
-15.417 28.133 51.893
-72.967 -41.483 25.770
-67.617 -54.933 22.921
-132.072 53.252 41.849
24.407 64.666 -2.909
-159.775 -21.207 48.646
20.895 63.986 -3.382
21.426 61.133 6.011
-75.573 39.558 65.060
-21.940 64.151 33.651
-134.953 -23.125 50.146
12.113 57.250 34.712
-97.047 28.022 51.415
63.418 -19.668 54.673
11.230 64.859 27.886
-3.966 48.718 47.424
150.790 -23.162 55.109
-17.750 28.683 55.067
-93.870 29.730 39.625
133.333 36.200 51.063
-2.246 47.140 45.790
-1.682 43.395 43.774
-2.028 48.641 47.366
-2.202 47.267 46.012
-66.063 45.251 56.343
145.742 15.227 50.456
133.250 35.550 44.623
17.950 -33.017 53.387
-95.203 16.160 50.059
-117.173 32.713 51.426
-80.108 -26.292 41.890
-122.465 37.807 48.294
-90.833 13.917 52.814
-66.117 18.460 51.854
-160.502 55.337 50.281
-74.009 40.467 61.080
-90.313 -0.755 53.059
-118.500 34.008 47.377
-122.339 47.603 46.268
104.115 1.932 49.348
-151.720 59.441 43.902
-149.427 60.120 43.807
-76.330 36.947 64.489
115.350 22.750 46.063
0.743 51.442 50.680
119.550 35.383 47.113
138.517 35.017 44.536
135.383 33.683 45.596
18.433 -34.183 52.180
14.358 55.557 48.844
-135.342 57.052 44.203
19.012 63.191 -2.772
-135.327 59.450 38.007
12.829 55.417 49.109
11.218 58.354 28.921
-76.452 38.317 64.970
-124.043 44.625 50.533
17.531 62.363 -0.812
147.933 -42.550 53.369
-78.918 33.655 60.627
-82.627 27.760 57.126
-52.717 47.567 62.574
11.832 58.093 34.924
-123.181 49.125 47.381
-2.117 49.183 47.874
18.082 59.325 22.044
-6.389 58.207 45.902
134.900 34.350 43.943
178.427 -18.132 53.777
39.600 -69.000 37.946
134.050 34.350 43.689
-81.282 -4.582 46.593
103.853 1.262 49.294
135.183 34.333 45.229
174.033 -39.050 47.064
-5.600 36.000 41.283
176.183 -37.650 50.371
117.883 4.233 52.974
-16.240 28.480 55.685
133.640 -32.150 51.851
104.140 2.807 50.447
136.850 34.467 44.985
-6.064 56.623 43.031
-125.913 49.154 41.904
139.767 35.650 46.742
132.967 32.783 46.785
5.913 43.117 43.570
146.833 -19.250 51.777
137.217 36.767 45.670
7.567 58.000 43.199
13.750 45.650 38.763
151.850 7.450 53.686
-78.730 1.817 43.891
22.101 60.428 18.292
138.883 35.017 45.175
-5.158 57.895 42.503
-166.537 53.880 52.725
133.950 34.483 45.057
135.900 33.567 45.022
132.550 33.233 48.308
21.571 63.081 -3.046
-146.362 61.125 40.831
-0.330 39.460 45.507
-71.633 -33.033 35.871
-123.110 49.287 46.147
12.217 57.100 37.341
31.100 70.333 38.007
12.426 45.419 39.829
-123.370 48.422 45.640
12.579 56.142 42.168
18.284 57.639 40.940
135.150 34.217 45.404
166.617 19.283 52.481
141.683 45.400 47.312
14.500 -22.950 54.308
-77.022 38.873 63.245
174.783 -41.283 49.078
-2.448 50.608 46.879
-0.614 54.490 47.819
-3.086 58.441 46.163
-123.965 46.708 49.868
-73.782 40.793 62.829
-77.953 34.227 60.118
18.419 54.797 40.088
-62.700 45.683 64.490
-70.672 41.523 59.711
-3.568 54.651 43.294
128.102 -15.453 50.145
118.067 24.450 47.088
-139.733 59.548 39.133
138.128 9.508 51.417
-66.117 43.833 59.733
139.633 35.467 47.411
13.817 55.417 47.270
39.190 -6.155 51.782
111.833 21.583 46.542
