144.283 44.017 54.191
-2.075 57.143 58.776
131.417 31.583 58.248
-89.833 13.583 63.170
-99.912 16.840 61.068
-176.632 51.863 63.441
-122.298 37.772 62.054
-126.931 50.587 49.601
-5.433 36.117 51.718
-149.890 61.238 54.954
-76.482 38.983 75.243
-70.400 -23.650 47.196
-53.983 47.300 70.635
-13.530 28.972 62.251
-123.767 46.208 62.101
-74.418 39.355 75.923
-2.715 51.511 56.804
141.500 38.300 54.838
-79.573 8.962 63.672
-76.578 39.267 75.237
-90.285 -0.437 62.144
-125.136 48.836 59.042
2.163 41.342 56.944
-68.205 44.392 66.324
12.903 55.756 58.013
-1.515 43.527 53.853
109.083 21.483 56.080
-128.143 52.163 45.095
-64.700 32.400 72.171
-3.050 43.357 56.720
-6.340 36.800 55.823
141.917 -10.600 64.474
-71.052 42.355 69.819
1.578 50.727 59.314
-4.500 48.383 58.730
-73.182 41.173 74.741
153.167 -27.367 65.441
122.217 -18.000 66.340
-77.100 3.900 56.158
-58.500 -34.667 44.886
152.380 -24.767 66.951
145.915 -41.050 60.738
-109.908 22.880 67.980
-6.283 36.533 55.905
1.868 50.969 58.147
-77.150 -12.050 53.627
-76.068 38.573 77.292
-125.247 50.042 55.467
-47.925 -25.017 51.382
147.058 -19.277 64.672
18.433 -33.900 63.142
-74.960 38.968 76.562
113.652 -24.898 65.694
-75.533 10.383 64.456
-9.417 38.692 58.514
15.094 37.498 55.159
103.187 5.265 61.394
-5.317 35.900 52.484
91.050 22.217 54.363
-124.322 43.345 64.238
-79.925 32.782 72.309
-64.920 18.335 64.506
-63.117 46.233 72.281
-1.635 49.651 54.769
-76.113 36.967 78.504
142.200 27.100 65.983
140.867 35.750 58.121
-157.472 1.982 65.431
-94.200 58.783 7.193
96.883 -12.117 71.417
-1.890 47.277 57.668
-145.753 60.558 52.219
-97.217 27.580 62.770
91.833 21.450 52.835
-124.183 41.745 63.526
-79.915 9.355 64.479
1.302 52.934 62.133
8.717 53.867 59.332
130.850 -12.467 65.057
20.385 60.032 26.487
6.933 53.326 62.983
4.746 52.965 58.973
-4.185 50.368 60.923
1.085 49.929 63.414
-2.088 47.306 57.749
108.617 19.100 58.534
1.318 51.117 60.700
-75.740 36.183 78.931
2.367 51.048 58.675
31.050 -29.867 62.856
27.917 -33.017 65.430
-109.448 -27.150 48.497
-66.985 44.903 68.313
162.387 11.430 72.548
-116.633 31.850 69.685
8.433 55.467 60.369
-79.647 0.992 56.299
121.900 -33.867 63.906
-64.267 -65.250 -19.368
1.348 51.957 64.115
-81.467 30.672 71.898
-4.983 52.014 56.630
18.211 60.409 21.723
151.233 -33.850 64.021
-80.902 32.033 71.846
-95.308 28.948 67.507
115.717 -32.050 64.274
-166.288 23.868 68.820
139.933 40.650 56.629
128.850 32.700 61.513
-123.451 48.769 59.476
179.195 -8.525 67.861
-16.907 32.640 68.712
21.231 64.916 4.209
-94.793 29.310 63.884
73.152 -0.687 68.952
11.933 54.567 55.288
102.107 6.227 59.074
-5.350 36.117 53.693
-3.018 53.450 52.804
11.791 57.685 45.090
-89.957 29.263 48.989
144.650 13.433 65.804
-110.900 27.933 62.590
141.533 40.533 60.726
110.283 20.017 57.922
140.717 41.783 55.978
-63.583 44.667 73.027
132.067 34.900 55.050
27.179 60.563 39.630
145.567 43.283 61.164
22.977 59.823 38.416
1.284 51.947 62.732
9.101 63.425 39.910
24.956 60.154 40.269
-2.920 54.032 51.851
115.738 -31.825 64.194
-155.067 19.733 68.067
-3.134 51.215 58.454
89.467 21.783 53.250
147.330 -42.887 62.453
4.120 51.977 58.838
-4.631 53.308 55.891
114.217 22.300 57.524
159.957 -9.425 71.883
25.973 70.980 47.051
-157.867 21.307 70.969
12.467 56.100 52.467
131.683 32.417 58.483
-124.217 40.767 65.503
-4.111 51.211 59.143
-43.165 -22.897 53.394
-0.186 53.631 59.240
124.167 24.333 60.836
-169.530 16.738 67.639
103.792 1.462 61.288
-78.833 -33.622 49.734
-134.412 58.298 49.819
130.567 31.583 57.848
-156.467 20.900 70.695
23.096 65.697 5.742
121.282 28.088 55.866
-171.718 -2.810 65.266
120.288 22.615 59.480
154.777 1.098 66.521
21.215 62.344 8.914
139.750 35.517 60.381
121.745 25.157 58.344
101.358 3.050 58.641
102.153 2.215 63.001
24.515 65.673 4.946
70.220 -49.345 75.829
-131.625 55.333 52.456
-81.808 24.553 68.922
-5.050 58.457 55.066
12.894 55.522 58.547
23.033 -34.050 62.973
99.817 11.795 58.188
98.425 7.832 64.198
135.183 34.683 55.769
133.567 33.500 54.755
-152.512 57.732 60.809
134.583 34.017 54.639
116.067 5.983 60.298
103.430 3.975 61.974
130.200 32.600 59.207
103.443 1.325 62.031
15.589 56.105 54.313
11.127 58.997 39.612
135.767 33.483 55.938
144.367 42.983 53.853
167.733 8.733 71.257
-8.400 43.367 60.531
-117.257 32.867 64.846
-80.917 -2.200 57.329
-110.345 24.162 67.039
-1.221 46.158 55.071
-87.817 13.333 64.150
17.865 58.742 39.532
99.765 6.432 62.469
177.433 -17.600 64.643
-4.781 48.359 60.644
0.106 49.482 53.861
-1.765 47.205 58.059
123.750 13.150 63.058
-3.182 55.990 56.008
-1.140 60.155 58.568
-1.794 46.497 57.508
-75.120 38.782 76.285
119.417 34.750 55.987
-64.753 17.697 63.362
10.299 43.546 52.626
-3.825 53.332 53.377
-80.717 -6.933 55.911
159.067 -31.517 67.304
-118.272 33.720 61.968
-64.883 47.083 81.947
1.751 52.473 61.161
15.150 -26.650 66.146
100.613 4.240 58.862
121.617 32.133 57.548
5.113 61.934 50.476
-67.047 17.972 63.715
137.617 34.683 52.403
135.383 35.467 60.114
171.373 7.107 69.192
130.300 31.267 57.706
-4.417 36.717 54.630
134.463 7.330 68.714
73.527 4.190 66.648
-7.333 55.367 55.086
120.967 14.583 59.075
21.463 61.594 15.573
174.500 -35.833 63.727
16.837 58.554 42.331
173.200 52.833 67.979
-72.117 -17.000 53.016
132.717 33.867 58.454
-81.432 30.395 72.428
-106.422 23.198 64.026
139.817 34.917 58.146
15.563 38.196 56.087
-177.367 28.217 67.794
-5.014 51.702 58.809
-4.906 55.750 52.934
50.600 26.233 48.488
130.450 32.617 58.690
139.482 34.067 57.825
141.983 39.650 64.188
-157.800 21.433 70.794
7.421 43.729 52.861
-71.960 41.048 75.712
-121.888 36.605 65.885
22.133 -34.183 63.024
134.167 33.267 54.581
129.867 32.733 59.992
136.883 35.083 54.428
127.667 26.200 62.761
129.842 29.842 61.594
-1.634 47.194 57.893
-70.097 41.285 73.000
176.917 -39.483 64.667
14.269 40.841 54.539
166.905 -0.528 65.920
-159.350 21.967 67.418
129.495 28.382 62.760
-124.617 48.368 58.958
-72.087 41.355 74.729
-74.015 40.700 73.367
0.057 50.782 54.703
-5.542 50.102 60.084
-71.327 41.505 72.685
-122.910 49.200 58.571
130.992 30.735 60.962
-1.440 55.007 56.428
-60.250 46.217 79.171
166.437 -22.292 67.629
-175.167 -21.133 65.684
-140.082 -8.930 62.716
11.950 78.933 30.633
141.717 39.067 55.413
141.750 39.017 55.222
139.383 34.783 59.671
17.097 57.366 46.612
138.217 34.617 55.036
140.900 36.933 54.829
135.433 34.650 55.474
16.478 57.275 46.662
10.734 59.909 39.042
25.418 65.040 6.487
130.217 32.983 58.011
136.217 34.067 56.123
-170.683 -14.283 69.917
-81.167 -5.083 56.990
-149.567 -17.525 57.638
-123.451 48.654 59.697
100.347 5.422 58.695
-158.053 -8.977 61.340
-87.213 30.403 68.092
-75.142 39.933 78.807
22.690 63.709 9.873
158.243 6.987 67.424
-123.253 49.337 58.968
-25.672 37.735 68.776
-123.440 48.125 60.330
-59.133 47.567 78.953
-1.062 45.569 57.156
25.630 -33.960 64.134
118.575 -20.318 65.872
150.912 -34.473 66.078
57.495 -20.155 71.848
16.867 -29.250 62.563
-3.446 47.644 55.349
3.107 42.520 55.190
-127.489 50.722 49.243
-97.215 26.060 61.743
-70.247 43.657 69.074
141.600 -38.333 60.220
-5.120 54.843 54.502
-120.760 35.177 65.026
-1.112 50.803 56.150
-130.324 54.317 44.312
-71.401 41.807 72.505
-87.950 15.833 66.702
-15.417 28.133 63.379
-72.967 -41.483 29.954
-67.617 -54.933 21.968
-132.072 53.252 54.607
24.407 64.666 7.066
-159.775 -21.207 59.222
20.895 63.986 6.597
21.426 61.133 16.053
-75.573 39.558 77.736
-21.940 64.151 45.492
-134.953 -23.125 59.547
12.113 57.250 44.964
-97.047 28.022 63.963
63.418 -19.668 67.524
11.230 64.859 38.343
-3.966 48.718 58.456
150.790 -23.162 66.328
-17.750 28.683 66.579
-93.870 29.730 51.898
133.333 36.200 61.438
-2.246 47.140 56.583
-1.682 43.395 54.274
-2.028 48.641 58.239
-2.202 47.267 56.815
-66.063 45.251 69.007
145.742 15.227 62.049
133.250 35.550 54.843
17.950 -33.017 64.634
-95.203 16.160 62.422
-117.173 32.713 64.281
-80.108 -26.292 50.144
-122.465 37.807 61.471
-90.833 13.917 64.908
-66.117 18.460 64.245
-160.502 55.337 62.962
-74.009 40.467 74.033
-90.313 -0.755 64.334
-118.500 34.008 60.415
-122.339 47.603 59.046
104.115 1.932 60.677
-151.720 59.441 56.121
-149.427 60.120 56.317
-76.330 36.947 77.092
115.350 22.750 56.289
0.743 51.442 61.432
119.550 35.383 56.878
138.517 35.017 55.140
135.383 33.683 56.205
18.433 -34.183 63.358
14.358 55.557 58.376
-135.342 57.052 56.932
19.012 63.191 7.377
-135.327 59.450 50.581
12.829 55.417 59.447
11.218 58.354 39.362
-76.452 38.317 77.513
-124.043 44.625 63.346
17.531 62.363 9.560
147.933 -42.550 64.049
-78.918 33.655 73.353
-82.627 27.760 69.991
-52.717 47.567 75.434
11.832 58.093 45.476
-123.181 49.125 60.230
-2.117 49.183 58.860
18.082 59.325 32.079
-6.389 58.207 57.138
134.900 34.350 54.490
178.427 -18.132 65.304
39.600 -69.000 43.746
134.050 34.350 54.409
-81.282 -4.582 57.153
103.853 1.262 60.800
135.183 34.333 55.724
174.033 -39.050 57.154
-5.600 36.000 52.122
176.183 -37.650 60.166
117.883 4.233 64.213
-16.240 28.480 67.291
133.640 -32.150 63.405
104.140 2.807 61.569
136.850 34.467 55.593
-6.064 56.623 54.295
-125.913 49.154 54.820
139.767 35.650 57.471
132.967 32.783 57.350
5.913 43.117 53.920
146.833 -19.250 63.205
137.217 36.767 56.114
7.567 58.000 53.779
13.750 45.650 48.692
151.850 7.450 65.928
-78.730 1.817 54.768
22.101 60.428 28.477
138.883 35.017 55.886
-5.158 57.895 53.660
-166.537 53.880 65.132
133.950 34.483 55.278
135.900 33.567 55.673
132.550 33.233 58.728
21.571 63.081 6.743
-146.362 61.125 53.190
-0.330 39.460 56.100
-71.633 -33.033 42.563
-123.110 49.287 58.978
12.217 57.100 47.462
31.100 70.333 48.068
12.426 45.419 49.673
-123.370 48.422 58.623
12.579 56.142 52.678
18.284 57.639 50.715
135.150 34.217 55.837
166.617 19.283 64.486
141.683 45.400 57.798
14.500 -22.950 65.456
-77.022 38.873 75.835
174.783 -41.283 58.557
-2.448 50.608 57.756
-0.614 54.490 58.731
-3.086 58.441 57.453
-123.965 46.708 62.763
-73.782 40.793 75.641
-77.953 34.227 72.912
18.419 54.797 49.675
-62.700 45.683 76.561
-70.672 41.523 72.518
-3.568 54.651 54.195
128.102 -15.453 62.164
118.067 24.450 57.439
-139.733 59.548 51.442
138.128 9.508 62.963
-66.117 43.833 72.466
139.633 35.467 58.053
13.817 55.417 57.498
39.190 -6.155 62.744
111.833 21.583 56.622
