144.283 44.017 51.886
-2.075 57.143 58.120
131.417 31.583 57.925
-89.833 13.583 62.680
-99.912 16.840 59.752
-176.632 51.863 62.065
-122.298 37.772 61.426
-126.931 50.587 48.612
-5.433 36.117 50.266
-149.890 61.238 55.088
-76.482 38.983 74.992
-70.400 -23.650 45.752
-53.983 47.300 70.156
-13.530 28.972 60.720
-123.767 46.208 61.683
-74.418 39.355 75.982
-2.715 51.511 55.841
141.500 38.300 52.616
-79.573 8.962 61.591
-76.578 39.267 75.216
-90.285 -0.437 60.647
-125.136 48.836 58.856
2.163 41.342 54.936
-68.205 44.392 66.087
12.903 55.756 55.508
-1.515 43.527 51.218
109.083 21.483 54.090
-128.143 52.163 44.607
-64.700 32.400 70.295
-3.050 43.357 54.643
-6.340 36.800 54.430
141.917 -10.600 62.318
-71.052 42.355 69.502
1.578 50.727 58.082
-4.500 48.383 58.084
-73.182 41.173 75.484
153.167 -27.367 62.844
122.217 -18.000 64.240
-77.100 3.900 55.483
-58.500 -34.667 43.602
152.380 -24.767 65.126
145.915 -41.050 59.442
-109.908 22.880 66.160
-6.283 36.533 54.142
1.868 50.969 56.982
-77.150 -12.050 53.001
-76.068 38.573 76.643
-125.247 50.042 55.041
-47.925 -25.017 49.625
147.058 -19.277 61.650
18.433 -33.900 61.807
-74.960 38.968 75.161
113.652 -24.898 63.953
-75.533 10.383 61.896
-9.417 38.692 56.950
15.094 37.498 53.716
103.187 5.265 59.542
-5.317 35.900 50.187
91.050 22.217 52.618
-124.322 43.345 63.923
-79.925 32.782 71.049
-64.920 18.335 63.598
-63.117 46.233 67.354
-1.635 49.651 53.250
-76.113 36.967 78.076
142.200 27.100 63.718
140.867 35.750 57.647
-157.472 1.982 64.256
-94.200 58.783 4.607
96.883 -12.117 69.276
-1.890 47.277 56.814
-145.753 60.558 52.185
-97.217 27.580 62.083
91.833 21.450 51.240
-124.183 41.745 62.862
-79.915 9.355 61.995
1.302 52.934 60.691
8.717 53.867 56.995
130.850 -12.467 62.924
20.385 60.032 22.764
6.933 53.326 61.298
4.746 52.965 56.343
-4.185 50.368 60.739
1.085 49.929 61.763
-2.088 47.306 56.714
108.617 19.100 56.592
1.318 51.117 59.708
-75.740 36.183 78.356
2.367 51.048 57.384
31.050 -29.867 60.959
27.917 -33.017 64.138
-109.448 -27.150 47.737
-66.985 44.903 68.437
162.387 11.430 69.823
-116.633 31.850 68.187
8.433 55.467 58.052
-79.647 0.992 54.711
121.900 -33.867 62.574
-64.267 -65.250 -18.300
1.348 51.957 62.867
-81.467 30.672 70.659
-4.983 52.014 55.706
18.211 60.409 18.401
151.233 -33.850 61.926
-80.902 32.033 70.790
-95.308 28.948 66.723
115.717 -32.050 62.567
-166.288 23.868 67.256
139.933 40.650 53.963
128.850 32.700 60.030
-123.451 48.769 59.323
179.195 -8.525 66.629
-16.907 32.640 67.712
21.231 64.916 2.195
-94.793 29.310 62.852
73.152 -0.687 66.560
11.933 54.567 53.424
102.107 6.227 56.175
-5.350 36.117 51.998
-3.018 53.450 50.683
11.791 57.685 43.272
-89.957 29.263 49.072
144.650 13.433 62.866
-110.900 27.933 61.045
141.533 40.533 59.128
110.283 20.017 56.311
140.717 41.783 53.197
-63.583 44.667 74.136
132.067 34.900 53.189
27.179 60.563 36.087
145.567 43.283 58.855
22.977 59.823 34.764
1.284 51.947 61.691
9.101 63.425 36.963
24.956 60.154 36.513
-2.920 54.032 49.751
115.738 -31.825 62.997
-155.067 19.733 66.117
-3.134 51.215 57.791
89.467 21.783 51.344
147.330 -42.887 60.568
4.120 51.977 56.327
-4.631 53.308 55.003
114.217 22.300 55.735
159.957 -9.425 69.746
25.973 70.980 44.345
-157.867 21.307 68.511
12.467 56.100 50.257
131.683 32.417 58.226
-124.217 40.767 64.596
-4.111 51.211 58.515
-43.165 -22.897 51.906
-0.186 53.631 59.170
124.167 24.333 59.455
-169.530 16.738 64.675
103.792 1.462 58.187
-78.833 -33.622 48.877
-134.412 58.298 49.704
130.567 31.583 56.665
-156.467 20.900 68.265
23.096 65.697 2.614
121.282 28.088 54.333
-171.718 -2.810 63.705
120.288 22.615 57.672
154.777 1.098 64.896
21.215 62.344 5.615
139.750 35.517 60.048
121.745 25.157 57.103
101.358 3.050 56.846
102.153 2.215 60.894
24.515 65.673 1.644
70.220 -49.345 71.676
-131.625 55.333 52.367
-81.808 24.553 67.587
-5.050 58.457 53.796
12.894 55.522 55.903
23.033 -34.050 62.193
99.817 11.795 55.370
98.425 7.832 62.300
135.183 34.683 54.770
133.567 33.500 54.051
-152.512 57.732 59.967
134.583 34.017 53.961
116.067 5.983 58.577
103.430 3.975 59.671
130.200 32.600 57.822
103.443 1.325 58.585
15.589 56.105 50.090
11.127 58.997 37.977
135.767 33.483 54.484
144.367 42.983 52.119
167.733 8.733 69.088
-8.400 43.367 59.215
-117.257 32.867 63.927
-80.917 -2.200 56.476
-110.345 24.162 66.032
-1.221 46.158 53.888
-87.817 13.333 63.389
17.865 58.742 36.003
99.765 6.432 61.109
177.433 -17.600 62.552
-4.781 48.359 59.976
0.106 49.482 51.763
-1.765 47.205 56.842
123.750 13.150 60.852
-3.182 55.990 55.165
-1.140 60.155 57.580
-1.794 46.497 56.749
-75.120 38.782 74.912
119.417 34.750 55.388
-64.753 17.697 62.559
10.299 43.546 51.511
-3.825 53.332 51.173
-80.717 -6.933 54.532
159.067 -31.517 64.033
-118.272 33.720 59.935
-64.883 47.083 82.329
1.751 52.473 60.028
15.150 -26.650 64.625
100.613 4.240 56.725
121.617 32.133 55.788
5.113 61.934 49.185
-67.047 17.972 62.765
137.617 34.683 52.200
135.383 35.467 59.013
171.373 7.107 66.847
130.300 31.267 56.530
-4.417 36.717 52.578
134.463 7.330 65.673
73.527 4.190 64.053
-7.333 55.367 53.940
120.967 14.583 56.711
21.463 61.594 12.062
174.500 -35.833 60.595
16.837 58.554 38.035
173.200 52.833 65.656
-72.117 -17.000 52.165
132.717 33.867 58.429
-81.432 30.395 71.291
-106.422 23.198 62.611
139.817 34.917 57.379
15.563 38.196 54.322
-177.367 28.217 66.592
-5.014 51.702 58.412
-4.906 55.750 51.147
50.600 26.233 46.518
130.450 32.617 57.526
139.482 34.067 57.281
141.983 39.650 62.437
-157.800 21.433 68.638
7.421 43.729 51.735
-71.960 41.048 74.876
-121.888 36.605 65.091
22.133 -34.183 62.068
134.167 33.267 53.916
129.867 32.733 58.423
136.883 35.083 54.024
127.667 26.200 61.387
129.842 29.842 60.272
-1.634 47.194 57.166
-70.097 41.285 72.102
176.917 -39.483 60.282
14.269 40.841 53.165
166.905 -0.528 63.963
-159.350 21.967 65.169
129.495 28.382 61.364
-124.617 48.368 58.900
-72.087 41.355 72.931
-74.015 40.700 74.100
0.057 50.782 52.583
-5.542 50.102 59.465
-71.327 41.505 72.093
-122.910 49.200 58.372
130.992 30.735 59.917
-1.440 55.007 55.344
-60.250 46.217 78.380
166.437 -22.292 66.123
-175.167 -21.133 63.268
-140.082 -8.930 61.862
11.950 78.933 30.289
141.717 39.067 52.944
141.750 39.017 52.713
139.383 34.783 58.833
17.097 57.366 43.113
138.217 34.617 54.348
140.900 36.933 52.830
135.433 34.650 54.367
16.478 57.275 43.186
10.734 59.909 37.231
25.418 65.040 3.121
130.217 32.983 56.454
136.217 34.067 55.127
-170.683 -14.283 68.543
-81.167 -5.083 56.043
-149.567 -17.525 56.264
-123.451 48.654 59.215
100.347 5.422 56.445
-158.053 -8.977 60.207
-87.213 30.403 66.959
-75.142 39.933 78.722
22.690 63.709 6.108
158.243 6.987 65.454
-123.253 49.337 58.670
-25.672 37.735 68.320
-123.440 48.125 59.689
-59.133 47.567 77.730
-1.062 45.569 55.885
25.630 -33.960 63.399
118.575 -20.318 63.541
150.912 -34.473 63.306
57.495 -20.155 69.757
16.867 -29.250 61.410
-3.446 47.644 53.745
3.107 42.520 53.769
-127.489 50.722 48.225
-97.215 26.060 61.695
-70.247 43.657 70.063
141.600 -38.333 58.201
-5.120 54.843 53.459
-120.760 35.177 64.249
-1.112 50.803 54.134
-130.324 54.317 43.320
-71.401 41.807 71.825
-87.950 15.833 63.422
-15.417 28.133 61.820
-72.967 -41.483 29.479
-67.617 -54.933 20.459
-132.072 53.252 54.352
24.407 64.666 4.091
-159.775 -21.207 57.705
20.895 63.986 3.116
21.426 61.133 12.403
-75.573 39.558 77.713
-21.940 64.151 44.086
-134.953 -23.125 58.163
12.113 57.250 43.304
-97.047 28.022 63.438
63.418 -19.668 65.957
11.230 64.859 36.476
-3.966 48.718 57.468
150.790 -23.162 64.399
-17.750 28.683 65.211
-93.870 29.730 50.684
133.333 36.200 60.490
-2.246 47.140 55.628
-1.682 43.395 51.890
-2.028 48.641 57.552
-2.202 47.267 55.927
-66.063 45.251 69.313
145.742 15.227 59.950
133.250 35.550 51.817
17.950 -33.017 63.470
-95.203 16.160 61.059
-117.173 32.713 63.281
-80.108 -26.292 49.306
-122.465 37.807 60.508
-90.833 13.917 63.344
-66.117 18.460 63.112
-160.502 55.337 61.955
-74.009 40.467 74.437
-90.313 -0.755 63.012
-118.500 34.008 58.704
-122.339 47.603 58.551
104.115 1.932 57.767
-151.720 59.441 55.536
-149.427 60.120 55.738
-76.330 36.947 76.608
115.350 22.750 54.936
0.743 51.442 60.355
119.550 35.383 56.789
138.517 35.017 54.545
135.383 33.683 54.814
18.433 -34.183 61.982
14.358 55.557 54.724
-135.342 57.052 56.343
19.012 63.191 4.384
-135.327 59.450 50.437
12.829 55.417 56.520
11.218 58.354 37.847
-76.452 38.317 77.081
-124.043 44.625 63.128
17.531 62.363 5.852
147.933 -42.550 60.894
-78.918 33.655 71.920
-82.627 27.760 68.838
-52.717 47.567 77.206
11.832 58.093 43.671
-123.181 49.125 60.017
-2.117 49.183 58.166
18.082 59.325 28.880
-6.389 58.207 56.147
134.900 34.350 53.610
178.427 -18.132 62.919
39.600 -69.000 44.915
134.050 34.350 53.568
-81.282 -4.582 56.098
103.853 1.262 57.747
135.183 34.333 54.477
174.033 -39.050 53.325
-5.600 36.000 50.517
176.183 -37.650 55.588
117.883 4.233 60.085
-16.240 28.480 65.522
133.640 -32.150 61.880
104.140 2.807 58.278
136.850 34.467 54.578
-6.064 56.623 53.147
-125.913 49.154 54.340
139.767 35.650 57.321
132.967 32.783 57.205
5.913 43.117 52.899
146.833 -19.250 60.162
137.217 36.767 53.675
7.567 58.000 51.412
13.750 45.650 47.752
151.850 7.450 63.459
-78.730 1.817 53.329
22.101 60.428 24.760
138.883 35.017 55.103
-5.158 57.895 52.792
-166.537 53.880 64.568
133.950 34.483 52.271
135.900 33.567 54.443
132.550 33.233 58.701
21.571 63.081 3.407
-146.362 61.125 52.885
-0.330 39.460 54.418
-71.633 -33.033 41.399
-123.110 49.287 58.657
12.217 57.100 45.952
31.100 70.333 45.945
12.426 45.419 48.918
-123.370 48.422 58.182
12.579 56.142 50.464
18.284 57.639 46.645
135.150 34.217 54.492
166.617 19.283 62.336
141.683 45.400 56.022
14.500 -22.950 64.357
-77.022 38.873 75.107
174.783 -41.283 53.896
-2.448 50.608 56.831
-0.614 54.490 57.386
-3.086 58.441 56.385
-123.965 46.708 62.135
-73.782 40.793 76.111
-77.953 34.227 70.902
18.419 54.797 47.145
-62.700 45.683 75.163
-70.672 41.523 71.452
-3.568 54.651 53.362
128.102 -15.453 60.114
118.067 24.450 55.889
-139.733 59.548 51.414
138.128 9.508 60.288
-66.117 43.833 72.204
139.633 35.467 57.809
13.817 55.417 53.087
39.190 -6.155 60.243
111.833 21.583 54.818
