144.283 44.017 73.412
-2.075 57.143 80.363
131.417 31.583 79.198
-89.833 13.583 85.703
-99.912 16.840 82.761
-176.632 51.863 85.174
-122.298 37.772 84.518
-126.931 50.587 70.540
-5.433 36.117 71.813
-149.890 61.238 75.995
-76.482 38.983 99.057
-70.400 -23.650 62.827
-53.983 47.300 95.421
-13.530 28.972 84.429
-123.767 46.208 83.812
-74.418 39.355 99.961
-2.715 51.511 77.409
141.500 38.300 74.666
-79.573 8.962 85.830
-76.578 39.267 98.952
-90.285 -0.437 82.812
-125.136 48.836 80.729
2.163 41.342 77.410
-68.205 44.392 90.861
12.903 55.756 77.855
-1.515 43.527 73.965
109.083 21.483 75.207
-128.143 52.163 66.539
-64.700 32.400 94.990
-3.050 43.357 77.260
-6.340 36.800 76.839
141.917 -10.600 86.070
-71.052 42.355 93.787
1.578 50.727 79.819
-4.500 48.383 79.588
-73.182 41.173 99.397
153.167 -27.367 87.069
122.217 -18.000 88.193
-77.100 3.900 76.959
-58.500 -34.667 58.990
152.380 -24.767 88.486
145.915 -41.050 81.263
-109.908 22.880 90.418
-6.283 36.533 77.102
1.868 50.969 78.033
-77.150 -12.050 72.594
-76.068 38.573 100.990
-125.247 50.042 77.302
-47.925 -25.017 68.734
147.058 -19.277 85.477
18.433 -33.900 84.523
-74.960 38.968 100.565
113.652 -24.898 88.183
-75.533 10.383 86.584
-9.417 38.692 79.916
15.094 37.498 74.134
103.187 5.265 81.938
-5.317 35.900 72.804
91.050 22.217 72.368
-124.322 43.345 86.377
-79.925 32.782 95.620
-64.920 18.335 86.798
-63.117 46.233 96.879
-1.635 49.651 75.838
-76.113 36.967 102.026
142.200 27.100 87.781
140.867 35.750 80.032
-157.472 1.982 87.410
-94.200 58.783 30.341
96.883 -12.117 95.170
-1.890 47.277 78.116
-145.753 60.558 73.071
-97.217 27.580 85.366
91.833 21.450 70.934
-124.183 41.745 85.655
-79.915 9.355 86.569
1.302 52.934 83.463
8.717 53.867 80.059
130.850 -12.467 86.920
20.385 60.032 47.348
6.933 53.326 82.944
4.746 52.965 79.615
-4.185 50.368 81.708
1.085 49.929 84.743
-2.088 47.306 78.052
108.617 19.100 77.962
1.318 51.117 81.100
-75.740 36.183 102.452
2.367 51.048 79.070
31.050 -29.867 84.355
27.917 -33.017 87.310
-109.448 -27.150 64.218
-66.985 44.903 93.085
162.387 11.430 95.985
-116.633 31.850 92.363
8.433 55.467 81.442
-79.647 0.992 75.717
121.900 -33.867 85.552
-64.267 -65.250 -28.738
1.348 51.957 84.169
-81.467 30.672 95.297
-4.983 52.014 77.013
18.211 60.409 42.251
151.233 -33.850 84.937
-80.902 32.033 95.324
-95.308 28.948 90.578
115.717 -32.050 86.236
-166.288 23.868 92.818
139.933 40.650 76.907
128.850 32.700 83.604
-123.451 48.769 81.156
179.195 -8.525 90.376
-16.907 32.640 93.182
21.231 64.916 24.243
-94.793 29.310 86.216
73.152 -0.687 91.848
11.933 54.567 75.334
102.107 6.227 79.829
-5.350 36.117 74.308
-3.018 53.450 73.434
11.791 57.685 65.511
-89.957 29.263 71.068
144.650 13.433 87.913
-110.900 27.933 84.472
141.533 40.533 82.789
110.283 20.017 76.526
140.717 41.783 76.000
-63.583 44.667 98.383
132.067 34.900 74.936
27.179 60.563 59.336
145.567 43.283 81.951
22.977 59.823 58.324
1.284 51.947 83.486
9.101 63.425 61.716
24.956 60.154 60.193
-2.920 54.032 72.338
115.738 -31.825 86.338
-155.067 19.733 92.222
-3.134 51.215 79.410
89.467 21.783 70.850
147.330 -42.887 82.947
4.120 51.977 79.635
-4.631 53.308 76.490
114.217 22.300 76.906
159.957 -9.425 95.431
25.973 70.980 69.307
-157.867 21.307 94.716
12.467 56.100 72.851
131.683 32.417 79.334
-124.217 40.767 87.350
-4.111 51.211 79.784
-43.165 -22.897 71.533
-0.186 53.631 79.548
124.167 24.333 81.267
-169.530 16.738 90.444
103.792 1.462 82.686
-78.833 -33.622 63.730
-134.412 58.298 71.383
130.567 31.583 79.062
-156.467 20.900 93.871
23.096 65.697 25.794
121.282 28.088 74.712
-171.718 -2.810 86.999
120.288 22.615 79.776
154.777 1.098 88.304
21.215 62.344 28.930
139.750 35.517 82.985
121.745 25.157 78.492
101.358 3.050 79.709
102.153 2.215 84.026
24.515 65.673 24.659
70.220 -49.345 99.621
-131.625 55.333 73.853
-81.808 24.553 92.362
-5.050 58.457 75.627
12.894 55.522 78.843
23.033 -34.050 84.233
99.817 11.795 78.703
98.425 7.832 84.376
135.183 34.683 76.718
133.567 33.500 75.404
-152.512 57.732 82.824
134.583 34.017 75.585
116.067 5.983 81.156
103.430 3.975 82.896
130.200 32.600 81.162
103.443 1.325 83.941
15.589 56.105 74.216
11.127 58.997 60.057
135.767 33.483 77.185
144.367 42.983 73.552
167.733 8.733 94.101
-8.400 43.367 81.318
-117.257 32.867 87.822
-80.917 -2.200 77.360
-110.345 24.162 89.859
-1.221 46.158 75.010
-87.817 13.333 86.460
17.865 58.742 59.920
99.765 6.432 82.593
177.433 -17.600 84.927
-4.781 48.359 81.658
0.106 49.482 73.911
-1.765 47.205 77.995
123.750 13.150 83.595
-3.182 55.990 77.023
-1.140 60.155 80.580
-1.794 46.497 77.744
-75.120 38.782 100.056
119.417 34.750 76.034
-64.753 17.697 85.618
10.299 43.546 72.847
-3.825 53.332 73.672
-80.717 -6.933 75.132
159.067 -31.517 88.445
-118.272 33.720 84.267
-64.883 47.083 106.595
1.751 52.473 81.654
15.150 -26.650 88.535
100.613 4.240 79.645
121.617 32.133 75.970
5.113 61.934 72.562
-67.047 17.972 86.236
137.617 34.683 73.442
135.383 35.467 81.648
171.373 7.107 92.014
130.300 31.267 78.778
-4.417 36.717 75.730
134.463 7.330 90.417
73.527 4.190 88.653
-7.333 55.367 76.438
120.967 14.583 80.163
21.463 61.594 36.000
174.500 -35.833 83.692
16.837 58.554 62.049
173.200 52.833 88.789
-72.117 -17.000 70.384
132.717 33.867 79.983
-81.432 30.395 95.941
-106.422 23.198 85.749
139.817 34.917 80.127
15.563 38.196 75.502
-177.367 28.217 91.177
-5.014 51.702 79.665
-4.906 55.750 73.313
50.600 26.233 66.962
130.450 32.617 80.578
139.482 34.067 79.660
141.983 39.650 86.768
-157.800 21.433 94.884
7.421 43.729 73.133
-71.960 41.048 99.936
-121.888 36.605 88.944
22.133 -34.183 84.692
134.167 33.267 75.319
129.867 32.733 81.687
136.883 35.083 75.712
127.667 26.200 83.967
129.842 29.842 82.974
-1.634 47.194 78.258
-70.097 41.285 97.574
176.917 -39.483 83.652
14.269 40.841 74.786
166.905 -0.528 87.380
-159.350 21.967 90.523
129.495 28.382 83.878
-124.617 48.368 80.788
-72.087 41.355 98.523
-74.015 40.700 98.037
0.057 50.782 75.284
-5.542 50.102 80.984
-71.327 41.505 97.510
-122.910 49.200 80.172
130.992 30.735 83.168
-1.440 55.007 78.248
-60.250 46.217 103.574
166.437 -22.292 89.933
-175.167 -21.133 86.515
-140.082 -8.930 83.316
11.950 78.933 49.080
141.717 39.067 75.234
141.750 39.017 75.114
139.383 34.783 82.250
17.097 57.366 66.735
138.217 34.617 76.635
140.900 36.933 76.270
135.433 34.650 76.220
16.478 57.275 66.841
10.734 59.909 59.199
25.418 65.040 26.030
130.217 32.983 79.269
136.217 34.067 77.363
-170.683 -14.283 92.561
-81.167 -5.083 76.557
-149.567 -17.525 77.235
-123.451 48.654 80.846
100.347 5.422 79.022
-158.053 -8.977 82.213
-87.213 30.403 90.710
-75.142 39.933 102.483
22.690 63.709 29.386
158.243 6.987 89.937
-123.253 49.337 80.824
-25.672 37.735 92.896
-123.440 48.125 81.419
-59.133 47.567 103.196
-1.062 45.569 77.237
25.630 -33.960 86.197
118.575 -20.318 87.636
150.912 -34.473 87.001
57.495 -20.155 95.161
16.867 -29.250 84.858
-3.446 47.644 75.933
3.107 42.520 75.616
-127.489 50.722 70.159
-97.215 26.060 85.079
-70.247 43.657 94.101
141.600 -38.333 80.381
-5.120 54.843 74.191
-120.760 35.177 88.069
-1.112 50.803 76.735
-130.324 54.317 65.083
-71.401 41.807 97.107
-87.950 15.833 89.414
-15.417 28.133 85.975
-72.967 -41.483 38.910
-67.617 -54.933 24.191
-132.072 53.252 76.379
24.407 64.666 26.763
-159.775 -21.207 78.812
20.895 63.986 26.807
21.426 61.133 36.248
-75.573 39.558 101.829
-21.940 64.151 66.317
-134.953 -23.125 77.501
12.113 57.250 65.372
-97.047 28.022 86.859
63.418 -19.668 90.689
11.230 64.859 60.084
-3.966 48.718 78.979
150.790 -23.162 87.681
-17.750 28.683 90.139
-93.870 29.730 75.160
133.333 36.200 84.033
-2.246 47.140 76.845
-1.682 43.395 74.764
-2.028 48.641 79.555
-2.202 47.267 77.102
-66.063 45.251 93.983
145.742 15.227 83.331
133.250 35.550 75.124
17.950 -33.017 86.309
-95.203 16.160 84.089
-117.173 32.713 87.392
-80.108 -26.292 65.594
-122.465 37.807 83.902
-90.833 13.917 86.849
-66.117 18.460 86.625
-160.502 55.337 84.956
-74.009 40.467 98.597
-90.313 -0.755 85.288
-118.500 34.008 82.721
-122.339 47.603 80.263
104.115 1.932 81.889
-151.720 59.441 77.392
-149.427 60.120 77.709
-76.330 36.947 100.806
115.350 22.750 75.924
0.743 51.442 81.546
119.550 35.383 77.150
138.517 35.017 76.781
135.383 33.683 77.419
18.433 -34.183 84.847
14.358 55.557 78.492
-135.342 57.052 78.191
19.012 63.191 27.001
-135.327 59.450 72.002
12.829 55.417 79.198
11.218 58.354 60.011
-76.452 38.317 101.574
-124.043 44.625 85.396
17.531 62.363 29.162
147.933 -42.550 85.614
-78.918 33.655 96.519
-82.627 27.760 93.372
-52.717 47.567 100.092
11.832 58.093 65.409
-123.181 49.125 81.822
-2.117 49.183 80.415
18.082 59.325 52.528
-6.389 58.207 78.024
134.900 34.350 75.749
178.427 -18.132 86.134
39.600 -69.000 59.446
134.050 34.350 75.347
-81.282 -4.582 76.716
103.853 1.262 82.111
135.183 34.333 77.128
174.033 -39.050 75.954
-5.600 36.000 72.441
176.183 -37.650 79.574
117.883 4.233 84.851
-16.240 28.480 90.629
133.640 -32.150 84.387
104.140 2.807 82.847
136.850 34.467 76.928
-6.064 56.623 75.350
-125.913 49.154 76.659
139.767 35.650 79.373
132.967 32.783 77.871
5.913 43.117 73.944
146.833 -19.250 84.189
137.217 36.767 76.656
7.567 58.000 74.961
13.750 45.650 67.862
151.850 7.450 88.033
-78.730 1.817 75.038
22.101 60.428 48.824
138.883 35.017 77.707
-5.158 57.895 74.646
-166.537 53.880 88.083
133.950 34.483 75.538
135.900 33.567 76.679
132.550 33.233 80.191
21.571 63.081 27.070
-146.362 61.125 73.812
-0.330 39.460 76.530
-71.633 -33.033 56.109
-123.110 49.287 80.889
12.217 57.100 68.215
31.100 70.333 70.245
12.426 45.419 68.807
-123.370 48.422 79.660
12.579 56.142 72.683
18.284 57.639 71.458
135.150 34.217 77.185
166.617 19.283 87.055
141.683 45.400 77.849
14.500 -22.950 88.510
-77.022 38.873 99.674
174.783 -41.283 77.033
-2.448 50.608 78.497
-0.614 54.490 79.665
-3.086 58.441 77.773
-123.965 46.708 84.427
-73.782 40.793 100.301
-77.953 34.227 96.234
18.419 54.797 69.606
-62.700 45.683 101.243
-70.672 41.523 96.870
-3.568 54.651 74.508
128.102 -15.453 83.632
118.067 24.450 77.162
-139.733 59.548 72.562
138.128 9.508 84.750
-66.117 43.833 97.294
139.633 35.467 79.948
13.817 55.417 77.241
39.190 -6.155 83.850
111.833 21.583 75.669
