144.283 44.017 22.085
-2.075 57.143 25.832
131.417 31.583 26.955
-89.833 13.583 27.234
-99.912 16.840 24.196
-176.632 51.863 26.647
-122.298 37.772 23.126
-126.931 50.587 11.233
-5.433 36.117 19.346
-149.890 61.238 17.974
-76.482 38.983 37.448
-70.400 -23.650 22.706
-53.983 47.300 32.411
-13.530 28.972 28.391
-123.767 46.208 23.514
-74.418 39.355 38.080
-2.715 51.511 24.279
141.500 38.300 22.797
-79.573 8.962 28.658
-76.578 39.267 37.088
-90.285 -0.437 28.351
-125.136 48.836 20.577
2.163 41.342 25.328
-68.205 44.392 27.894
12.903 55.756 27.804
-1.515 43.527 21.855
109.083 21.483 25.939
-128.143 52.163 7.082
-64.700 32.400 33.467
-3.050 43.357 24.494
-6.340 36.800 22.982
141.917 -10.600 29.008
-71.052 42.355 31.556
1.578 50.727 27.534
-4.500 48.383 25.743
-73.182 41.173 36.601
153.167 -27.367 31.729
122.217 -18.000 30.086
-77.100 3.900 23.107
-58.500 -34.667 24.932
152.380 -24.767 32.784
145.915 -41.050 27.945
-109.908 22.880 29.686
-6.283 36.533 23.089
1.868 50.969 26.443
-77.150 -12.050 24.690
-76.068 38.573 39.137
-125.247 50.042 16.951
-47.925 -25.017 25.485
147.058 -19.277 30.127
18.433 -33.900 29.350
-74.960 38.968 38.614
113.652 -24.898 28.634
-75.533 10.383 29.245
-9.417 38.692 24.724
15.094 37.498 25.037
103.187 5.265 28.344
-5.317 35.900 20.271
91.050 22.217 25.088
-124.322 43.345 25.650
-79.925 32.782 34.350
-64.920 18.335 27.110
-63.117 46.233 34.255
-1.635 49.651 22.525
-76.113 36.967 40.077
142.200 27.100 32.244
140.867 35.750 25.741
-157.472 1.982 28.930
-94.200 58.783 -29.176
96.883 -12.117 33.455
-1.890 47.277 24.892
-145.753 60.558 15.131
-97.217 27.580 24.607
91.833 21.450 23.989
-124.183 41.745 24.670
-79.915 9.355 29.501
1.302 52.934 30.021
8.717 53.867 27.964
130.850 -12.467 29.960
20.385 60.032 -3.684
6.933 53.326 31.957
4.746 52.965 27.545
-4.185 50.368 27.940
1.085 49.929 31.736
-2.088 47.306 25.157
108.617 19.100 28.727
1.318 51.117 28.689
-75.740 36.183 40.311
2.367 51.048 27.162
31.050 -29.867 27.366
27.917 -33.017 30.661
-109.448 -27.150 24.340
-66.985 44.903 30.432
162.387 11.430 36.544
-116.633 31.850 30.330
8.433 55.467 29.022
-79.647 0.992 23.124
121.900 -33.867 27.515
-64.267 -65.250 12.141
1.348 51.957 32.127
-81.467 30.672 33.701
-4.983 52.014 23.697
18.211 60.409 -8.221
151.233 -33.850 30.829
-80.902 32.033 33.984
-95.308 28.948 29.984
115.717 -32.050 27.386
-166.288 23.868 30.200
139.933 40.650 24.764
128.850 32.700 30.642
-123.451 48.769 20.884
179.195 -8.525 32.409
-16.907 32.640 33.815
21.231 64.916 -25.461
-94.793 29.310 26.169
73.152 -0.687 33.521
11.933 54.567 25.118
102.107 6.227 26.030
-5.350 36.117 21.258
-3.018 53.450 20.198
11.791 57.685 14.321
-89.957 29.263 12.091
144.650 13.433 31.125
-110.900 27.933 24.647
141.533 40.533 28.819
110.283 20.017 27.861
140.717 41.783 24.417
-63.583 44.667 34.349
132.067 34.900 24.160
27.179 60.563 10.430
145.567 43.283 28.606
22.977 59.823 8.766
1.284 51.947 31.165
9.101 63.425 8.598
24.956 60.154 10.978
-2.920 54.032 19.198
115.738 -31.825 27.333
-155.067 19.733 29.211
-3.134 51.215 25.818
89.467 21.783 24.277
147.330 -42.887 30.390
4.120 51.977 27.602
-4.631 53.308 23.022
114.217 22.300 26.963
159.957 -9.425 36.135
25.973 70.980 16.111
-157.867 21.307 32.327
12.467 56.100 21.810
131.683 32.417 26.972
-124.217 40.767 26.172
-4.111 51.211 26.037
-43.165 -22.897 26.040
-0.186 53.631 27.287
124.167 24.333 29.058
-169.530 16.738 29.727
103.792 1.462 26.858
-78.833 -33.622 29.969
-134.412 58.298 12.476
130.567 31.583 26.759
-156.467 20.900 31.462
23.096 65.697 -24.233
121.282 28.088 25.950
-171.718 -2.810 29.068
120.288 22.615 28.447
154.777 1.098 30.667
21.215 62.344 -21.035
139.750 35.517 28.239
121.745 25.157 27.604
101.358 3.050 25.388
102.153 2.215 29.729
24.515 65.673 -25.144
70.220 -49.345 39.882
-131.625 55.333 14.923
-81.808 24.553 30.752
-5.050 58.457 21.526
12.894 55.522 28.290
23.033 -34.050 28.922
99.817 11.795 26.629
98.425 7.832 30.918
135.183 34.683 24.121
133.567 33.500 23.129
-152.512 57.732 23.356
134.583 34.017 23.037
116.067 5.983 27.119
103.430 3.975 28.625
130.200 32.600 28.082
103.443 1.325 27.966
15.589 56.105 23.911
11.127 58.997 8.371
135.767 33.483 24.035
144.367 42.983 21.529
167.733 8.733 34.377
-8.400 43.367 27.095
-117.257 32.867 25.990
-80.917 -2.200 25.383
-110.345 24.162 28.755
-1.221 46.158 22.947
-87.817 13.333 27.962
17.865 58.742 9.740
99.765 6.432 29.486
177.433 -17.600 30.064
-4.781 48.359 27.512
0.106 49.482 22.050
-1.765 47.205 25.373
123.750 13.150 30.074
-3.182 55.990 23.516
-1.140 60.155 25.267
-1.794 46.497 25.018
-75.120 38.782 38.020
119.417 34.750 27.172
-64.753 17.697 26.050
10.299 43.546 21.986
-3.825 53.332 20.656
-80.717 -6.933 24.844
159.067 -31.517 33.331
-118.272 33.720 22.855
-64.883 47.083 44.000
1.751 52.473 29.413
15.150 -26.650 32.357
100.613 4.240 25.486
121.617 32.133 27.914
5.113 61.934 18.214
-67.047 17.972 26.538
137.617 34.683 20.479
135.383 35.467 28.881
171.373 7.107 32.369
130.300 31.267 26.588
-4.417 36.717 22.496
134.463 7.330 34.072
73.527 4.190 32.707
-7.333 55.367 21.778
120.967 14.583 26.890
21.463 61.594 -14.505
174.500 -35.833 33.317
16.837 58.554 11.955
173.200 52.833 32.319
-72.117 -17.000 25.828
132.717 33.867 26.940
-81.432 30.395 34.448
-106.422 23.198 26.190
139.817 34.917 25.835
15.563 38.196 26.035
-177.367 28.217 29.976
-5.014 51.702 25.459
-4.906 55.750 19.460
50.600 26.233 20.805
130.450 32.617 27.900
139.482 34.067 25.663
141.983 39.650 32.627
-157.800 21.433 32.451
7.421 43.729 22.116
-71.960 41.048 37.303
-121.888 36.605 26.784
22.133 -34.183 29.058
134.167 33.267 22.984
129.867 32.733 28.824
136.883 35.083 22.354
127.667 26.200 30.989
129.842 29.842 30.133
-1.634 47.194 25.452
-70.097 41.285 34.460
176.917 -39.483 35.880
14.269 40.841 24.508
166.905 -0.528 29.437
-159.350 21.967 28.653
129.495 28.382 31.247
-124.617 48.368 20.472
-72.087 41.355 35.906
-74.015 40.700 35.373
0.057 50.782 22.638
-5.542 50.102 26.705
-71.327 41.505 34.584
-122.910 49.200 20.103
130.992 30.735 29.539
-1.440 55.007 23.917
-60.250 46.217 40.546
166.437 -22.292 32.696
-175.167 -21.133 32.389
-140.082 -8.930 28.994
11.950 78.933 -2.661
141.717 39.067 23.371
141.750 39.017 23.163
139.383 34.783 27.332
17.097 57.366 16.626
138.217 34.617 23.002
140.900 36.933 22.728
135.433 34.650 23.656
16.478 57.275 16.385
10.734 59.909 7.955
25.418 65.040 -24.171
130.217 32.983 26.733
136.217 34.067 24.180
-170.683 -14.283 35.499
-81.167 -5.083 25.431
-149.567 -17.525 25.854
-123.451 48.654 21.374
100.347 5.422 25.249
-158.053 -8.977 26.609
-87.213 30.403 29.877
-75.142 39.933 40.676
22.690 63.709 -19.799
158.243 6.987 31.021
-123.253 49.337 20.462
-25.672 37.735 32.555
-123.440 48.125 21.867
-59.133 47.567 39.882
-1.062 45.569 24.988
25.630 -33.960 29.743
118.575 -20.318 29.092
150.912 -34.473 32.689
57.495 -20.155 33.354
16.867 -29.250 28.990
-3.446 47.644 22.504
3.107 42.520 23.824
-127.489 50.722 10.977
-97.215 26.060 24.361
-70.247 43.657 30.772
141.600 -38.333 26.668
-5.120 54.843 21.292
-120.760 35.177 26.093
-1.112 50.803 23.720
-130.324 54.317 6.268
-71.401 41.807 34.296
-87.950 15.833 30.178
-15.417 28.133 28.753
-72.967 -41.483 17.274
-67.617 -54.933 25.250
-132.072 53.252 16.367
24.407 64.666 -22.624
-159.775 -21.207 27.236
20.895 63.986 -23.545
21.426 61.133 -14.152
-75.573 39.558 39.906
-21.940 64.151 9.739
-134.953 -23.125 31.249
12.113 57.250 13.991
-97.047 28.022 26.436
63.418 -19.668 28.870
11.230 64.859 7.063
-3.966 48.718 25.303
150.790 -23.162 32.214
-17.750 28.683 31.431
-93.870 29.730 13.992
133.333 36.200 30.516
-2.246 47.140 24.110
-1.682 43.395 22.436
-2.028 48.641 25.659
-2.202 47.267 24.271
-66.063 45.251 30.862
145.742 15.227 27.249
133.250 35.550 24.018
17.950 -33.017 30.791
-95.203 16.160 25.654
-117.173 32.713 25.491
-80.108 -26.292 26.133
-122.465 37.807 22.444
-90.833 13.917 28.620
-66.117 18.460 27.082
-160.502 55.337 25.215
-74.009 40.467 35.703
-90.313 -0.755 30.597
-118.500 34.008 21.456
-122.339 47.603 20.595
104.115 1.932 26.491
-151.720 59.441 19.396
-149.427 60.120 18.840
-76.330 36.947 38.854
115.350 22.750 25.821
0.743 51.442 29.833
119.550 35.383 27.936
138.517 35.017 23.030
135.383 33.683 24.390
18.433 -34.183 29.519
14.358 55.557 28.364
-135.342 57.052 18.928
19.012 63.191 -23.153
-135.327 59.450 12.982
12.829 55.417 29.172
11.218 58.354 8.329
-76.452 38.317 39.477
-124.043 44.625 24.615
17.531 62.363 -20.884
147.933 -42.550 31.822
-78.918 33.655 35.264
-82.627 27.760 31.672
-52.717 47.567 36.755
11.832 58.093 14.329
-123.181 49.125 21.675
-2.117 49.183 26.368
18.082 59.325 1.886
-6.389 58.207 23.621
134.900 34.350 22.944
178.427 -18.132 30.498
39.600 -69.000 26.754
134.050 34.350 22.637
-81.282 -4.582 25.426
103.853 1.262 26.454
135.183 34.333 24.107
174.033 -39.050 27.332
-5.600 36.000 19.745
176.183 -37.650 30.796
117.883 4.233 30.653
-16.240 28.480 32.372
133.640 -32.150 28.562
104.140 2.807 27.579
136.850 34.467 23.639
-6.064 56.623 20.595
-125.913 49.154 16.352
139.767 35.650 25.400
132.967 32.783 25.773
5.913 43.117 22.715
146.833 -19.250 28.994
137.217 36.767 24.774
7.567 58.000 22.062
13.750 45.650 18.749
151.850 7.450 29.894
-78.730 1.817 21.783
22.101 60.428 -1.471
138.883 35.017 23.779
-5.158 57.895 20.378
-166.537 53.880 27.405
133.950 34.483 24.458
135.900 33.567 23.910
132.550 33.233 27.349
21.571 63.081 -23.247
-146.362 61.125 16.081
-0.330 39.460 24.422
-71.633 -33.033 22.580
-123.110 49.287 20.484
12.217 57.100 16.737
31.100 70.333 17.647
12.426 45.419 19.852
-123.370 48.422 20.006
12.579 56.142 21.779
18.284 57.639 21.252
135.150 34.217 24.160
166.617 19.283 28.050
141.683 45.400 26.355
14.500 -22.950 32.118
-77.022 38.873 37.958
174.783 -41.283 30.270
-2.448 50.608 25.187
-0.614 54.490 26.172
-3.086 58.441 23.883
-123.965 46.708 23.999
-73.782 40.793 37.359
-77.953 34.227 34.429
18.419 54.797 20.696
-62.700 45.683 38.917
-70.672 41.523 33.962
-3.568 54.651 21.315
128.102 -15.453 26.797
118.067 24.450 26.559
-139.733 59.548 14.410
138.128 9.508 28.178
-66.117 43.833 33.761
139.633 35.467 26.095
13.817 55.417 27.375
39.190 -6.155 29.810
111.833 21.583 26.584
