144.283 44.017 30.633
-2.075 57.143 36.403
131.417 31.583 37.408
-89.833 13.583 37.455
-99.912 16.840 33.459
-176.632 51.863 35.436
-122.298 37.772 32.704
-126.931 50.587 19.463
-5.433 36.117 28.684
-149.890 61.238 26.873
-76.482 38.983 48.593
-70.400 -23.650 30.396
-53.983 47.300 43.920
-13.530 28.972 39.406
-123.767 46.208 32.449
-74.418 39.355 49.268
-2.715 51.511 34.071
141.500 38.300 32.213
-79.573 8.962 39.105
-76.578 39.267 48.328
-90.285 -0.437 37.630
-125.136 48.836 29.529
2.163 41.342 35.318
-68.205 44.392 39.917
12.903 55.756 37.557
-1.515 43.527 31.374
109.083 21.483 35.013
-128.143 52.163 15.665
-64.700 32.400 43.023
-3.050 43.357 34.738
-6.340 36.800 33.171
141.917 -10.600 38.727
-71.052 42.355 42.774
1.578 50.727 37.788
-4.500 48.383 35.408
-73.182 41.173 48.520
153.167 -27.367 42.297
122.217 -18.000 40.261
-77.100 3.900 32.826
-58.500 -34.667 32.074
152.380 -24.767 43.058
145.915 -41.050 37.451
-109.908 22.880 39.191
-6.283 36.533 33.329
1.868 50.969 36.159
-77.150 -12.050 34.008
-76.068 38.573 50.456
-125.247 50.042 25.802
-47.925 -25.017 34.121
147.058 -19.277 39.767
18.433 -33.900 39.673
-74.960 38.968 49.418
113.652 -24.898 38.296
-75.533 10.383 39.815
-9.417 38.692 34.748
15.094 37.498 34.086
103.187 5.265 37.579
-5.317 35.900 29.814
91.050 22.217 33.594
-124.322 43.345 34.602
-79.925 32.782 44.783
-64.920 18.335 37.016
-63.117 46.233 45.840
-1.635 49.651 32.716
-76.113 36.967 51.175
142.200 27.100 42.713
140.867 35.750 37.041
-157.472 1.982 38.762
-94.200 58.783 -18.724
96.883 -12.117 44.769
-1.890 47.277 34.756
-145.753 60.558 23.771
-97.217 27.580 35.535
91.833 21.450 32.409
-124.183 41.745 33.668
-79.915 9.355 40.120
1.302 52.934 40.644
8.717 53.867 38.819
130.850 -12.467 40.174
20.385 60.032 7.318
6.933 53.326 41.290
4.746 52.965 37.824
-4.185 50.368 37.511
1.085 49.929 42.315
-2.088 47.306 34.477
108.617 19.100 37.478
1.318 51.117 38.940
-75.740 36.183 51.423
2.367 51.048 36.973
31.050 -29.867 37.459
27.917 -33.017 41.027
-109.448 -27.150 32.095
-66.985 44.903 42.723
162.387 11.430 47.396
-116.633 31.850 40.638
8.433 55.467 39.545
-79.647 0.992 31.832
121.900 -33.867 37.109
-64.267 -65.250 12.966
1.348 51.957 41.717
-81.467 30.672 44.267
-4.983 52.014 33.030
18.211 60.409 1.918
151.233 -33.850 40.649
-80.902 32.033 44.554
-95.308 28.948 40.477
115.717 -32.050 36.820
-166.288 23.868 41.341
139.933 40.650 34.720
128.850 32.700 42.139
-123.451 48.769 29.889
179.195 -8.525 42.643
-16.907 32.640 46.365
21.231 64.916 -15.886
-94.793 29.310 36.170
73.152 -0.687 44.805
11.933 54.567 34.674
102.107 6.227 35.735
-5.350 36.117 31.376
-3.018 53.450 30.029
11.791 57.685 24.055
-89.957 29.263 21.298
144.650 13.433 41.656
-110.900 27.933 34.060
141.533 40.533 39.993
110.283 20.017 36.440
140.717 41.783 33.681
-63.583 44.667 46.913
132.067 34.900 33.627
27.179 60.563 20.789
145.567 43.283 38.950
22.977 59.823 18.947
1.284 51.947 41.319
9.101 63.425 19.568
24.956 60.154 21.446
-2.920 54.032 28.852
115.738 -31.825 37.381
-155.067 19.733 40.282
-3.134 51.215 36.190
89.467 21.783 32.142
147.330 -42.887 40.105
4.120 51.977 37.713
-4.631 53.308 32.693
114.217 22.300 36.125
159.957 -9.425 47.602
25.973 70.980 27.228
-157.867 21.307 42.474
12.467 56.100 31.878
131.683 32.417 37.587
-124.217 40.767 35.436
-4.111 51.211 35.532
-43.165 -22.897 35.063
-0.186 53.631 36.610
124.167 24.333 39.124
-169.530 16.738 39.806
103.792 1.462 36.866
-78.833 -33.622 37.317
-134.412 58.298 21.336
130.567 31.583 37.465
-156.467 20.900 42.726
23.096 65.697 -14.260
121.282 28.088 34.653
-171.718 -2.810 38.565
120.288 22.615 38.129
154.777 1.098 40.271
21.215 62.344 -11.384
139.750 35.517 40.424
121.745 25.157 37.207
101.358 3.050 34.967
102.153 2.215 39.895
24.515 65.673 -15.601
70.220 -49.345 51.519
-131.625 55.333 23.559
-81.808 24.553 41.703
-5.050 58.457 31.007
12.894 55.522 38.558
23.033 -34.050 38.571
99.817 11.795 36.176
98.425 7.832 40.082
135.183 34.683 34.350
133.567 33.500 33.293
-152.512 57.732 32.961
134.583 34.017 33.598
116.067 5.983 36.576
103.430 3.975 38.314
130.200 32.600 39.674
103.443 1.325 38.665
15.589 56.105 34.043
11.127 58.997 18.430
135.767 33.483 35.035
144.367 42.983 30.461
167.733 8.733 46.143
-8.400 43.367 36.876
-117.257 32.867 36.223
-80.917 -2.200 35.160
-110.345 24.162 38.925
-1.221 46.158 32.089
-87.817 13.333 38.536
17.865 58.742 19.835
99.765 6.432 38.415
177.433 -17.600 38.811
-4.781 48.359 37.489
0.106 49.482 31.347
-1.765 47.205 34.607
123.750 13.150 39.809
-3.182 55.990 32.872
-1.140 60.155 36.395
-1.794 46.497 34.451
-75.120 38.782 49.209
119.417 34.750 37.356
-64.753 17.697 36.166
10.299 43.546 32.009
-3.825 53.332 30.201
-80.717 -6.933 34.104
159.067 -31.517 43.618
-118.272 33.720 32.601
-64.883 47.083 55.121
1.751 52.473 39.119
15.150 -26.650 43.510
100.613 4.240 35.224
121.617 32.133 36.867
5.113 61.934 29.540
-67.047 17.972 36.677
137.617 34.683 30.828
135.383 35.467 39.816
171.373 7.107 42.937
130.300 31.267 37.234
-4.417 36.717 32.980
134.463 7.330 44.236
73.527 4.190 43.288
-7.333 55.367 31.967
120.967 14.583 36.849
21.463 61.594 -4.296
174.500 -35.833 42.946
16.837 58.554 22.096
173.200 52.833 41.001
-72.117 -17.000 34.680
132.717 33.867 37.941
-81.432 30.395 44.908
-106.422 23.198 35.603
139.817 34.917 37.117
15.563 38.196 35.713
-177.367 28.217 40.805
-5.014 51.702 35.160
-4.906 55.750 28.718
50.600 26.233 30.227
130.450 32.617 39.535
139.482 34.067 37.082
141.983 39.650 43.872
-157.800 21.433 42.946
7.421 43.729 32.073
-71.960 41.048 48.513
-121.888 36.605 36.610
22.133 -34.183 39.350
134.167 33.267 33.090
129.867 32.733 40.501
136.883 35.083 32.974
127.667 26.200 41.562
129.842 29.842 40.807
-1.634 47.194 34.844
-70.097 41.285 45.985
176.917 -39.483 45.461
14.269 40.841 34.806
166.905 -0.528 39.093
-159.350 21.967 38.901
129.495 28.382 41.804
-124.617 48.368 29.549
-72.087 41.355 47.122
-74.015 40.700 47.485
0.057 50.782 32.556
-5.542 50.102 36.559
-71.327 41.505 46.171
-122.910 49.200 28.858
130.992 30.735 41.066
-1.440 55.007 34.615
-60.250 46.217 52.208
166.437 -22.292 43.905
-175.167 -21.133 42.162
-140.082 -8.930 37.903
11.950 78.933 5.333
141.717 39.067 32.818
141.750 39.017 32.361
139.383 34.783 39.047
17.097 57.366 27.219
138.217 34.617 33.867
140.900 36.933 33.260
135.433 34.650 33.891
16.478 57.275 27.178
10.734 59.909 17.786
25.418 65.040 -14.260
130.217 32.983 37.963
136.217 34.067 34.673
-170.683 -14.283 45.903
-81.167 -5.083 34.669
-149.567 -17.525 34.641
-123.451 48.654 29.631
100.347 5.422 34.433
-158.053 -8.977 35.511
-87.213 30.403 40.142
-75.142 39.933 52.079
22.690 63.709 -10.463
158.243 6.987 41.723
-123.253 49.337 29.335
-25.672 37.735 44.284
-123.440 48.125 30.265
-59.133 47.567 52.242
-1.062 45.569 34.340
25.630 -33.960 40.389
118.575 -20.318 39.004
150.912 -34.473 42.911
57.495 -20.155 44.729
16.867 -29.250 40.002
-3.446 47.644 32.105
3.107 42.520 33.944
-127.489 50.722 19.197
-97.215 26.060 34.660
-70.247 43.657 42.735
141.600 -38.333 35.612
-5.120 54.843 30.094
-120.760 35.177 36.096
-1.112 50.803 33.412
-130.324 54.317 14.676
-71.401 41.807 45.975
-87.950 15.833 40.978
-15.417 28.133 39.724
-72.967 -41.483 22.089
-67.617 -54.933 28.440
-132.072 53.252 25.304
24.407 64.666 -13.066
-159.775 -21.207 36.415
20.895 63.986 -13.550
21.426 61.133 -3.795
-75.573 39.558 50.969
-21.940 64.151 19.549
-134.953 -23.125 39.836
12.113 57.250 24.112
-97.047 28.022 36.653
63.418 -19.668 38.986
11.230 64.859 18.130
-3.966 48.718 34.818
150.790 -23.162 42.036
-17.750 28.683 43.896
-93.870 29.730 23.121
133.333 36.200 42.461
-2.246 47.140 33.452
-1.682 43.395 32.275
-2.028 48.641 36.033
-2.202 47.267 33.860
-66.063 45.251 42.931
145.742 15.227 36.747
133.250 35.550 33.862
17.950 -33.017 41.406
-95.203 16.160 35.001
-117.173 32.713 35.778
-80.108 -26.292 34.233
-122.465 37.807 31.943
-90.833 13.917 38.267
-66.117 18.460 37.229
-160.502 55.337 34.579
-74.009 40.467 47.794
-90.313 -0.755 40.131
-118.500 34.008 30.941
-122.339 47.603 28.885
104.115 1.932 36.377
-151.720 59.441 28.204
-149.427 60.120 28.289
-76.330 36.947 49.785
115.350 22.750 35.567
0.743 51.442 39.548
119.550 35.383 38.071
138.517 35.017 34.044
135.383 33.683 35.343
18.433 -34.183 40.022
14.358 55.557 38.730
-135.342 57.052 27.441
19.012 63.191 -13.312
-135.327 59.450 22.205
12.829 55.417 38.746
11.218 58.354 18.496
-76.452 38.317 50.417
-124.043 44.625 33.637
17.531 62.363 -11.106
147.933 -42.550 42.676
-78.918 33.655 45.676
-82.627 27.760 42.341
-52.717 47.567 49.072
11.832 58.093 24.423
-123.181 49.125 30.535
-2.117 49.183 37.011
18.082 59.325 12.001
-6.389 58.207 33.176
134.900 34.350 33.577
178.427 -18.132 39.983
39.600 -69.000 36.573
134.050 34.350 33.094
-81.282 -4.582 34.725
103.853 1.262 36.191
135.183 34.333 34.909
174.033 -39.050 36.483
-5.600 36.000 29.353
176.183 -37.650 40.293
117.883 4.233 40.282
-16.240 28.480 44.095
133.640 -32.150 37.829
104.140 2.807 37.279
136.850 34.467 34.316
-6.064 56.623 30.624
-125.913 49.154 25.288
139.767 35.650 36.444
132.967 32.783 35.793
5.913 43.117 32.204
146.833 -19.250 38.453
137.217 36.767 34.862
7.567 58.000 32.952
13.750 45.650 27.944
151.850 7.450 40.345
-78.730 1.817 30.916
22.101 60.428 9.079
138.883 35.017 34.950
-5.158 57.895 29.750
-166.537 53.880 37.761
133.950 34.483 34.367
135.900 33.567 34.331
132.550 33.233 38.398
21.571 63.081 -13.141
-146.362 61.125 24.672
-0.330 39.460 34.211
-71.633 -33.033 29.363
-123.110 49.287 29.295
12.217 57.100 26.913
31.100 70.333 29.654
12.426 45.419 28.969
-123.370 48.422 28.656
12.579 56.142 32.213
18.284 57.639 31.484
135.150 34.217 34.849
166.617 19.283 38.255
141.683 45.400 36.219
14.500 -22.950 43.436
-77.022 38.873 48.674
174.783 -41.283 39.397
-2.448 50.608 35.077
-0.614 54.490 36.481
-3.086 58.441 33.626
-123.965 46.708 32.779
-73.782 40.793 49.594
-77.953 34.227 44.696
18.419 54.797 30.737
-62.700 45.683 50.805
-70.672 41.523 45.371
-3.568 54.651 30.653
128.102 -15.453 36.859
118.067 24.450 36.078
-139.733 59.548 23.027
138.128 9.508 38.110
-66.117 43.833 46.181
139.633 35.467 36.978
13.817 55.417 36.836
39.190 -6.155 39.837
111.833 21.583 35.767
