144.283 44.017 32.640
-2.075 57.143 36.903
131.417 31.583 37.241
-89.833 13.583 39.125
-99.912 16.840 36.444
-176.632 51.863 39.016
-122.298 37.772 36.216
-126.931 50.587 24.058
-5.433 36.117 30.134
-149.890 61.238 30.192
-76.482 38.983 50.080
-70.400 -23.650 30.847
-53.983 47.300 45.068
-13.530 28.972 39.575
-123.767 46.208 36.313
-74.418 39.355 50.903
-2.715 51.511 35.100
141.500 38.300 33.632
-79.573 8.962 40.412
-76.578 39.267 49.755
-90.285 -0.437 39.544
-125.136 48.836 33.423
2.163 41.342 35.954
-68.205 44.392 40.847
12.903 55.756 37.666
-1.515 43.527 32.451
109.083 21.483 36.002
-128.143 52.163 19.744
-64.700 32.400 46.058
-3.050 43.357 35.207
-6.340 36.800 33.987
141.917 -10.600 40.673
-71.052 42.355 44.043
1.578 50.727 38.172
-4.500 48.383 36.753
-73.182 41.173 49.333
153.167 -27.367 42.861
122.217 -18.000 42.201
-77.100 3.900 34.157
-58.500 -34.667 31.565
152.380 -24.767 44.248
145.915 -41.050 38.928
-109.908 22.880 42.451
-6.283 36.533 34.089
1.868 50.969 36.692
-77.150 -12.050 34.476
-76.068 38.573 51.827
-125.247 50.042 29.790
-47.925 -25.017 34.191
147.058 -19.277 41.713
18.433 -33.900 40.474
-74.960 38.968 51.106
113.652 -24.898 40.920
-75.533 10.383 41.115
-9.417 38.692 36.065
15.094 37.498 35.071
103.187 5.265 39.506
-5.317 35.900 31.000
91.050 22.217 34.923
-124.322 43.345 38.492
-79.925 32.782 46.921
-64.920 18.335 39.707
-63.117 46.233 46.883
-1.635 49.651 33.295
-76.113 36.967 53.219
142.200 27.100 43.413
140.867 35.750 36.685
-157.472 1.982 41.141
-94.200 58.783 -18.151
96.883 -12.117 46.314
-1.890 47.277 35.889
-145.753 60.558 27.615
-97.217 27.580 37.232
91.833 21.450 33.697
-124.183 41.745 37.873
-79.915 9.355 41.033
1.302 52.934 40.842
8.717 53.867 38.557
130.850 -12.467 41.623
20.385 60.032 6.670
6.933 53.326 42.208
4.746 52.965 37.943
-4.185 50.368 38.897
1.085 49.929 42.188
-2.088 47.306 36.017
108.617 19.100 38.421
1.318 51.117 39.486
-75.740 36.183 53.208
2.367 51.048 37.778
31.050 -29.867 39.265
27.917 -33.017 42.267
-109.448 -27.150 32.469
-66.985 44.903 42.832
162.387 11.430 48.722
-116.633 31.850 43.748
8.433 55.467 39.486
-79.647 0.992 34.197
121.900 -33.867 39.797
-64.267 -65.250 1.706
1.348 51.957 42.585
-81.467 30.672 46.463
-4.983 52.014 34.653
18.211 60.409 1.743
151.233 -33.850 41.959
-80.902 32.033 46.654
-95.308 28.948 42.478
115.717 -32.050 39.501
-166.288 23.868 43.203
139.933 40.650 35.549
128.850 32.700 40.677
-123.451 48.769 33.765
179.195 -8.525 44.072
-16.907 32.640 45.263
21.231 64.916 -15.535
-94.793 29.310 38.809
73.152 -0.687 45.437
11.933 54.567 35.249
102.107 6.227 37.009
-5.350 36.117 32.092
-3.018 53.450 30.982
11.791 57.685 24.500
-89.957 29.263 24.595
144.650 13.433 42.814
-110.900 27.933 37.143
141.533 40.533 39.543
110.283 20.017 37.841
140.717 41.783 35.024
-63.583 44.667 47.094
132.067 34.900 34.535
27.179 60.563 20.429
145.567 43.283 39.289
22.977 59.823 18.719
1.284 51.947 41.470
9.101 63.425 18.864
24.956 60.154 20.731
-2.920 54.032 30.061
115.738 -31.825 39.384
-155.067 19.733 42.152
-3.134 51.215 36.780
89.467 21.783 33.792
147.330 -42.887 41.058
4.120 51.977 38.023
-4.631 53.308 33.969
114.217 22.300 37.143
159.957 -9.425 47.967
25.973 70.980 26.190
-157.867 21.307 45.257
12.467 56.100 31.974
131.683 32.417 37.604
-124.217 40.767 39.383
-4.111 51.211 37.115
-43.165 -22.897 35.049
-0.186 53.631 37.933
124.167 24.333 39.712
-169.530 16.738 42.485
103.792 1.462 38.578
-78.833 -33.622 36.193
-134.412 58.298 24.939
130.567 31.583 37.091
-156.467 20.900 44.644
23.096 65.697 -14.165
121.282 28.088 35.768
-171.718 -2.810 41.160
120.288 22.615 38.785
154.777 1.098 42.704
21.215 62.344 -11.360
139.750 35.517 38.939
121.745 25.157 37.783
101.358 3.050 36.521
102.153 2.215 40.989
24.515 65.673 -14.948
70.220 -49.345 52.172
-131.625 55.333 27.417
-81.808 24.553 43.505
-5.050 58.457 32.870
12.894 55.522 38.288
23.033 -34.050 40.273
99.817 11.795 37.203
98.425 7.832 42.286
135.183 34.683 34.622
133.567 33.500 33.587
-152.512 57.732 35.811
134.583 34.017 33.726
116.067 5.983 38.240
103.430 3.975 39.717
130.200 32.600 38.764
103.443 1.325 39.297
15.589 56.105 33.642
11.127 58.997 18.658
135.767 33.483 34.763
144.367 42.983 32.120
167.733 8.733 46.993
-8.400 43.367 38.262
-117.257 32.867 38.789
-80.917 -2.200 36.051
-110.345 24.162 41.919
-1.221 46.158 33.667
-87.817 13.333 40.259
17.865 58.742 19.786
99.765 6.432 40.386
177.433 -17.600 41.766
-4.781 48.359 38.633
0.106 49.482 32.611
-1.765 47.205 36.314
123.750 13.150 40.981
-3.182 55.990 34.292
-1.140 60.155 36.389
-1.794 46.497 35.695
-75.120 38.782 50.823
119.417 34.750 36.622
-64.753 17.697 38.557
10.299 43.546 32.209
-3.825 53.332 31.486
-80.717 -6.933 35.150
159.067 -31.517 44.809
-118.272 33.720 35.847
-64.883 47.083 56.128
1.751 52.473 39.864
15.150 -26.650 43.652
100.613 4.240 36.590
121.617 32.133 37.736
5.113 61.934 29.035
-67.047 17.972 38.915
137.617 34.683 31.107
135.383 35.467 39.304
171.373 7.107 44.378
130.300 31.267 36.973
-4.417 36.717 33.346
134.463 7.330 45.362
73.527 4.190 43.701
-7.333 55.367 32.893
120.967 14.583 37.651
21.463 61.594 -4.390
174.500 -35.833 43.533
16.837 58.554 22.089
173.200 52.833 43.815
-72.117 -17.000 34.735
132.717 33.867 37.409
-81.432 30.395 47.111
-106.422 23.198 38.878
139.817 34.917 36.564
15.563 38.196 36.054
-177.367 28.217 42.483
-5.014 51.702 36.784
-4.906 55.750 30.572
50.600 26.233 30.104
130.450 32.617 38.109
139.482 34.067 36.307
141.983 39.650 43.054
-157.800 21.433 45.455
7.421 43.729 32.372
-71.960 41.048 49.980
-121.888 36.605 39.975
22.133 -34.183 40.452
134.167 33.267 33.418
129.867 32.733 39.093
136.883 35.083 33.159
127.667 26.200 41.604
129.842 29.842 40.688
-1.634 47.194 36.317
-70.097 41.285 47.469
176.917 -39.483 45.186
14.269 40.841 34.578
166.905 -0.528 41.582
-159.350 21.967 41.643
129.495 28.382 41.769
-124.617 48.368 33.268
-72.087 41.355 48.702
-74.015 40.700 48.137
0.057 50.782 33.294
-5.542 50.102 37.788
-71.327 41.505 47.163
-122.910 49.200 32.892
130.992 30.735 40.112
-1.440 55.007 34.827
-60.250 46.217 53.315
166.437 -22.292 44.476
-175.167 -21.133 43.571
-140.082 -8.930 40.181
11.950 78.933 8.089
141.717 39.067 34.060
141.750 39.017 33.801
139.383 34.783 37.884
17.097 57.366 26.745
138.217 34.617 33.411
140.900 36.933 33.362
135.433 34.650 34.298
16.478 57.275 26.361
10.734 59.909 18.253
25.418 65.040 -14.038
130.217 32.983 37.067
136.217 34.067 34.842
-170.683 -14.283 46.854
-81.167 -5.083 36.018
-149.567 -17.525 36.480
-123.451 48.654 33.974
100.347 5.422 36.506
-158.053 -8.977 38.089
-87.213 30.403 42.609
-75.142 39.933 53.150
22.690 63.709 -10.202
158.243 6.987 43.277
-123.253 49.337 33.236
-25.672 37.735 44.516
-123.440 48.125 34.665
-59.133 47.567 52.706
-1.062 45.569 35.735
25.630 -33.960 41.149
118.575 -20.318 41.244
150.912 -34.473 44.223
57.495 -20.155 46.183
16.867 -29.250 40.139
-3.446 47.644 33.376
3.107 42.520 34.160
-127.489 50.722 23.674
-97.215 26.060 37.355
-70.247 43.657 43.787
141.600 -38.333 37.770
-5.120 54.843 32.341
-120.760 35.177 39.131
-1.112 50.803 34.511
-130.324 54.317 19.004
-71.401 41.807 47.070
-87.950 15.833 42.152
-15.417 28.133 40.280
-72.967 -41.483 21.552
-67.617 -54.933 24.074
-132.072 53.252 29.159
24.407 64.666 -12.696
-159.775 -21.207 37.678
20.895 63.986 -13.754
21.426 61.133 -4.384
-75.573 39.558 52.180
-21.940 64.151 21.648
-134.953 -23.125 40.683
12.113 57.250 24.435
-97.047 28.022 39.091
63.418 -19.668 41.819
11.230 64.859 17.667
-3.966 48.718 36.374
150.790 -23.162 43.814
-17.750 28.683 43.281
-93.870 29.730 27.404
133.333 36.200 40.788
-2.246 47.140 35.095
-1.682 43.395 33.021
-2.028 48.641 36.536
-2.202 47.267 35.119
-66.063 45.251 43.815
145.742 15.227 38.559
133.250 35.550 34.277
17.950 -33.017 42.187
-95.203 16.160 37.760
-117.173 32.713 38.322
-80.108 -26.292 33.946
-122.465 37.807 35.504
-90.833 13.917 40.592
-66.117 18.460 39.548
-160.502 55.337 37.797
-74.009 40.467 48.665
-90.313 -0.755 41.788
-118.500 34.008 34.284
-122.339 47.603 33.388
104.115 1.932 37.968
-151.720 59.441 31.653
-149.427 60.120 31.197
-76.330 36.947 51.854
115.350 22.750 35.962
0.743 51.442 40.335
119.550 35.383 37.635
138.517 35.017 33.834
135.383 33.683 34.895
18.433 -34.183 40.844
14.358 55.557 38.867
-135.342 57.052 31.581
19.012 63.191 -12.788
-135.327 59.450 25.445
12.829 55.417 38.729
11.218 58.354 18.579
-76.452 38.317 52.007
-124.043 44.625 37.619
17.531 62.363 -10.827
147.933 -42.550 42.732
-78.918 33.655 47.884
-82.627 27.760 44.491
-52.717 47.567 49.452
11.832 58.093 24.824
-123.181 49.125 34.560
-2.117 49.183 37.085
18.082 59.325 12.056
-6.389 58.207 34.709
134.900 34.350 33.557
178.427 -18.132 42.183
39.600 -69.000 32.663
134.050 34.350 33.175
-81.282 -4.582 36.093
103.853 1.262 37.780
135.183 34.333 34.846
174.033 -39.050 37.332
-5.600 36.000 30.560
176.183 -37.650 40.858
117.883 4.233 41.853
-16.240 28.480 44.124
133.640 -32.150 40.133
104.140 2.807 38.803
136.850 34.467 34.366
-6.064 56.623 31.888
-125.913 49.154 29.144
139.767 35.650 36.051
132.967 32.783 36.166
5.913 43.117 32.936
146.833 -19.250 40.435
137.217 36.767 35.298
7.567 58.000 32.678
13.750 45.650 28.753
151.850 7.450 42.031
-78.730 1.817 32.710
22.101 60.428 8.763
138.883 35.017 34.341
-5.158 57.895 31.374
-166.537 53.880 40.033
133.950 34.483 34.807
135.900 33.567 34.550
132.550 33.233 37.889
21.571 63.081 -13.092
-146.362 61.125 28.332
-0.330 39.460 35.062
-71.633 -33.033 29.250
-123.110 49.287 33.294
12.217 57.100 27.020
31.100 70.333 27.381
12.426 45.419 29.752
-123.370 48.422 32.988
12.579 56.142 32.085
18.284 57.639 30.345
135.150 34.217 34.678
166.617 19.283 40.132
141.683 45.400 36.551
14.500 -22.950 43.283
-77.022 38.873 50.272
174.783 -41.283 39.505
-2.448 50.608 36.030
-0.614 54.490 37.028
-3.086 58.441 35.162
-123.965 46.708 37.047
-73.782 40.793 50.362
-77.953 34.227 47.349
18.419 54.797 30.391
-62.700 45.683 51.566
-70.672 41.523 46.819
-3.568 54.651 32.362
128.102 -15.453 38.750
118.067 24.450 36.825
-139.733 59.548 26.651
138.128 9.508 39.820
-66.117 43.833 46.740
139.633 35.467 36.665
13.817 55.417 37.388
39.190 -6.155 40.794
111.833 21.583 36.651
