144.283 44.017 25.246
-2.075 57.143 30.692
131.417 31.583 31.758
-89.833 13.583 32.378
-99.912 16.840 29.008
-176.632 51.863 31.202
-122.298 37.772 28.912
-126.931 50.587 16.651
-5.433 36.117 23.241
-149.890 61.238 24.494
-76.482 38.983 43.571
-70.400 -23.650 25.586
-53.983 47.300 37.952
-13.530 28.972 32.628
-123.767 46.208 29.609
-74.418 39.355 44.567
-2.715 51.511 28.665
141.500 38.300 25.795
-79.573 8.962 32.367
-76.578 39.267 43.441
-90.285 -0.437 32.547
-125.136 48.836 26.749
2.163 41.342 28.612
-68.205 44.392 34.330
12.903 55.756 29.910
-1.515 43.527 24.718
109.083 21.483 29.202
-128.143 52.163 13.042
-64.700 32.400 38.014
-3.050 43.357 27.723
-6.340 36.800 27.072
141.917 -10.600 32.779
-71.052 42.355 37.590
1.578 50.727 31.838
-4.500 48.383 30.532
-73.182 41.173 43.716
153.167 -27.367 34.976
122.217 -18.000 34.366
-77.100 3.900 27.986
-58.500 -34.667 26.730
152.380 -24.767 36.499
145.915 -41.050 32.279
-109.908 22.880 34.150
-6.283 36.533 26.894
1.868 50.969 30.578
-77.150 -12.050 29.124
-76.068 38.573 44.966
-125.247 50.042 22.940
-47.925 -25.017 28.119
147.058 -19.277 32.995
18.433 -33.900 33.581
-74.960 38.968 43.456
113.652 -24.898 32.838
-75.533 10.383 32.660
-9.417 38.692 28.859
15.094 37.498 28.702
103.187 5.265 31.967
-5.317 35.900 23.419
91.050 22.217 28.367
-124.322 43.345 31.428
-79.925 32.782 39.196
-64.920 18.335 32.603
-63.117 46.233 35.326
-1.635 49.651 26.335
-76.113 36.967 46.033
142.200 27.100 35.911
140.867 35.750 31.022
-157.472 1.982 33.756
-94.200 58.783 -25.936
96.883 -12.117 37.655
-1.890 47.277 29.741
-145.753 60.558 21.343
-97.217 27.580 30.307
91.833 21.450 26.903
-124.183 41.745 30.368
-79.915 9.355 32.891
1.302 52.934 34.083
8.717 53.867 31.207
130.850 -12.467 33.680
20.385 60.032 -2.250
6.933 53.326 35.651
4.746 52.965 30.260
-4.185 50.368 33.318
1.085 49.929 36.131
-2.088 47.306 29.681
108.617 19.100 31.265
1.318 51.117 33.193
-75.740 36.183 46.443
2.367 51.048 30.936
31.050 -29.867 31.725
27.917 -33.017 35.125
-109.448 -27.150 27.549
-66.985 44.903 36.487
162.387 11.430 39.867
-116.633 31.850 35.705
8.433 55.467 31.929
-79.647 0.992 27.369
121.900 -33.867 32.316
-64.267 -65.250 7.916
1.348 51.957 36.308
-81.467 30.672 39.003
-4.983 52.014 28.405
18.211 60.409 -6.736
151.233 -33.850 34.121
-80.902 32.033 39.000
-95.308 28.948 35.420
115.717 -32.050 31.890
-166.288 23.868 34.872
139.933 40.650 27.575
128.850 32.700 34.239
-123.451 48.769 27.141
179.195 -8.525 36.980
-16.907 32.640 38.276
21.231 64.916 -22.750
-94.793 29.310 31.631
73.152 -0.687 37.114
11.933 54.567 27.935
102.107 6.227 28.856
-5.350 36.117 25.043
-3.018 53.450 23.480
11.791 57.685 17.522
-89.957 29.263 18.831
144.650 13.433 33.581
-110.900 27.933 29.451
141.533 40.533 32.202
110.283 20.017 31.241
140.717 41.783 26.615
-63.583 44.667 41.900
132.067 34.900 27.320
27.179 60.563 11.692
145.567 43.283 31.702
22.977 59.823 9.972
1.284 51.947 35.357
9.101 63.425 10.726
24.956 60.154 12.375
-2.920 54.032 22.543
115.738 -31.825 31.996
-155.067 19.733 33.839
-3.134 51.215 30.557
89.467 21.783 27.157
147.330 -42.887 33.622
4.120 51.977 30.157
-4.631 53.308 27.705
114.217 22.300 30.235
159.957 -9.425 40.009
25.973 70.980 18.289
-157.867 21.307 36.176
12.467 56.100 24.754
131.683 32.417 31.987
-124.217 40.767 32.185
-4.111 51.211 31.028
-43.165 -22.897 29.232
-0.186 53.631 32.340
124.167 24.333 33.173
-169.530 16.738 32.929
103.792 1.462 29.502
-78.833 -33.622 33.005
-134.412 58.298 18.552
130.567 31.583 30.771
-156.467 20.900 35.906
23.096 65.697 -22.680
121.282 28.088 29.677
-171.718 -2.810 33.673
120.288 22.615 31.705
154.777 1.098 34.760
21.215 62.344 -19.493
139.750 35.517 33.494
121.745 25.157 31.505
101.358 3.050 28.978
102.153 2.215 33.175
24.515 65.673 -23.661
70.220 -49.345 41.870
-131.625 55.333 20.872
-81.808 24.553 35.880
-5.050 58.457 25.786
12.894 55.522 30.664
23.033 -34.050 33.607
99.817 11.795 28.858
98.425 7.832 34.486
135.183 34.683 28.297
133.567 33.500 27.774
-152.512 57.732 28.504
134.583 34.017 27.729
116.067 5.983 30.906
103.430 3.975 31.858
130.200 32.600 32.188
103.443 1.325 30.106
15.589 56.105 25.157
11.127 58.997 11.901
135.767 33.483 28.156
144.367 42.983 25.234
167.733 8.733 38.797
-8.400 43.367 31.417
-117.257 32.867 31.646
-80.917 -2.200 29.910
-110.345 24.162 33.945
-1.221 46.158 26.991
-87.817 13.333 33.269
17.865 58.742 10.723
99.765 6.432 33.155
177.433 -17.600 33.691
-4.781 48.359 32.444
0.106 49.482 25.194
-1.765 47.205 29.783
123.750 13.150 33.749
-3.182 55.990 27.544
-1.140 60.155 30.202
-1.794 46.497 29.450
-75.120 38.782 42.920
119.417 34.750 31.177
-64.753 17.697 31.687
10.299 43.546 26.014
-3.825 53.332 23.898
-80.717 -6.933 29.038
159.067 -31.517 35.966
-118.272 33.720 27.471
-64.883 47.083 51.166
1.751 52.473 33.378
15.150 -26.650 36.888
100.613 4.240 28.849
121.617 32.133 31.320
5.113 61.934 22.296
-67.047 17.972 31.865
137.617 34.683 25.494
135.383 35.467 32.668
171.373 7.107 36.346
130.300 31.267 30.594
-4.417 36.717 25.826
134.463 7.330 36.785
73.527 4.190 35.787
-7.333 55.367 26.121
120.967 14.583 29.689
21.463 61.594 -12.849
174.500 -35.833 35.214
16.837 58.554 13.052
173.200 52.833 35.454
-72.117 -17.000 29.655
132.717 33.867 32.270
-81.432 30.395 39.364
-106.422 23.198 31.039
139.817 34.917 30.532
15.563 38.196 29.409
-177.367 28.217 35.095
-5.014 51.702 30.617
-4.906 55.750 23.372
50.600 26.233 23.521
130.450 32.617 31.546
139.482 34.067 30.397
141.983 39.650 35.943
-157.800 21.433 36.073
7.421 43.729 26.050
-71.960 41.048 42.662
-121.888 36.605 32.345
22.133 -34.183 33.631
134.167 33.267 27.439
129.867 32.733 32.478
136.883 35.083 27.177
127.667 26.200 34.731
129.842 29.842 34.014
-1.634 47.194 29.889
-70.097 41.285 39.678
176.917 -39.483 36.620
14.269 40.841 28.170
166.905 -0.528 33.714
-159.350 21.967 32.911
129.495 28.382 34.998
-124.617 48.368 26.664
-72.087 41.355 40.737
-74.015 40.700 42.366
0.057 50.782 26.060
-5.542 50.102 31.567
-71.327 41.505 40.004
-122.910 49.200 26.530
130.992 30.735 33.438
-1.440 55.007 28.176
-60.250 46.217 46.811
166.437 -22.292 37.038
-175.167 -21.133 35.950
-140.082 -8.930 33.694
11.950 78.933 2.544
141.717 39.067 26.353
141.750 39.017 26.115
139.383 34.783 32.001
17.097 57.366 17.999
138.217 34.617 27.576
140.900 36.933 25.995
135.433 34.650 27.915
16.478 57.275 17.907
10.734 59.909 11.384
25.418 65.040 -22.290
130.217 32.983 30.542
136.217 34.067 28.513
-170.683 -14.283 39.878
-81.167 -5.083 29.977
-149.567 -17.525 29.687
-123.451 48.654 27.135
100.347 5.422 28.482
-158.053 -8.977 31.120
-87.213 30.403 35.334
-75.142 39.933 47.123
22.690 63.709 -18.582
158.243 6.987 35.498
-123.253 49.337 26.480
-25.672 37.735 37.494
-123.440 48.125 27.565
-59.133 47.567 45.876
-1.062 45.569 29.155
25.630 -33.960 34.767
118.575 -20.318 33.034
150.912 -34.473 35.870
57.495 -20.155 37.989
16.867 -29.250 33.289
-3.446 47.644 26.456
3.107 42.520 27.655
-127.489 50.722 16.185
-97.215 26.060 30.281
-70.247 43.657 38.476
141.600 -38.333 30.200
-5.120 54.843 26.186
-120.760 35.177 31.672
-1.112 50.803 27.156
-130.324 54.317 11.845
-71.401 41.807 39.439
-87.950 15.833 33.259
-15.417 28.133 33.058
-72.967 -41.483 18.818
-67.617 -54.933 23.177
-132.072 53.252 22.379
24.407 64.666 -20.926
-159.775 -21.207 31.249
20.895 63.986 -21.975
21.426 61.133 -12.793
-75.573 39.558 46.186
-21.940 64.151 14.498
-134.953 -23.125 34.513
12.113 57.250 17.365
-97.047 28.022 32.140
63.418 -19.668 33.752
11.230 64.859 10.461
-3.966 48.718 29.706
150.790 -23.162 35.915
-17.750 28.683 36.110
-93.870 29.730 18.042
133.333 36.200 34.231
-2.246 47.140 28.508
-1.682 43.395 25.344
-2.028 48.641 30.344
-2.202 47.267 28.800
-66.063 45.251 37.467
145.742 15.227 30.929
133.250 35.550 26.223
17.950 -33.017 35.181
-95.203 16.160 30.512
-117.173 32.713 30.916
-80.108 -26.292 29.580
-122.465 37.807 28.184
-90.833 13.917 32.916
-66.117 18.460 32.254
-160.502 55.337 30.565
-74.009 40.467 42.656
-90.313 -0.755 34.446
-118.500 34.008 26.129
-122.339 47.603 26.363
104.115 1.932 29.303
-151.720 59.441 24.780
-149.427 60.120 24.643
-76.330 36.947 44.711
115.350 22.750 29.385
0.743 51.442 33.981
119.550 35.383 32.612
138.517 35.017 27.821
135.383 33.683 28.225
18.433 -34.183 33.957
14.358 55.557 29.644
-135.342 57.052 24.656
19.012 63.191 -21.070
-135.327 59.450 19.398
12.829 55.417 31.318
11.218 58.354 11.687
-76.452 38.317 45.299
-124.043 44.625 30.804
17.531 62.363 -19.114
147.933 -42.550 34.120
-78.918 33.655 39.990
-82.627 27.760 36.999
-52.717 47.567 45.249
11.832 58.093 17.618
-123.181 49.125 27.703
-2.117 49.183 31.046
18.082 59.325 3.739
-6.389 58.207 28.060
134.900 34.350 27.284
178.427 -18.132 34.317
39.600 -69.000 30.743
134.050 34.350 27.321
-81.282 -4.582 29.802
103.853 1.262 29.193
135.183 34.333 28.151
174.033 -39.050 28.619
-5.600 36.000 23.619
176.183 -37.650 31.064
117.883 4.233 32.223
-16.240 28.480 36.673
133.640 -32.150 33.080
104.140 2.807 30.085
136.850 34.467 27.966
-6.064 56.623 24.940
-125.913 49.154 22.390
139.767 35.650 30.461
132.967 32.783 30.826
5.913 43.117 26.773
146.833 -19.250 31.708
137.217 36.767 27.250
7.567 58.000 24.936
13.750 45.650 22.787
151.850 7.450 33.662
-78.730 1.817 25.867
22.101 60.428 0.159
138.883 35.017 28.236
-5.158 57.895 24.860
-166.537 53.880 33.491
133.950 34.483 26.519
135.900 33.567 27.995
132.550 33.233 32.527
21.571 63.081 -21.244
-146.362 61.125 22.024
-0.330 39.460 28.086
-71.633 -33.033 24.422
-123.110 49.287 26.773
12.217 57.100 20.402
31.100 70.333 20.354
12.426 45.419 23.826
-123.370 48.422 26.017
12.579 56.142 24.597
18.284 57.639 21.894
135.150 34.217 28.140
166.617 19.283 31.943
141.683 45.400 29.995
14.500 -22.950 36.185
-77.022 38.873 43.384
174.783 -41.283 30.170
-2.448 50.608 29.808
-0.614 54.490 30.449
-3.086 58.441 28.655
-123.965 46.708 30.022
-73.782 40.793 44.405
-77.953 34.227 38.970
18.419 54.797 22.979
-62.700 45.683 43.596
-70.672 41.523 39.270
-3.568 54.651 25.499
128.102 -15.453 31.104
118.067 24.450 30.160
-139.733 59.548 20.509
138.128 9.508 31.260
-66.117 43.833 39.933
139.633 35.467 30.985
13.817 55.417 27.952
39.190 -6.155 32.706
111.833 21.583 29.831
