144.283 44.017 27.302
-2.075 57.143 31.180
131.417 31.583 32.168
-89.833 13.583 33.033
-99.912 16.840 30.249
-176.632 51.863 32.905
-122.298 37.772 29.670
-126.931 50.587 17.654
-5.433 36.117 24.788
-149.890 61.238 24.162
-76.482 38.983 43.729
-70.400 -23.650 26.700
-53.983 47.300 38.584
-13.530 28.972 34.023
-123.767 46.208 29.959
-74.418 39.355 44.416
-2.715 51.511 29.685
141.500 38.300 28.198
-79.573 8.962 34.449
-76.578 39.267 43.425
-90.285 -0.437 34.026
-125.136 48.836 26.957
2.163 41.342 30.581
-68.205 44.392 34.549
12.903 55.756 32.351
-1.515 43.527 27.161
109.083 21.483 30.914
-128.143 52.163 13.404
-64.700 32.400 39.670
-3.050 43.357 29.892
-6.340 36.800 28.518
141.917 -10.600 34.702
-71.052 42.355 37.934
1.578 50.727 32.907
-4.500 48.383 31.210
-73.182 41.173 43.076
153.167 -27.367 37.286
122.217 -18.000 36.204
-77.100 3.900 28.777
-58.500 -34.667 28.016
152.380 -24.767 38.586
145.915 -41.050 33.425
-109.908 22.880 36.078
-6.283 36.533 28.547
1.868 50.969 31.606
-77.150 -12.050 29.619
-76.068 38.573 45.310
-125.247 50.042 23.326
-47.925 -25.017 29.825
147.058 -19.277 35.905
18.433 -33.900 35.033
-74.960 38.968 44.603
113.652 -24.898 34.753
-75.533 10.383 35.325
-9.417 38.692 30.397
15.094 37.498 29.961
103.187 5.265 33.784
-5.317 35.900 25.616
91.050 22.217 30.221
-124.322 43.345 32.170
-79.925 32.782 40.500
-64.920 18.335 33.410
-63.117 46.233 39.935
-1.635 49.651 27.986
-76.113 36.967 46.691
142.200 27.100 37.823
140.867 35.750 31.415
-157.472 1.982 35.005
-94.200 58.783 -24.417
96.883 -12.117 39.681
-1.890 47.277 30.478
-145.753 60.558 21.407
-97.217 27.580 30.837
91.833 21.450 28.898
-124.183 41.745 31.160
-79.915 9.355 35.038
1.302 52.934 35.238
8.717 53.867 33.516
130.850 -12.467 35.735
20.385 60.032 1.436
6.933 53.326 37.005
4.746 52.965 32.648
-4.185 50.368 33.534
1.085 49.929 37.240
-2.088 47.306 30.612
108.617 19.100 33.550
1.318 51.117 34.297
-75.740 36.183 46.801
2.367 51.048 32.426
31.050 -29.867 33.363
27.917 -33.017 36.534
-109.448 -27.150 28.549
-66.985 44.903 36.276
162.387 11.430 41.929
-116.633 31.850 37.119
8.433 55.467 34.306
-79.647 0.992 28.828
121.900 -33.867 33.550
-64.267 -65.250 6.993
1.348 51.957 37.474
-81.467 30.672 39.964
-4.983 52.014 29.136
18.211 60.409 -3.395
151.233 -33.850 36.288
-80.902 32.033 40.427
-95.308 28.948 36.314
115.717 -32.050 33.298
-166.288 23.868 36.514
139.933 40.650 30.200
128.850 32.700 35.759
-123.451 48.769 27.268
179.195 -8.525 38.174
-16.907 32.640 39.361
21.231 64.916 -20.720
-94.793 29.310 32.557
73.152 -0.687 39.522
11.933 54.567 30.145
102.107 6.227 31.513
-5.350 36.117 26.766
-3.018 53.450 25.563
11.791 57.685 19.215
-89.957 29.263 17.505
144.650 13.433 36.860
-110.900 27.933 31.120
141.533 40.533 34.199
110.283 20.017 33.038
140.717 41.783 29.528
-63.583 44.667 40.706
132.067 34.900 29.234
27.179 60.563 15.526
145.567 43.283 34.176
22.977 59.823 13.838
1.284 51.947 36.281
9.101 63.425 13.662
24.956 60.154 16.124
-2.920 54.032 24.660
115.738 -31.825 33.443
-155.067 19.733 35.577
-3.134 51.215 31.316
89.467 21.783 28.825
147.330 -42.887 35.782
4.120 51.977 32.817
-4.631 53.308 28.520
114.217 22.300 31.950
159.957 -9.425 42.326
25.973 70.980 21.058
-157.867 21.307 38.719
12.467 56.100 26.794
131.683 32.417 32.180
-124.217 40.767 32.841
-4.111 51.211 31.715
-43.165 -22.897 30.582
-0.186 53.631 32.579
124.167 24.333 34.430
-169.530 16.738 35.931
103.792 1.462 32.796
-78.833 -33.622 33.289
-134.412 58.298 18.634
130.567 31.583 31.873
-156.467 20.900 38.224
23.096 65.697 -19.347
121.282 28.088 30.946
-171.718 -2.810 35.125
120.288 22.615 33.572
154.777 1.098 36.424
21.215 62.344 -16.270
139.750 35.517 33.798
121.745 25.157 32.604
101.358 3.050 30.827
102.153 2.215 35.436
24.515 65.673 -20.458
70.220 -49.345 45.708
-131.625 55.333 21.145
-81.808 24.553 37.210
-5.050 58.457 27.261
12.894 55.522 33.183
23.033 -34.050 34.419
99.817 11.795 31.841
98.425 7.832 36.844
135.183 34.683 29.287
133.567 33.500 28.478
-152.512 57.732 29.381
134.583 34.017 28.372
116.067 5.983 32.586
103.430 3.975 34.154
130.200 32.600 33.287
103.443 1.325 33.655
15.589 56.105 29.216
11.127 58.997 13.556
135.767 33.483 29.437
144.367 42.983 26.730
167.733 8.733 41.027
-8.400 43.367 32.733
-117.257 32.867 32.557
-80.917 -2.200 30.796
-110.345 24.162 35.307
-1.221 46.158 28.266
-87.817 13.333 34.109
17.865 58.742 14.190
99.765 6.432 34.861
177.433 -17.600 35.817
-4.781 48.359 32.984
0.106 49.482 27.327
-1.765 47.205 31.040
123.750 13.150 35.427
-3.182 55.990 28.868
-1.140 60.155 30.934
-1.794 46.497 30.364
-75.120 38.782 44.319
119.417 34.750 31.763
-64.753 17.697 32.259
10.299 43.546 27.208
-3.825 53.332 26.079
-80.717 -6.933 30.147
159.067 -31.517 38.998
-118.272 33.720 29.508
-64.883 47.083 50.431
1.751 52.473 34.489
15.150 -26.650 37.869
100.613 4.240 30.986
121.617 32.133 32.859
5.113 61.934 23.537
-67.047 17.972 32.838
137.617 34.683 25.456
135.383 35.467 34.113
171.373 7.107 38.545
130.300 31.267 31.716
-4.417 36.717 27.984
134.463 7.330 39.655
73.527 4.190 38.039
-7.333 55.367 27.437
120.967 14.583 32.058
21.463 61.594 -9.595
174.500 -35.833 38.246
16.837 58.554 16.730
173.200 52.833 38.346
-72.117 -17.000 30.504
132.717 33.867 32.167
-81.432 30.395 40.758
-106.422 23.198 32.685
139.817 34.917 31.280
15.563 38.196 31.035
-177.367 28.217 36.298
-5.014 51.702 31.250
-4.906 55.750 25.048
50.600 26.233 25.357
130.450 32.617 33.014
139.482 34.067 30.968
141.983 39.650 37.491
-157.800 21.433 38.444
7.421 43.729 27.262
-71.960 41.048 43.793
-121.888 36.605 33.314
22.133 -34.183 34.670
134.167 33.267 28.214
129.867 32.733 33.975
136.883 35.083 27.678
127.667 26.200 36.263
129.842 29.842 35.306
-1.634 47.194 30.896
-70.097 41.285 41.146
176.917 -39.483 40.564
14.269 40.841 29.605
166.905 -0.528 35.548
-159.350 21.967 35.142
129.495 28.382 36.399
-124.617 48.368 26.817
-72.087 41.355 42.103
-74.015 40.700 41.653
0.057 50.782 27.990
-5.542 50.102 32.189
-71.327 41.505 40.886
-122.910 49.200 26.832
130.992 30.735 34.824
-1.440 55.007 29.384
-60.250 46.217 47.229
166.437 -22.292 38.955
-175.167 -21.133 37.807
-140.082 -8.930 34.564
11.950 78.933 3.740
141.717 39.067 28.693
141.750 39.017 28.501
139.383 34.783 32.733
17.097 57.366 21.198
138.217 34.617 28.307
140.900 36.933 27.943
135.433 34.650 29.117
16.478 57.275 21.743
10.734 59.909 13.007
25.418 65.040 -18.760
130.217 32.983 31.968
136.217 34.067 29.562
-170.683 -14.283 41.371
-81.167 -5.083 30.747
-149.567 -17.525 31.257
-123.451 48.654 27.694
100.347 5.422 30.731
-158.053 -8.977 32.164
-87.213 30.403 36.320
-75.142 39.933 47.304
22.690 63.709 -15.060
158.243 6.987 37.320
-123.253 49.337 26.825
-25.672 37.735 38.497
-123.440 48.125 28.226
-59.133 47.567 46.266
-1.062 45.569 30.334
25.630 -33.960 35.641
118.575 -20.318 35.199
150.912 -34.473 38.592
57.495 -20.155 39.909
16.867 -29.250 34.667
-3.446 47.644 27.985
3.107 42.520 28.953
-127.489 50.722 17.377
-97.215 26.060 30.743
-70.247 43.657 37.467
141.600 -38.333 32.027
-5.120 54.843 26.984
-120.760 35.177 32.606
-1.112 50.803 29.091
-130.324 54.317 12.784
-71.401 41.807 40.736
-87.950 15.833 35.855
-15.417 28.133 34.522
-72.967 -41.483 19.438
-67.617 -54.933 24.701
-132.072 53.252 22.624
24.407 64.666 -17.799
-159.775 -21.207 32.564
20.895 63.986 -18.772
21.426 61.133 -9.201
-75.573 39.558 46.035
-21.940 64.151 16.252
-134.953 -23.125 35.859
12.113 57.250 19.430
-97.047 28.022 32.736
63.418 -19.668 35.167
11.230 64.859 12.302
-3.966 48.718 30.808
150.790 -23.162 37.878
-17.750 28.683 37.437
-93.870 29.730 21.557
133.333 36.200 35.829
-2.246 47.140 29.440
-1.682 43.395 27.791
-2.028 48.641 31.225
-2.202 47.267 29.725
-66.063 45.251 37.001
145.742 15.227 32.999
133.250 35.550 29.220
17.950 -33.017 36.491
-95.203 16.160 31.718
-117.173 32.713 31.790
-80.108 -26.292 30.254
-122.465 37.807 29.097
-90.833 13.917 34.801
-66.117 18.460 33.338
-160.502 55.337 31.497
-74.009 40.467 42.038
-90.313 -0.755 36.332
-118.500 34.008 28.121
-122.339 47.603 27.070
104.115 1.932 32.317
-151.720 59.441 25.253
-149.427 60.120 25.088
-76.330 36.947 45.477
115.350 22.750 30.778
0.743 51.442 34.928
119.550 35.383 32.734
138.517 35.017 28.251
135.383 33.683 29.603
18.433 -34.183 35.256
14.358 55.557 33.693
-135.342 57.052 25.239
19.012 63.191 -17.702
-135.327 59.450 19.453
12.829 55.417 34.216
11.218 58.354 13.567
-76.452 38.317 45.741
-124.043 44.625 31.248
17.531 62.363 -15.681
147.933 -42.550 37.277
-78.918 33.655 41.395
-82.627 27.760 38.047
-52.717 47.567 43.288
11.832 58.093 19.407
-123.181 49.125 28.108
-2.117 49.183 31.688
18.082 59.325 6.900
-6.389 58.207 29.018
134.900 34.350 28.193
178.427 -18.132 36.493
39.600 -69.000 29.446
134.050 34.350 27.854
-81.282 -4.582 30.661
103.853 1.262 32.001
135.183 34.333 29.408
174.033 -39.050 32.466
-5.600 36.000 25.119
176.183 -37.650 35.656
117.883 4.233 36.402
-16.240 28.480 38.186
133.640 -32.150 34.423
104.140 2.807 33.295
136.850 34.467 29.051
-6.064 56.623 26.326
-125.913 49.154 22.865
139.767 35.650 30.805
132.967 32.783 30.864
5.913 43.117 27.913
146.833 -19.250 34.874
137.217 36.767 29.912
7.567 58.000 27.294
13.750 45.650 23.741
151.850 7.450 35.939
-78.730 1.817 27.303
22.101 60.428 3.672
138.883 35.017 29.133
-5.158 57.895 25.856
-166.537 53.880 33.676
133.950 34.483 29.589
135.900 33.567 29.126
132.550 33.233 32.422
21.571 63.081 -18.320
-146.362 61.125 22.190
-0.330 39.460 29.782
-71.633 -33.033 25.842
-123.110 49.287 26.797
12.217 57.100 21.807
31.100 70.333 22.470
12.426 45.419 24.787
-123.370 48.422 26.470
12.579 56.142 27.075
18.284 57.639 25.923
135.150 34.217 29.241
166.617 19.283 34.052
141.683 45.400 31.482
14.500 -22.950 37.722
-77.022 38.873 44.073
174.783 -41.283 34.902
-2.448 50.608 30.640
-0.614 54.490 31.732
-3.086 58.441 29.476
-123.965 46.708 30.399
-73.782 40.793 43.816
-77.953 34.227 40.823
18.419 54.797 25.359
-62.700 45.683 45.335
-70.672 41.523 40.375
-3.568 54.651 26.876
128.102 -15.453 33.015
118.067 24.450 31.799
-139.733 59.548 20.419
138.128 9.508 33.988
-66.117 43.833 40.156
139.633 35.467 31.312
13.817 55.417 31.948
39.190 -6.155 35.386
111.833 21.583 31.608
