144.283 44.017 37.993
-2.075 57.143 42.550
131.417 31.583 42.686
-89.833 13.583 45.227
-99.912 16.840 42.624
-176.632 51.863 45.187
-122.298 37.772 42.600
-126.931 50.587 30.380
-5.433 36.117 35.552
-149.890 61.238 36.529
-76.482 38.983 56.431
-70.400 -23.650 34.916
-53.983 47.300 51.528
-13.530 28.972 45.190
-123.767 46.208 42.740
-74.418 39.355 56.985
-2.715 51.511 40.511
141.500 38.300 38.813
-79.573 8.962 46.148
-76.578 39.267 55.942
-90.285 -0.437 45.254
-125.136 48.836 39.742
2.163 41.342 41.184
-68.205 44.392 47.430
12.903 55.756 43.063
-1.515 43.527 37.836
109.083 21.483 41.075
-128.143 52.163 26.049
-64.700 32.400 52.782
-3.050 43.357 40.601
-6.340 36.800 39.491
141.917 -10.600 46.554
-71.052 42.355 50.809
1.578 50.727 43.375
-4.500 48.383 42.465
-73.182 41.173 55.678
153.167 -27.367 48.476
122.217 -18.000 48.126
-77.100 3.900 39.620
-58.500 -34.667 34.895
152.380 -24.767 49.972
145.915 -41.050 44.407
-109.908 22.880 48.625
-6.283 36.533 39.495
1.868 50.969 42.308
-77.150 -12.050 39.137
-76.068 38.573 58.204
-125.247 50.042 36.140
-47.925 -25.017 38.472
147.058 -19.277 47.421
18.433 -33.900 46.352
-74.960 38.968 57.488
113.652 -24.898 46.941
-75.533 10.383 46.930
-9.417 38.692 41.664
15.094 37.498 40.073
103.187 5.265 44.931
-5.317 35.900 36.391
91.050 22.217 39.883
-124.322 43.345 44.962
-79.925 32.782 53.151
-64.920 18.335 45.846
-63.117 46.233 52.972
-1.635 49.651 38.698
-76.113 36.967 59.363
142.200 27.100 49.174
140.867 35.750 42.015
-157.472 1.982 47.301
-94.200 58.783 -11.311
96.883 -12.117 52.250
-1.890 47.277 41.330
-145.753 60.558 33.821
-97.217 27.580 43.646
91.833 21.450 38.266
-124.183 41.745 44.186
-79.915 9.355 46.815
1.302 52.934 45.948
8.717 53.867 43.593
130.850 -12.467 47.676
20.385 60.032 11.526
6.933 53.326 47.425
4.746 52.965 43.269
-4.185 50.368 44.617
1.085 49.929 47.500
-2.088 47.306 41.431
108.617 19.100 43.490
1.318 51.117 44.690
-75.740 36.183 59.582
2.367 51.048 42.898
31.050 -29.867 45.145
27.917 -33.017 47.947
-109.448 -27.150 36.504
-66.985 44.903 49.363
162.387 11.430 54.510
-116.633 31.850 50.232
8.433 55.467 45.000
-79.647 0.992 39.711
121.900 -33.867 45.730
-64.267 -65.250 -3.788
1.348 51.957 47.946
-81.467 30.672 52.925
-4.983 52.014 40.131
18.211 60.409 6.816
151.233 -33.850 47.422
-80.902 32.033 52.964
-95.308 28.948 48.689
115.717 -32.050 45.797
-166.288 23.868 49.670
139.933 40.650 40.684
128.850 32.700 45.891
-123.451 48.769 40.237
179.195 -8.525 50.040
-16.907 32.640 51.227
21.231 64.916 -10.327
-94.793 29.310 44.971
73.152 -0.687 51.370
11.933 54.567 40.135
102.107 6.227 42.505
-5.350 36.117 37.398
-3.018 53.450 36.581
11.791 57.685 29.672
-89.957 29.263 30.394
144.650 13.433 48.600
-110.900 27.933 43.685
141.533 40.533 45.042
110.283 20.017 43.027
140.717 41.783 40.191
-63.583 44.667 53.713
132.067 34.900 39.617
27.179 60.563 25.181
145.567 43.283 44.857
22.977 59.823 23.781
1.284 51.947 46.964
9.101 63.425 24.417
24.956 60.154 25.863
-2.920 54.032 35.555
115.738 -31.825 45.823
-155.067 19.733 48.570
-3.134 51.215 42.107
89.467 21.783 38.465
147.330 -42.887 46.331
4.120 51.977 43.216
-4.631 53.308 39.558
114.217 22.300 42.200
159.957 -9.425 54.155
25.973 70.980 31.265
-157.867 21.307 51.758
12.467 56.100 37.075
131.683 32.417 42.765
-124.217 40.767 45.980
-4.111 51.211 42.554
-43.165 -22.897 39.544
-0.186 53.631 43.261
124.167 24.333 44.931
-169.530 16.738 48.664
103.792 1.462 44.152
-78.833 -33.622 39.741
-134.412 58.298 31.089
130.567 31.583 42.195
-156.467 20.900 50.917
23.096 65.697 -9.097
121.282 28.088 40.813
-171.718 -2.810 47.090
120.288 22.615 43.900
154.777 1.098 48.792
21.215 62.344 -6.375
139.750 35.517 44.406
121.745 25.157 42.936
101.358 3.050 41.932
102.153 2.215 46.570
24.515 65.673 -10.106
70.220 -49.345 57.935
-131.625 55.333 33.657
-81.808 24.553 49.747
-5.050 58.457 38.005
12.894 55.522 43.584
23.033 -34.050 45.939
99.817 11.795 42.407
98.425 7.832 47.631
135.183 34.683 39.894
133.567 33.500 38.863
-152.512 57.732 42.093
134.583 34.017 38.971
116.067 5.983 43.582
103.430 3.975 45.145
130.200 32.600 43.466
103.443 1.325 45.019
15.589 56.105 39.389
11.127 58.997 24.016
135.767 33.483 40.042
144.367 42.983 37.620
167.733 8.733 53.167
-8.400 43.367 43.980
-117.257 32.867 45.624
-80.917 -2.200 41.407
-110.345 24.162 47.947
-1.221 46.158 39.126
-87.817 13.333 46.046
17.865 58.742 24.146
99.765 6.432 45.862
177.433 -17.600 47.312
-4.781 48.359 44.107
0.106 49.482 37.927
-1.765 47.205 41.688
123.750 13.150 46.353
-3.182 55.990 39.770
-1.140 60.155 41.872
-1.794 46.497 41.252
-75.120 38.782 57.173
119.417 34.750 41.684
-64.753 17.697 44.738
10.299 43.546 37.312
-3.825 53.332 36.935
-80.717 -6.933 40.460
159.067 -31.517 50.212
-118.272 33.720 42.522
-64.883 47.083 63.699
1.751 52.473 45.473
15.150 -26.650 49.423
100.613 4.240 42.185
121.617 32.133 42.440
5.113 61.934 34.364
-67.047 17.972 45.091
137.617 34.683 36.211
135.383 35.467 44.586
171.373 7.107 50.914
130.300 31.267 42.223
-4.417 36.717 38.621
134.463 7.330 50.928
73.527 4.190 49.479
-7.333 55.367 38.366
120.967 14.583 43.121
21.463 61.594 0.421
174.500 -35.833 48.502
16.837 58.554 26.639
173.200 52.833 50.399
-72.117 -17.000 39.188
132.717 33.867 42.694
-81.432 30.395 53.330
-106.422 23.198 45.282
139.817 34.917 42.054
15.563 38.196 41.059
-177.367 28.217 48.862
-5.014 51.702 42.199
-4.906 55.750 36.019
50.600 26.233 34.689
130.450 32.617 43.339
139.482 34.067 42.053
141.983 39.650 48.213
-157.800 21.433 51.444
7.421 43.729 37.511
-71.960 41.048 56.451
-121.888 36.605 46.575
22.133 -34.183 46.170
134.167 33.267 38.752
129.867 32.733 44.357
136.883 35.083 38.474
127.667 26.200 46.836
129.842 29.842 45.895
-1.634 47.194 41.735
-70.097 41.285 53.644
176.917 -39.483 50.103
14.269 40.841 39.538
166.905 -0.528 47.673
-159.350 21.967 48.046
129.495 28.382 46.814
-124.617 48.368 39.640
-72.087 41.355 55.118
-74.015 40.700 54.642
0.057 50.782 38.716
-5.542 50.102 43.396
-71.327 41.505 53.524
-122.910 49.200 39.568
130.992 30.735 45.335
-1.440 55.007 40.105
-60.250 46.217 59.157
166.437 -22.292 50.190
-175.167 -21.133 49.071
-140.082 -8.930 45.593
11.950 78.933 14.038
141.717 39.067 39.237
141.750 39.017 39.321
139.383 34.783 43.408
17.097 57.366 31.631
138.217 34.617 39.021
140.900 36.933 38.694
135.433 34.650 39.608
16.478 57.275 31.636
10.734 59.909 23.481
25.418 65.040 -8.939
130.217 32.983 42.497
136.217 34.067 40.092
-170.683 -14.283 53.365
-81.167 -5.083 41.330
-149.567 -17.525 41.752
-123.451 48.654 40.365
100.347 5.422 41.967
-158.053 -8.977 43.977
-87.213 30.403 48.906
-75.142 39.933 59.859
22.690 63.709 -5.058
158.243 6.987 49.152
-123.253 49.337 39.538
-25.672 37.735 50.754
-123.440 48.125 41.216
-59.133 47.567 59.483
-1.062 45.569 41.031
25.630 -33.960 46.890
118.575 -20.318 47.492
150.912 -34.473 49.712
57.495 -20.155 52.755
16.867 -29.250 45.813
-3.446 47.644 38.871
3.107 42.520 39.537
-127.489 50.722 30.002
-97.215 26.060 43.209
-70.247 43.657 50.217
141.600 -38.333 43.337
-5.120 54.843 37.966
-120.760 35.177 45.581
-1.112 50.803 39.881
-130.324 54.317 25.395
-71.401 41.807 53.563
-87.950 15.833 48.350
-15.417 28.133 45.987
-72.967 -41.483 23.711
-67.617 -54.933 23.712
-132.072 53.252 35.605
24.407 64.666 -7.885
-159.775 -21.207 43.157
20.895 63.986 -8.537
21.426 61.133 0.836
-75.573 39.558 58.766
-21.940 64.151 27.703
-134.953 -23.125 45.464
12.113 57.250 29.396
-97.047 28.022 45.141
63.418 -19.668 48.199
11.230 64.859 22.732
-3.966 48.718 41.926
150.790 -23.162 49.317
-17.750 28.683 49.015
-93.870 29.730 32.564
133.333 36.200 46.140
-2.246 47.140 40.313
-1.682 43.395 38.479
-2.028 48.641 42.015
-2.202 47.267 40.557
-66.063 45.251 49.902
145.742 15.227 44.739
133.250 35.550 39.376
17.950 -33.017 47.751
-95.203 16.160 43.946
-117.173 32.713 44.954
-80.108 -26.292 38.008
-122.465 37.807 41.825
-90.833 13.917 46.712
-66.117 18.460 45.619
-160.502 55.337 43.968
-74.009 40.467 55.073
-90.313 -0.755 47.612
-118.500 34.008 41.021
-122.339 47.603 39.731
104.115 1.932 43.608
-151.720 59.441 37.874
-149.427 60.120 37.611
-76.330 36.947 58.219
115.350 22.750 41.125
0.743 51.442 45.592
119.550 35.383 42.364
138.517 35.017 39.100
135.383 33.683 40.289
18.433 -34.183 46.440
14.358 55.557 43.618
-135.342 57.052 37.918
19.012 63.191 -8.109
-135.327 59.450 31.683
12.829 55.417 43.977
11.218 58.354 23.869
-76.452 38.317 58.761
-124.043 44.625 44.083
17.531 62.363 -5.816
147.933 -42.550 47.785
-78.918 33.655 54.331
-82.627 27.760 50.900
-52.717 47.567 55.945
11.832 58.093 29.812
-123.181 49.125 41.094
-2.117 49.183 42.435
18.082 59.325 17.025
-6.389 58.207 40.100
134.900 34.350 38.818
178.427 -18.132 47.897
39.600 -69.000 35.279
134.050 34.350 38.548
-81.282 -4.582 41.309
103.853 1.262 43.664
135.183 34.333 40.006
174.033 -39.050 42.041
-5.600 36.000 35.896
176.183 -37.650 45.775
117.883 4.233 47.800
-16.240 28.480 49.881
133.640 -32.150 46.312
104.140 2.807 44.639
136.850 34.467 39.744
-6.064 56.623 37.681
-125.913 49.154 35.542
139.767 35.650 41.386
132.967 32.783 41.561
5.913 43.117 38.318
146.833 -19.250 46.238
137.217 36.767 40.422
7.567 58.000 37.990
13.750 45.650 33.782
151.850 7.450 47.983
-78.730 1.817 38.390
22.101 60.428 13.687
138.883 35.017 39.772
-5.158 57.895 36.951
-166.537 53.880 46.092
133.950 34.483 39.893
135.900 33.567 39.774
132.550 33.233 43.140
21.571 63.081 -8.258
-146.362 61.125 34.711
-0.330 39.460 40.289
-71.633 -33.033 32.579
-123.110 49.287 39.603
12.217 57.100 32.304
31.100 70.333 32.836
12.426 45.419 34.741
-123.370 48.422 39.340
12.579 56.142 37.154
18.284 57.639 35.680
135.150 34.217 39.998
166.617 19.283 46.123
141.683 45.400 41.847
14.500 -22.950 48.833
-77.022 38.873 56.894
174.783 -41.283 44.174
-2.448 50.608 41.531
-0.614 54.490 42.327
-3.086 58.441 40.502
-123.965 46.708 43.326
-73.782 40.793 56.661
-77.953 34.227 53.770
18.419 54.797 35.216
-62.700 45.683 58.291
-70.672 41.523 53.787
-3.568 54.651 37.901
128.102 -15.453 44.584
118.067 24.450 42.044
-139.733 59.548 32.875
138.128 9.508 45.527
-66.117 43.833 53.429
139.633 35.467 42.039
13.817 55.417 42.013
39.190 -6.155 46.238
111.833 21.583 41.776
