144.283 44.017 41.198
-2.075 57.143 46.940
131.417 31.583 47.364
-89.833 13.583 50.653
-99.912 16.840 47.530
-176.632 51.863 49.681
-122.298 37.772 48.134
-126.931 50.587 35.794
-5.433 36.117 39.422
-149.890 61.238 42.925
-76.482 38.983 62.311
-70.400 -23.650 37.859
-53.983 47.300 57.258
-13.530 28.972 49.470
-123.767 46.208 48.907
-74.418 39.355 63.364
-2.715 51.511 44.997
141.500 38.300 41.945
-79.573 8.962 49.939
-76.578 39.267 62.265
-90.285 -0.437 49.467
-125.136 48.836 46.046
2.163 41.342 44.416
-68.205 44.392 53.544
12.903 55.756 45.511
-1.515 43.527 40.736
109.083 21.483 44.139
-128.143 52.163 32.099
-64.700 32.400 57.386
-3.050 43.357 44.082
-6.340 36.800 43.443
141.917 -10.600 50.428
-71.052 42.355 56.829
1.578 50.727 47.668
-4.500 48.383 47.026
-73.182 41.173 62.618
153.167 -27.367 51.812
122.217 -18.000 52.499
-77.100 3.900 44.507
-58.500 -34.667 36.876
152.380 -24.767 54.001
145.915 -41.050 48.593
-109.908 22.880 53.189
-6.283 36.533 43.318
1.868 50.969 46.548
-77.150 -12.050 43.446
-76.068 38.573 63.989
-125.247 50.042 42.180
-47.925 -25.017 41.035
147.058 -19.277 50.157
18.433 -33.900 50.493
-74.960 38.968 62.740
113.652 -24.898 51.632
-75.533 10.383 50.132
-9.417 38.692 45.824
15.094 37.498 43.665
103.187 5.265 48.427
-5.317 35.900 39.479
91.050 22.217 42.878
-124.322 43.345 50.898
-79.925 32.782 58.318
-64.920 18.335 51.254
-63.117 46.233 54.277
-1.635 49.651 42.553
-76.113 36.967 65.300
142.200 27.100 52.787
140.867 35.750 46.970
-157.472 1.982 52.080
-94.200 58.783 -7.457
96.883 -12.117 56.462
-1.890 47.277 45.927
-145.753 60.558 39.784
-97.217 27.580 49.677
91.833 21.450 41.514
-124.183 41.745 49.855
-79.915 9.355 50.312
1.302 52.934 50.063
8.717 53.867 46.768
130.850 -12.467 51.327
20.385 60.032 12.597
6.933 53.326 50.979
4.746 52.965 45.980
-4.185 50.368 49.949
1.085 49.929 51.892
-2.088 47.306 45.936
108.617 19.100 46.620
1.318 51.117 49.070
-75.740 36.183 65.539
2.367 51.048 46.695
31.050 -29.867 49.245
27.917 -33.017 52.449
-109.448 -27.150 39.712
-66.985 44.903 56.078
162.387 11.430 57.376
-116.633 31.850 54.978
8.433 55.467 47.705
-79.647 0.992 43.725
121.900 -33.867 50.458
-64.267 -65.250 -7.717
1.348 51.957 52.284
-81.467 30.672 58.073
-4.983 52.014 44.944
18.211 60.409 8.330
151.233 -33.850 50.677
-80.902 32.033 57.981
-95.308 28.948 54.218
115.717 -32.050 50.128
-166.288 23.868 54.358
139.933 40.650 43.413
128.850 32.700 49.634
-123.451 48.769 46.267
179.195 -8.525 54.803
-16.907 32.640 55.755
21.231 64.916 -7.805
-94.793 29.310 50.266
73.152 -0.687 55.073
11.933 54.567 43.284
102.107 6.227 45.292
-5.350 36.117 41.202
-3.018 53.450 39.766
11.791 57.685 32.803
-89.957 29.263 37.122
144.650 13.433 51.000
-110.900 27.933 48.449
141.533 40.533 48.372
110.283 20.017 46.256
140.717 41.783 42.639
-63.583 44.667 61.300
132.067 34.900 42.712
27.179 60.563 26.408
145.567 43.283 48.038
22.977 59.823 24.887
1.284 51.947 51.050
9.101 63.425 26.490
24.956 60.154 26.916
-2.920 54.032 38.924
115.738 -31.825 50.592
-155.067 19.733 52.672
-3.134 51.215 46.860
89.467 21.783 41.865
147.330 -42.887 49.781
4.120 51.977 46.082
-4.631 53.308 44.293
114.217 22.300 45.742
159.957 -9.425 58.084
25.973 70.980 33.859
-157.867 21.307 55.517
12.467 56.100 39.820
131.683 32.417 47.864
-124.217 40.767 51.687
-4.111 51.211 47.423
-43.165 -22.897 42.811
-0.186 53.631 48.258
124.167 24.333 49.048
-169.530 16.738 51.935
103.792 1.462 46.751
-78.833 -33.622 42.463
-134.412 58.298 37.095
130.567 31.583 46.298
-156.467 20.900 55.304
23.096 65.697 -7.568
121.282 28.088 44.396
-171.718 -2.810 51.807
120.288 22.615 47.420
154.777 1.098 52.824
21.215 62.344 -4.493
139.750 35.517 49.587
121.745 25.157 46.740
101.358 3.050 45.524
102.153 2.215 49.712
24.515 65.673 -8.468
70.220 -49.345 59.256
-131.625 55.333 39.912
-81.808 24.553 54.970
-5.050 58.457 42.336
12.894 55.522 45.564
23.033 -34.050 50.569
99.817 11.795 44.877
98.425 7.832 51.107
135.183 34.683 44.220
133.567 33.500 43.594
-152.512 57.732 47.281
134.583 34.017 43.300
116.067 5.983 47.469
103.430 3.975 48.510
130.200 32.600 47.273
103.443 1.325 46.914
15.589 56.105 40.106
11.127 58.997 27.436
135.767 33.483 43.836
144.367 42.983 41.345
167.733 8.733 56.930
-8.400 43.367 48.107
-117.257 32.867 51.155
-80.917 -2.200 45.864
-110.345 24.162 53.116
-1.221 46.158 43.106
-87.817 13.333 51.419
17.865 58.742 25.921
99.765 6.432 49.712
177.433 -17.600 50.963
-4.781 48.359 48.847
0.106 49.482 41.071
-1.765 47.205 46.007
123.750 13.150 49.924
-3.182 55.990 43.973
-1.140 60.155 46.619
-1.794 46.497 45.657
-75.120 38.782 62.091
119.417 34.750 45.749
-64.753 17.697 50.193
10.299 43.546 41.125
-3.825 53.332 40.138
-80.717 -6.933 44.577
159.067 -31.517 52.593
-118.272 33.720 47.023
-64.883 47.083 69.965
1.751 52.473 49.360
15.150 -26.650 53.716
100.613 4.240 45.793
121.617 32.133 46.249
5.113 61.934 38.416
-67.047 17.972 50.391
137.617 34.683 41.561
135.383 35.467 48.278
171.373 7.107 54.696
130.300 31.267 46.164
-4.417 36.717 41.834
134.463 7.330 54.057
73.527 4.190 52.570
-7.333 55.367 42.768
120.967 14.583 45.866
21.463 61.594 2.259
174.500 -35.833 50.275
16.837 58.554 28.350
173.200 52.833 53.723
-72.117 -17.000 43.122
132.717 33.867 47.991
-81.432 30.395 58.540
-106.422 23.198 50.252
139.817 34.917 46.741
15.563 38.196 44.434
-177.367 28.217 53.819
-5.014 51.702 47.207
-4.906 55.750 40.021
50.600 26.233 37.362
130.450 32.617 47.149
139.482 34.067 46.509
141.983 39.650 51.623
-157.800 21.433 55.848
7.421 43.729 41.375
-71.960 41.048 62.188
-121.888 36.605 51.876
22.133 -34.183 50.793
134.167 33.267 43.314
129.867 32.733 48.211
136.883 35.083 43.230
127.667 26.200 50.855
129.842 29.842 49.777
-1.634 47.194 46.267
-70.097 41.285 59.371
176.917 -39.483 50.828
14.269 40.841 43.090
166.905 -0.528 51.939
-159.350 21.967 52.288
129.495 28.382 50.853
-124.617 48.368 45.891
-72.087 41.355 60.009
-74.015 40.700 61.436
0.057 50.782 42.072
-5.542 50.102 48.185
-71.327 41.505 59.157
-122.910 49.200 45.523
130.992 30.735 49.471
-1.440 55.007 44.463
-60.250 46.217 65.494
166.437 -22.292 54.305
-175.167 -21.133 52.479
-140.082 -8.930 50.627
11.950 78.933 19.349
141.717 39.067 42.381
141.750 39.017 42.117
139.383 34.783 48.339
17.097 57.366 32.869
138.217 34.617 43.680
140.900 36.933 42.053
135.433 34.650 43.717
16.478 57.275 33.203
10.734 59.909 26.682
25.418 65.040 -7.326
130.217 32.983 46.162
136.217 34.067 44.513
-170.683 -14.283 57.011
-81.167 -5.083 45.512
-149.567 -17.525 45.522
-123.451 48.654 46.392
100.347 5.422 45.254
-158.053 -8.977 48.590
-87.213 30.403 54.327
-75.142 39.933 66.022
22.690 63.709 -3.791
158.243 6.987 53.459
-123.253 49.337 45.806
-25.672 37.735 56.074
-123.440 48.125 46.858
-59.133 47.567 65.776
-1.062 45.569 45.295
25.630 -33.960 51.837
118.575 -20.318 51.215
150.912 -34.473 52.333
57.495 -20.155 56.813
16.867 -29.250 50.172
-3.446 47.644 42.848
3.107 42.520 43.406
-127.489 50.722 35.486
-97.215 26.060 49.346
-70.247 43.657 57.294
141.600 -38.333 47.196
-5.120 54.843 42.514
-120.760 35.177 50.838
-1.112 50.803 43.339
-130.324 54.317 30.672
-71.401 41.807 58.639
-87.950 15.833 51.521
-15.417 28.133 50.300
-72.967 -41.483 25.152
-67.617 -54.933 21.559
-132.072 53.252 41.568
24.407 64.666 -5.916
-159.775 -21.207 46.992
20.895 63.986 -6.994
21.426 61.133 2.369
-75.573 39.558 65.263
-21.940 64.151 32.478
-134.953 -23.125 48.431
12.113 57.250 32.556
-97.047 28.022 50.924
63.418 -19.668 53.021
11.230 64.859 26.127
-3.966 48.718 46.382
150.790 -23.162 53.218
-17.750 28.683 53.309
-93.870 29.730 38.620
133.333 36.200 49.652
-2.246 47.140 44.887
-1.682 43.395 41.175
-2.028 48.641 46.485
-2.202 47.267 44.998
-66.063 45.251 56.338
145.742 15.227 48.206
133.250 35.550 41.534
17.950 -33.017 52.102
-95.203 16.160 48.833
-117.173 32.713 50.699
-80.108 -26.292 41.477
-122.465 37.807 47.603
-90.833 13.917 51.075
-66.117 18.460 50.843
-160.502 55.337 49.308
-74.009 40.467 61.759
-90.313 -0.755 51.381
-118.500 34.008 45.543
-122.339 47.603 45.705
104.115 1.932 46.448
-151.720 59.441 43.094
-149.427 60.120 43.312
-76.330 36.947 64.013
115.350 22.750 44.777
0.743 51.442 49.794
119.550 35.383 47.288
138.517 35.017 43.972
135.383 33.683 44.168
18.433 -34.183 50.774
14.358 55.557 44.882
-135.342 57.052 43.714
19.012 63.191 -5.521
-135.327 59.450 37.936
12.829 55.417 46.361
11.218 58.354 27.399
-76.452 38.317 64.109
-124.043 44.625 50.256
17.531 62.363 -4.009
147.933 -42.550 50.198
-78.918 33.655 59.200
-82.627 27.760 56.144
-52.717 47.567 64.411
11.832 58.093 33.146
-123.181 49.125 47.319
-2.117 49.183 47.380
18.082 59.325 18.675
-6.389 58.207 44.758
134.900 34.350 43.087
178.427 -18.132 51.356
39.600 -69.000 39.247
134.050 34.350 43.029
-81.282 -4.582 45.586
103.853 1.262 46.215
135.183 34.333 44.020
174.033 -39.050 43.471
-5.600 36.000 39.740
176.183 -37.650 45.737
117.883 4.233 48.979
-16.240 28.480 53.851
133.640 -32.150 50.359
104.140 2.807 47.009
136.850 34.467 43.821
-6.064 56.623 41.994
-125.913 49.154 41.632
139.767 35.650 46.589
132.967 32.783 46.606
5.913 43.117 42.441
146.833 -19.250 48.781
137.217 36.767 43.140
7.567 58.000 41.259
13.750 45.650 37.743
151.850 7.450 51.609
-78.730 1.817 42.303
22.101 60.428 14.612
138.883 35.017 44.268
-5.158 57.895 41.612
-166.537 53.880 52.031
133.950 34.483 42.052
135.900 33.567 43.847
132.550 33.233 48.423
21.571 63.081 -6.367
-146.362 61.125 40.519
-0.330 39.460 43.911
-71.633 -33.033 34.652
-123.110 49.287 45.852
12.217 57.100 35.766
31.100 70.333 35.632
12.426 45.419 38.903
-123.370 48.422 45.264
12.579 56.142 40.036
18.284 57.639 37.056
135.150 34.217 44.158
166.617 19.283 50.204
141.683 45.400 45.660
14.500 -22.950 52.823
-77.022 38.873 62.412
174.783 -41.283 44.552
-2.448 50.608 46.011
-0.614 54.490 46.762
-3.086 58.441 45.680
-123.965 46.708 49.303
-73.782 40.793 63.246
-77.953 34.227 58.357
18.419 54.797 37.407
-62.700 45.683 62.700
-70.672 41.523 58.309
-3.568 54.651 42.283
128.102 -15.453 48.486
118.067 24.450 45.664
-139.733 59.548 39.099
138.128 9.508 48.746
-66.117 43.833 59.279
139.633 35.467 47.287
13.817 55.417 43.507
39.190 -6.155 49.346
111.833 21.583 44.975
