144.283 44.017 70.202
-2.075 57.143 75.312
131.417 31.583 73.931
-89.833 13.583 81.306
-99.912 16.840 79.511
-176.632 51.863 82.159
-122.298 37.772 81.450
-126.931 50.587 68.632
-5.433 36.117 67.884
-149.890 61.238 73.475
-76.482 38.983 94.141
-70.400 -23.650 59.318
-53.983 47.300 89.725
-13.530 28.972 79.354
-123.767 46.208 81.384
-74.418 39.355 94.872
-2.715 51.511 73.099
141.500 38.300 70.952
-79.573 8.962 81.240
-76.578 39.267 93.863
-90.285 -0.437 79.122
-125.136 48.836 78.258
2.163 41.342 72.711
-68.205 44.392 85.540
12.903 55.756 73.161
-1.515 43.527 69.615
109.083 21.483 70.857
-128.143 52.163 64.102
-64.700 32.400 92.061
-3.050 43.357 72.727
-6.340 36.800 72.242
141.917 -10.600 81.950
-71.052 42.355 88.749
1.578 50.727 75.307
-4.500 48.383 75.450
-73.182 41.173 93.830
153.167 -27.367 82.251
122.217 -18.000 84.053
-77.100 3.900 72.810
-58.500 -34.667 55.044
152.380 -24.767 83.986
145.915 -41.050 77.235
-109.908 22.880 87.120
-6.283 36.533 72.260
1.868 50.969 73.887
-77.150 -12.050 68.125
-76.068 38.573 96.401
-125.247 50.042 74.799
-47.925 -25.017 64.366
147.058 -19.277 81.586
18.433 -33.900 79.717
-74.960 38.968 95.874
113.652 -24.898 84.520
-75.533 10.383 81.776
-9.417 38.692 75.303
15.094 37.498 70.178
103.187 5.265 78.226
-5.317 35.900 68.573
91.050 22.217 68.767
-124.322 43.345 83.825
-79.925 32.782 91.616
-64.920 18.335 83.252
-63.117 46.233 91.066
-1.635 49.651 71.092
-76.113 36.967 97.571
142.200 27.100 82.600
140.867 35.750 74.000
-157.472 1.982 84.220
-94.200 58.783 26.118
96.883 -12.117 90.644
-1.890 47.277 73.970
-145.753 60.558 70.758
-97.217 27.580 80.928
91.833 21.450 67.542
-124.183 41.745 83.145
-79.915 9.355 81.936
1.302 52.934 78.370
8.717 53.867 74.636
130.850 -12.467 82.811
20.385 60.032 41.726
6.933 53.326 78.692
4.746 52.965 74.540
-4.185 50.368 77.503
1.085 49.929 78.882
-2.088 47.306 73.857
108.617 19.100 73.773
1.318 51.117 76.459
-75.740 36.183 97.722
2.367 51.048 74.471
31.050 -29.867 80.450
27.917 -33.017 82.553
-109.448 -27.150 60.485
-66.985 44.903 87.754
162.387 11.430 91.324
-116.633 31.850 88.848
8.433 55.467 76.308
-79.647 0.992 72.689
121.900 -33.867 82.020
-64.267 -65.250 -34.496
1.348 51.957 79.635
-81.467 30.672 91.059
-4.983 52.014 73.196
18.211 60.409 36.881
151.233 -33.850 80.668
-80.902 32.033 91.272
-95.308 28.948 86.456
115.717 -32.050 82.900
-166.288 23.868 88.141
139.933 40.650 72.341
128.850 32.700 76.985
-123.451 48.769 78.787
179.195 -8.525 86.206
-16.907 32.640 86.504
21.231 64.916 19.559
-94.793 29.310 82.225
73.152 -0.687 86.772
11.933 54.567 70.339
102.107 6.227 75.612
-5.350 36.117 69.851
-3.018 53.450 69.186
11.791 57.685 60.631
-89.957 29.263 67.647
144.650 13.433 83.623
-110.900 27.933 81.486
141.533 40.533 76.751
110.283 20.017 73.157
140.717 41.783 71.972
-63.583 44.667 92.338
132.067 34.900 70.429
27.179 60.563 54.046
145.567 43.283 77.256
22.977 59.823 53.559
1.284 51.947 78.575
9.101 63.425 55.978
24.956 60.154 54.879
-2.920 54.032 68.078
115.738 -31.825 82.865
-155.067 19.733 87.468
-3.134 51.215 74.764
89.467 21.783 67.677
147.330 -42.887 78.615
4.120 51.977 74.657
-4.631 53.308 72.407
114.217 22.300 72.784
159.957 -9.425 89.885
25.973 70.980 62.670
-157.867 21.307 90.470
12.467 56.100 67.575
131.683 32.417 74.292
-124.217 40.767 84.866
-4.111 51.211 75.652
-43.165 -22.897 66.922
-0.186 53.631 75.511
124.167 24.333 76.690
-169.530 16.738 86.845
103.792 1.462 78.546
-78.833 -33.622 59.370
-134.412 58.298 68.550
130.567 31.583 73.500
-156.467 20.900 89.884
23.096 65.697 20.909
121.282 28.088 70.864
-171.718 -2.810 83.284
120.288 22.615 75.253
154.777 1.098 84.707
21.215 62.344 23.910
139.750 35.517 76.292
121.745 25.157 73.759
101.358 3.050 75.247
102.153 2.215 79.858
24.515 65.673 20.030
70.220 -49.345 94.133
-131.625 55.333 71.325
-81.808 24.553 87.933
-5.050 58.457 71.931
12.894 55.522 74.015
23.033 -34.050 80.100
99.817 11.795 74.281
98.425 7.832 80.713
135.183 34.683 71.532
133.567 33.500 70.482
-152.512 57.732 79.659
134.583 34.017 70.622
116.067 5.983 76.883
103.430 3.975 78.578
130.200 32.600 74.693
103.443 1.325 78.956
15.589 56.105 69.003
11.127 58.997 55.054
135.767 33.483 71.592
144.367 42.983 70.026
167.733 8.733 89.368
-8.400 43.367 77.224
-117.257 32.867 83.940
-80.917 -2.200 73.128
-110.345 24.162 86.292
-1.221 46.158 71.351
-87.817 13.333 81.836
17.865 58.742 54.791
99.765 6.432 79.413
177.433 -17.600 82.052
-4.781 48.359 77.144
0.106 49.482 69.808
-1.765 47.205 74.272
123.750 13.150 79.185
-3.182 55.990 72.846
-1.140 60.155 75.183
-1.794 46.497 73.837
-75.120 38.782 95.459
119.417 34.750 70.397
-64.753 17.697 81.840
10.299 43.546 67.853
-3.825 53.332 69.577
-80.717 -6.933 71.221
159.067 -31.517 84.076
-118.272 33.720 81.172
-64.883 47.083 100.505
1.751 52.473 77.139
15.150 -26.650 82.855
100.613 4.240 75.514
121.617 32.133 71.894
5.113 61.934 66.853
-67.047 17.972 82.379
137.617 34.683 68.712
135.383 35.467 75.859
171.373 7.107 87.521
130.300 31.267 73.301
-4.417 36.717 70.652
134.463 7.330 86.191
73.527 4.190 83.998
-7.333 55.367 71.993
120.967 14.583 75.584
21.463 61.594 30.600
174.500 -35.833 79.404
16.837 58.554 56.835
173.200 52.833 86.150
-72.117 -17.000 66.174
132.717 33.867 74.281
-81.432 30.395 91.675
-106.422 23.198 83.069
139.817 34.917 74.091
15.563 38.196 71.148
-177.367 28.217 86.749
-5.014 51.702 75.540
-4.906 55.750 69.433
50.600 26.233 62.418
130.450 32.617 74.277
139.482 34.067 73.918
141.983 39.650 80.612
-157.800 21.433 90.793
7.421 43.729 68.091
-71.960 41.048 95.142
-121.888 36.605 85.870
22.133 -34.183 80.106
134.167 33.267 70.382
129.867 32.733 75.367
136.883 35.083 70.449
127.667 26.200 78.688
129.842 29.842 77.625
-1.634 47.194 74.411
-70.097 41.285 92.160
176.917 -39.483 79.134
14.269 40.841 69.670
166.905 -0.528 84.086
-159.350 21.967 87.116
129.495 28.382 78.686
-124.617 48.368 78.224
-72.087 41.355 93.352
-74.015 40.700 92.743
0.057 50.782 70.659
-5.542 50.102 76.661
-71.327 41.505 91.923
-122.910 49.200 77.917
130.992 30.735 77.106
-1.440 55.007 72.848
-60.250 46.217 98.064
166.437 -22.292 84.964
-175.167 -21.133 82.151
-140.082 -8.930 79.497
11.950 78.933 47.417
141.717 39.067 71.421
141.750 39.017 71.230
139.383 34.783 75.683
17.097 57.366 61.826
138.217 34.617 71.087
140.900 36.933 71.115
135.433 34.650 71.332
16.478 57.275 61.919
10.734 59.909 54.459
25.418 65.040 21.307
130.217 32.983 73.339
136.217 34.067 72.152
-170.683 -14.283 87.168
-81.167 -5.083 72.720
-149.567 -17.525 73.641
-123.451 48.654 78.851
100.347 5.422 75.284
-158.053 -8.977 78.804
-87.213 30.403 86.951
-75.142 39.933 97.601
22.690 63.709 24.514
158.243 6.987 85.883
-123.253 49.337 78.043
-25.672 37.735 87.749
-123.440 48.125 79.412
-59.133 47.567 98.005
-1.062 45.569 73.232
25.630 -33.960 81.287
118.575 -20.318 84.190
150.912 -34.473 82.461
57.495 -20.155 90.840
16.867 -29.250 79.498
-3.446 47.644 71.689
3.107 42.520 70.716
-127.489 50.722 68.298
-97.215 26.060 81.059
-70.247 43.657 88.424
141.600 -38.333 76.916
-5.120 54.843 70.980
-120.760 35.177 84.568
-1.112 50.803 72.488
-130.324 54.317 63.210
-71.401 41.807 92.243
-87.950 15.833 84.806
-15.417 28.133 80.688
-72.967 -41.483 36.273
-67.617 -54.933 20.473
-132.072 53.252 73.976
24.407 64.666 22.375
-159.775 -21.207 74.885
20.895 63.986 21.675
21.426 61.133 30.918
-75.573 39.558 96.545
-21.940 64.151 62.590
-134.953 -23.125 73.841
12.113 57.250 60.384
-97.047 28.022 82.683
63.418 -19.668 87.113
11.230 64.859 54.130
-3.966 48.718 74.907
150.790 -23.162 83.549
-17.750 28.683 84.016
-93.870 29.730 70.934
133.333 36.200 76.972
-2.246 47.140 72.831
-1.682 43.395 70.320
-2.028 48.641 74.637
-2.202 47.267 73.197
-66.063 45.251 88.636
145.742 15.227 79.555
133.250 35.550 70.302
17.950 -33.017 81.476
-95.203 16.160 80.847
-117.173 32.713 83.528
-80.108 -26.292 61.951
-122.465 37.807 80.792
-90.833 13.917 83.331
-66.117 18.460 82.594
-160.502 55.337 81.640
-74.009 40.467 92.759
-90.313 -0.755 81.323
-118.500 34.008 79.677
-122.339 47.603 78.213
104.115 1.932 77.826
-151.720 59.441 74.686
-149.427 60.120 74.912
-76.330 36.947 96.254
115.350 22.750 71.404
0.743 51.442 77.140
119.550 35.383 71.132
138.517 35.017 71.203
135.383 33.683 72.005
18.433 -34.183 80.228
14.358 55.557 73.548
-135.342 57.052 75.892
19.012 63.191 22.445
-135.327 59.450 69.245
12.829 55.417 74.828
11.218 58.354 54.932
-76.452 38.317 96.815
-124.043 44.625 82.837
17.531 62.363 24.467
147.933 -42.550 80.240
-78.918 33.655 92.513
-82.627 27.760 89.114
-52.717 47.567 94.562
11.832 58.093 60.880
-123.181 49.125 79.476
-2.117 49.183 75.103
18.082 59.325 46.895
-6.389 58.207 74.140
134.900 34.350 70.234
178.427 -18.132 82.319
39.600 -69.000 52.251
134.050 34.350 70.016
-81.282 -4.582 72.904
103.853 1.262 77.871
135.183 34.333 71.646
174.033 -39.050 71.811
-5.600 36.000 68.242
176.183 -37.650 74.825
117.883 4.233 81.124
-16.240 28.480 84.647
133.640 -32.150 80.875
104.140 2.807 78.663
136.850 34.467 71.554
-6.064 56.623 71.206
-125.913 49.154 74.088
139.767 35.650 73.555
132.967 32.783 73.009
5.913 43.117 69.538
146.833 -19.250 80.579
137.217 36.767 71.975
7.567 58.000 69.376
13.750 45.650 63.648
151.850 7.450 83.742
-78.730 1.817 71.353
22.101 60.428 43.578
138.883 35.017 72.061
-5.158 57.895 70.699
-166.537 53.880 84.148
133.950 34.483 70.865
135.900 33.567 71.586
132.550 33.233 74.392
21.571 63.081 21.778
-146.362 61.125 71.787
-0.330 39.460 71.886
-71.633 -33.033 52.660
-123.110 49.287 78.139
12.217 57.100 63.103
31.100 70.333 63.289
12.426 45.419 64.614
-123.370 48.422 77.794
12.579 56.142 67.656
18.284 57.639 65.995
135.150 34.217 71.737
166.617 19.283 82.949
141.683 45.400 73.605
14.500 -22.950 82.379
-77.022 38.873 95.134
174.783 -41.283 72.671
-2.448 50.608 74.110
-0.614 54.490 74.859
-3.086 58.441 73.907
-123.965 46.708 82.023
-73.782 40.793 94.106
-77.953 34.227 92.204
18.419 54.797 64.431
-62.700 45.683 96.146
-70.672 41.523 91.772
-3.568 54.651 70.914
128.102 -15.453 79.486
118.067 24.450 72.462
-139.733 59.548 70.253
138.128 9.508 80.424
-66.117 43.833 92.032
139.633 35.467 73.997
13.817 55.417 72.150
39.190 -6.155 79.660
111.833 21.583 71.645
