144.283 44.017 46.497
-2.075 57.143 53.168
131.417 31.583 53.199
-89.833 13.583 55.423
-99.912 16.840 51.742
-176.632 51.863 54.119
-122.298 37.772 52.322
-126.931 50.587 38.632
-5.433 36.117 44.866
-149.890 61.238 45.151
-76.482 38.983 67.272
-70.400 -23.650 42.679
-53.983 47.300 63.320
-13.530 28.972 56.433
-123.767 46.208 51.667
-74.418 39.355 68.213
-2.715 51.511 50.253
141.500 38.300 48.036
-79.573 8.962 56.706
-76.578 39.267 67.221
-90.285 -0.437 54.489
-125.136 48.836 48.574
2.163 41.342 51.149
-68.205 44.392 59.102
12.903 55.756 52.503
-1.515 43.527 47.419
109.083 21.483 50.025
-128.143 52.163 34.742
-64.700 32.400 62.102
-3.050 43.357 50.643
-6.340 36.800 49.572
141.917 -10.600 56.426
-71.052 42.355 61.981
1.578 50.727 53.450
-4.500 48.383 52.095
-73.182 41.173 67.532
153.167 -27.367 58.873
122.217 -18.000 58.321
-77.100 3.900 49.407
-58.500 -34.667 42.136
152.380 -24.767 60.005
145.915 -41.050 54.152
-109.908 22.880 58.620
-6.283 36.533 49.757
1.868 50.969 51.859
-77.150 -12.050 48.580
-76.068 38.573 69.520
-125.247 50.042 45.202
-47.925 -25.017 47.099
147.058 -19.277 56.746
18.433 -33.900 56.433
-74.960 38.968 68.742
113.652 -24.898 57.136
-75.533 10.383 57.427
-9.417 38.692 51.763
15.094 37.498 49.169
103.187 5.265 54.191
-5.317 35.900 46.000
91.050 22.217 48.046
-124.322 43.345 53.983
-79.925 32.782 64.027
-64.920 18.335 56.022
-63.117 46.233 64.723
-1.635 49.651 48.983
-76.113 36.967 70.378
142.200 27.100 59.447
140.867 35.750 52.966
-157.472 1.982 56.964
-94.200 58.783 0.211
96.883 -12.117 63.560
-1.890 47.277 50.905
-145.753 60.558 42.314
-97.217 27.580 53.199
91.833 21.450 46.966
-124.183 41.745 53.200
-79.915 9.355 57.510
1.302 52.934 56.607
8.717 53.867 54.087
130.850 -12.467 57.710
20.385 60.032 22.374
6.933 53.326 57.078
4.746 52.965 53.623
-4.185 50.368 54.005
1.085 49.929 58.416
-2.088 47.306 50.980
108.617 19.100 52.702
1.318 51.117 54.777
-75.740 36.183 70.472
2.367 51.048 52.923
31.050 -29.867 55.033
27.917 -33.017 58.495
-109.448 -27.150 44.157
-66.985 44.903 61.766
162.387 11.430 65.034
-116.633 31.850 59.887
8.433 55.467 54.999
-79.647 0.992 48.532
121.900 -33.867 55.233
-64.267 -65.250 -2.718
1.348 51.957 57.675
-81.467 30.672 63.710
-4.983 52.014 49.503
18.211 60.409 16.908
151.233 -33.850 57.267
-80.902 32.033 63.643
-95.308 28.948 59.263
115.717 -32.050 55.316
-166.288 23.868 60.621
139.933 40.650 50.519
128.850 32.700 57.959
-123.451 48.769 49.186
179.195 -8.525 60.423
-16.907 32.640 63.985
21.231 64.916 -0.970
-94.793 29.310 54.989
73.152 -0.687 62.321
11.933 54.567 49.748
102.107 6.227 51.941
-5.350 36.117 47.467
-3.018 53.450 46.167
11.791 57.685 39.549
-89.957 29.263 40.151
144.650 13.433 59.250
-110.900 27.933 53.192
141.533 40.533 55.956
110.283 20.017 51.551
140.717 41.783 49.496
-63.583 44.667 66.230
132.067 34.900 49.144
27.179 60.563 35.205
145.567 43.283 55.189
22.977 59.823 33.898
1.284 51.947 57.130
9.101 63.425 35.290
24.956 60.154 36.183
-2.920 54.032 45.078
115.738 -31.825 55.616
-155.067 19.733 59.696
-3.134 51.215 52.429
89.467 21.783 46.517
147.330 -42.887 56.125
4.120 51.977 53.441
-4.631 53.308 48.940
114.217 22.300 51.300
159.957 -9.425 65.912
25.973 70.980 43.243
-157.867 21.307 62.032
12.467 56.100 47.274
131.683 32.417 53.245
-124.217 40.767 55.062
-4.111 51.211 52.053
-43.165 -22.897 48.765
-0.186 53.631 52.610
124.167 24.333 54.842
-169.530 16.738 58.610
103.792 1.462 53.920
-78.833 -33.622 47.127
-134.412 58.298 40.082
130.567 31.583 53.122
-156.467 20.900 61.947
23.096 65.697 0.920
121.282 28.088 49.591
-171.718 -2.810 56.931
120.288 22.615 53.546
154.777 1.098 58.434
21.215 62.344 3.759
139.750 35.517 56.205
121.745 25.157 52.993
101.358 3.050 51.718
102.153 2.215 56.445
24.515 65.673 -0.020
70.220 -49.345 69.566
-131.625 55.333 42.572
-81.808 24.553 60.667
-5.050 58.457 47.622
12.894 55.522 53.609
23.033 -34.050 55.685
99.817 11.795 52.053
98.425 7.832 56.787
135.183 34.683 50.230
133.567 33.500 49.121
-152.512 57.732 51.647
134.583 34.017 49.484
116.067 5.983 53.272
103.430 3.975 55.003
130.200 32.600 55.082
103.443 1.325 55.492
15.589 56.105 49.179
11.127 58.997 33.899
135.767 33.483 50.718
144.367 42.983 46.739
167.733 8.733 63.763
-8.400 43.367 53.503
-117.257 32.867 55.612
-80.917 -2.200 51.040
-110.345 24.162 58.438
-1.221 46.158 48.287
-87.817 13.333 56.406
17.865 58.742 35.066
99.765 6.432 55.104
177.433 -17.600 56.069
-4.781 48.359 54.052
0.106 49.482 47.539
-1.765 47.205 50.833
123.750 13.150 55.931
-3.182 55.990 49.557
-1.140 60.155 53.051
-1.794 46.497 50.675
-75.120 38.782 68.180
119.417 34.750 51.728
-64.753 17.697 54.736
10.299 43.546 47.270
-3.825 53.332 46.765
-80.717 -6.933 49.561
159.067 -31.517 60.355
-118.272 33.720 52.147
-64.883 47.083 75.048
1.751 52.473 55.066
15.150 -26.650 60.443
100.613 4.240 51.913
121.617 32.133 51.520
5.113 61.934 45.556
-67.047 17.972 55.295
137.617 34.683 46.826
135.383 35.467 55.473
171.373 7.107 61.286
130.300 31.267 52.833
-4.417 36.717 49.016
134.463 7.330 62.139
73.527 4.190 60.450
-7.333 55.367 48.827
120.967 14.583 53.008
21.463 61.594 10.744
174.500 -35.833 58.382
16.837 58.554 37.661
173.200 52.833 58.839
-72.117 -17.000 48.572
132.717 33.867 53.731
-81.432 30.395 64.012
-106.422 23.198 54.266
139.817 34.917 53.078
15.563 38.196 50.465
-177.367 28.217 60.115
-5.014 51.702 51.832
-4.906 55.750 45.505
50.600 26.233 44.047
130.450 32.617 54.832
139.482 34.067 52.953
141.983 39.650 59.813
-157.800 21.433 62.343
7.421 43.729 47.579
-71.960 41.048 67.803
-121.888 36.605 56.292
22.133 -34.183 56.285
134.167 33.267 48.930
129.867 32.733 55.974
136.883 35.083 48.963
127.667 26.200 57.546
129.842 29.842 56.484
-1.634 47.194 51.290
-70.097 41.285 65.266
176.917 -39.483 59.664
14.269 40.841 49.754
166.905 -0.528 57.142
-159.350 21.967 58.302
129.495 28.382 57.782
-124.617 48.368 48.864
-72.087 41.355 66.279
-74.015 40.700 66.386
0.057 50.782 48.617
-5.542 50.102 53.086
-71.327 41.505 65.267
-122.910 49.200 47.886
130.992 30.735 56.599
-1.440 55.007 51.023
-60.250 46.217 71.388
166.437 -22.292 60.559
-175.167 -21.133 58.930
-140.082 -8.930 55.107
11.950 78.933 20.837
141.717 39.067 48.774
141.750 39.017 48.440
139.383 34.783 55.193
17.097 57.366 41.899
138.217 34.617 49.820
140.900 36.933 49.106
135.433 34.650 49.669
16.478 57.275 41.622
10.734 59.909 33.384
25.418 65.040 1.121
130.217 32.983 53.586
136.217 34.067 50.828
-170.683 -14.283 62.928
-81.167 -5.083 50.406
-149.567 -17.525 50.605
-123.451 48.654 48.875
100.347 5.422 51.316
-158.053 -8.977 53.046
-87.213 30.403 59.137
-75.142 39.933 71.003
22.690 63.709 4.504
158.243 6.987 59.639
-123.253 49.337 48.397
-25.672 37.735 62.763
-123.440 48.125 49.373
-59.133 47.567 71.988
-1.062 45.569 50.463
25.630 -33.960 57.590
118.575 -20.318 57.413
150.912 -34.473 59.232
57.495 -20.155 63.690
16.867 -29.250 56.811
-3.446 47.644 48.514
3.107 42.520 49.559
-127.489 50.722 38.329
-97.215 26.060 53.525
-70.247 43.657 61.788
141.600 -38.333 52.331
-5.120 54.843 46.795
-120.760 35.177 55.749
-1.112 50.803 49.672
-130.324 54.317 33.517
-71.401 41.807 65.155
-87.950 15.833 59.233
-15.417 28.133 57.290
-72.967 -41.483 28.373
-67.617 -54.933 26.832
-132.072 53.252 44.288
24.407 64.666 2.340
-159.775 -21.207 52.175
20.895 63.986 1.721
21.426 61.133 11.226
-75.573 39.558 70.176
-21.940 64.151 36.554
-134.953 -23.125 53.665
12.113 57.250 39.716
-97.047 28.022 55.835
63.418 -19.668 58.528
11.230 64.859 33.801
-3.966 48.718 51.381
150.790 -23.162 59.247
-17.750 28.683 61.146
-93.870 29.730 42.738
133.333 36.200 57.528
-2.246 47.140 49.698
-1.682 43.395 48.169
-2.028 48.641 52.444
-2.202 47.267 50.108
-66.063 45.251 62.375
145.742 15.227 54.464
133.250 35.550 49.219
17.950 -33.017 58.362
-95.203 16.160 53.337
-117.173 32.713 54.792
-80.108 -26.292 45.798
-122.465 37.807 51.626
-90.833 13.917 56.441
-66.117 18.460 55.910
-160.502 55.337 53.649
-74.009 40.467 66.479
-90.313 -0.755 57.051
-118.500 34.008 50.418
-122.339 47.603 48.218
104.115 1.932 53.399
-151.720 59.441 46.444
-149.427 60.120 46.627
-76.330 36.947 68.945
115.350 22.750 50.800
0.743 51.442 55.480
119.550 35.383 53.249
138.517 35.017 49.994
135.383 33.683 51.359
18.433 -34.183 56.952
14.358 55.557 53.401
-135.342 57.052 46.397
19.012 63.191 2.288
-135.327 59.450 40.983
12.829 55.417 54.062
11.218 58.354 33.896
-76.452 38.317 69.807
-124.043 44.625 53.160
17.531 62.363 3.724
147.933 -42.550 59.015
-78.918 33.655 64.616
-82.627 27.760 61.365
-52.717 47.567 68.193
11.832 58.093 39.928
-123.181 49.125 49.746
-2.117 49.183 53.244
18.082 59.325 27.477
-6.389 58.207 50.184
134.900 34.350 49.536
178.427 -18.132 57.173
39.600 -69.000 45.218
134.050 34.350 48.921
-81.282 -4.582 50.373
103.853 1.262 53.486
135.183 34.333 50.667
174.033 -39.050 51.408
-5.600 36.000 45.525
176.183 -37.650 54.875
117.883 4.233 56.806
-16.240 28.480 61.710
133.640 -32.150 55.082
104.140 2.807 54.331
136.850 34.467 50.227
-6.064 56.623 47.629
-125.913 49.154 44.523
139.767 35.650 52.391
132.967 32.783 51.744
5.913 43.117 47.755
146.833 -19.250 55.625
137.217 36.767 50.631
7.567 58.000 48.516
13.750 45.650 42.902
151.850 7.450 58.408
-78.730 1.817 47.760
22.101 60.428 24.082
138.883 35.017 51.211
-5.158 57.895 46.660
-166.537 53.880 56.513
133.950 34.483 49.792
135.900 33.567 50.252
132.550 33.233 54.173
21.571 63.081 2.290
-146.362 61.125 43.053
-0.330 39.460 50.080
-71.633 -33.033 39.378
-123.110 49.287 48.602
12.217 57.100 42.204
31.100 70.333 44.973
12.426 45.419 43.910
-123.370 48.422 47.687
12.579 56.142 47.363
18.284 57.639 46.252
135.150 34.217 50.680
166.617 19.283 56.641
141.683 45.400 51.803
14.500 -22.950 60.246
-77.022 38.873 67.448
174.783 -41.283 53.617
-2.448 50.608 51.434
-0.614 54.490 52.750
-3.086 58.441 50.455
-123.965 46.708 52.146
-73.782 40.793 68.291
-77.953 34.227 64.127
18.419 54.797 45.099
-62.700 45.683 69.971
-70.672 41.523 64.668
-3.568 54.651 46.902
128.102 -15.453 54.449
118.067 24.450 51.571
-139.733 59.548 41.583
138.128 9.508 55.674
-66.117 43.833 65.292
139.633 35.467 53.338
13.817 55.417 51.898
39.190 -6.155 56.340
111.833 21.583 50.846
