144.283 44.017 0.776
-2.075 57.143 2.044
131.417 31.583 1.030
-89.833 13.583 1.204
-99.912 16.840 0.538
-176.632 51.863 0.964
-122.298 37.772 1.275
-126.931 50.587 2.313
-5.433 36.117 0.618
-149.890 61.238 4.865
-76.482 38.983 0.596
-70.400 -23.650 0.804
-53.983 47.300 1.271
-13.530 28.972 1.424
-123.767 46.208 1.733
-74.418 39.355 1.121
-2.715 51.511 6.826
141.500 38.300 0.702
-79.573 8.962 2.702
-76.578 39.267 0.646
-90.285 -0.437 1.165
-125.136 48.836 1.763
2.163 41.342 0.368
-68.205 44.392 2.220
12.903 55.756 0.671
-1.515 43.527 2.016
109.083 21.483 2.525
-128.143 52.163 2.323
-64.700 32.400 0.710
-3.050 43.357 2.118
-6.340 36.800 1.634
141.917 -10.600 1.733
-71.052 42.355 2.000
1.578 50.727 4.261
-4.500 48.383 3.325
-73.182 41.173 1.508
153.167 -27.367 1.322
122.217 -18.000 4.466
-77.100 3.900 2.319
-58.500 -34.667 1.779
152.380 -24.767 1.618
145.915 -41.050 1.576
-109.908 22.880 0.920
-6.283 36.533 1.749
1.868 50.969 3.486
-77.150 -12.050 0.603
-76.068 38.573 0.646
-125.247 50.042 1.672
-47.925 -25.017 1.007
147.058 -19.277 1.723
18.433 -33.900 0.947
-74.960 38.968 1.225
113.652 -24.898 0.862
-75.533 10.383 0.329
-9.417 38.692 1.679
15.094 37.498 0.278
103.187 5.265 1.347
-5.317 35.900 0.584
91.050 22.217 2.234
-124.322 43.345 1.539
-79.925 32.782 1.216
-64.920 18.335 0.265
-63.117 46.233 1.260
-1.635 49.651 2.907
-76.113 36.967 0.882
142.200 27.100 0.644
140.867 35.750 0.707
-157.472 1.982 0.542
-94.200 58.783 2.221
96.883 -12.117 0.787
-1.890 47.277 2.829
-145.753 60.558 2.514
-97.217 27.580 0.629
91.833 21.450 1.934
-124.183 41.745 1.391
-79.915 9.355 0.318
1.302 52.934 2.449
8.717 53.867 2.427
130.850 -12.467 3.411
20.385 60.032 0.622
6.933 53.326 2.266
4.746 52.965 1.516
-4.185 50.368 2.401
1.085 49.929 4.723
-2.088 47.306 2.727
108.617 19.100 1.530
1.318 51.117 3.237
-75.740 36.183 0.980
2.367 51.048 3.072
31.050 -29.867 1.073
27.917 -33.017 1.039
-109.448 -27.150 0.512
-66.985 44.903 3.606
162.387 11.430 0.785
-116.633 31.850 1.181
8.433 55.467 1.843
-79.647 0.992 1.752
121.900 -33.867 0.762
-64.267 -65.250 0.935
1.348 51.957 2.021
-81.467 30.672 1.361
-4.983 52.014 2.443
18.211 60.409 0.670
151.233 -33.850 1.008
-80.902 32.033 1.514
-95.308 28.948 0.625
115.717 -32.050 0.654
-166.288 23.868 0.411
139.933 40.650 0.399
128.850 32.700 1.400
-123.451 48.769 1.451
179.195 -8.525 1.072
-16.907 32.640 1.201
21.231 64.916 0.822
-94.793 29.310 0.597
73.152 -0.687 0.609
11.933 54.567 0.812
102.107 6.227 0.940
-5.350 36.117 0.602
-3.018 53.450 4.540
11.791 57.685 0.751
-89.957 29.263 0.503
144.650 13.433 0.451
-110.900 27.933 0.646
141.533 40.533 0.686
110.283 20.017 1.118
140.717 41.783 0.550
-63.583 44.667 1.089
132.067 34.900 0.520
27.179 60.563 0.923
145.567 43.283 0.734
22.977 59.823 0.684
1.284 51.947 2.122
9.101 63.425 1.425
24.956 60.154 0.770
-2.920 54.032 4.903
115.738 -31.825 0.654
-155.067 19.733 0.593
-3.134 51.215 6.035
89.467 21.783 1.573
147.330 -42.887 0.785
4.120 51.977 1.684
-4.631 53.308 2.712
114.217 22.300 1.214
159.957 -9.425 0.482
25.973 70.980 1.459
-157.867 21.307 0.511
12.467 56.100 0.853
131.683 32.417 0.985
-124.217 40.767 1.360
-4.111 51.211 4.686
-43.165 -22.897 0.822
-0.186 53.631 3.367
124.167 24.333 0.960
-169.530 16.738 0.582
103.792 1.462 1.531
-78.833 -33.622 0.763
-134.412 58.298 3.290
130.567 31.583 1.424
-156.467 20.900 0.546
23.096 65.697 0.956
121.282 28.088 2.932
-171.718 -2.810 0.660
120.288 22.615 0.688
154.777 1.098 0.712
21.215 62.344 0.713
139.750 35.517 0.884
121.745 25.157 0.628
101.358 3.050 2.349
102.153 2.215 1.220
24.515 65.673 0.993
70.220 -49.345 0.976
-131.625 55.333 3.119
-81.808 24.553 0.484
-5.050 58.457 2.400
12.894 55.522 0.617
23.033 -34.050 1.102
99.817 11.795 1.191
98.425 7.832 1.446
135.183 34.683 0.817
133.567 33.500 0.981
-152.512 57.732 1.860
134.583 34.017 0.925
116.067 5.983 0.989
103.430 3.975 1.628
130.200 32.600 1.723
103.443 1.325 1.817
15.589 56.105 0.627
11.127 58.997 0.779
135.767 33.483 0.920
144.367 42.983 0.663
167.733 8.733 0.950
-8.400 43.367 1.953
-117.257 32.867 1.182
-80.917 -2.200 1.253
-110.345 24.162 0.784
-1.221 46.158 2.589
-87.817 13.333 1.728
17.865 58.742 0.581
99.765 6.432 1.555
177.433 -17.600 1.011
-4.781 48.359 3.270
0.106 49.482 3.351
-1.765 47.205 2.765
123.750 13.150 0.935
-3.182 55.990 2.723
-1.140 60.155 1.137
-1.794 46.497 2.395
-75.120 38.782 1.126
119.417 34.750 2.561
-64.753 17.697 0.240
10.299 43.546 0.396
-3.825 53.332 3.986
-80.717 -6.933 0.791
159.067 -31.517 1.190
-118.272 33.720 1.203
-64.883 47.083 0.986
1.751 52.473 1.373
15.150 -26.650 0.878
100.613 4.240 1.368
121.617 32.133 2.893
5.113 61.934 1.111
-67.047 17.972 0.228
137.617 34.683 0.686
135.383 35.467 0.423
171.373 7.107 1.020
130.300 31.267 1.290
-4.417 36.717 0.446
134.463 7.330 0.932
73.527 4.190 0.514
-7.333 55.367 1.906
120.967 14.583 0.952
21.463 61.594 0.693
174.500 -35.833 1.303
16.837 58.554 0.564
173.200 52.833 0.791
-72.117 -17.000 0.733
132.717 33.867 1.724
-81.432 30.395 1.062
-106.422 23.198 0.904
139.817 34.917 0.740
15.563 38.196 0.288
-177.367 28.217 0.434
-5.014 51.702 3.561
-4.906 55.750 1.832
50.600 26.233 1.117
130.450 32.617 2.014
139.482 34.067 0.903
141.983 39.650 0.691
-157.800 21.433 0.526
7.421 43.729 0.330
-71.960 41.048 0.727
-121.888 36.605 1.116
22.133 -34.183 1.188
134.167 33.267 0.976
129.867 32.733 1.478
136.883 35.083 1.239
127.667 26.200 1.075
129.842 29.842 1.107
-1.634 47.194 2.743
-70.097 41.285 0.850
176.917 -39.483 0.994
14.269 40.841 0.351
166.905 -0.528 1.121
-159.350 21.967 0.495
129.495 28.382 1.075
-124.617 48.368 1.655
-72.087 41.355 0.778
-74.015 40.700 1.147
0.057 50.782 3.338
-5.542 50.102 2.616
-71.327 41.505 0.988
-122.910 49.200 1.540
130.992 30.735 1.105
-1.440 55.007 2.442
-60.250 46.217 0.795
166.437 -22.292 0.738
-175.167 -21.133 0.788
-140.082 -8.930 0.745
11.950 78.933 0.870
141.717 39.067 0.676
141.750 39.017 0.687
139.383 34.783 0.703
17.097 57.366 0.628
138.217 34.617 0.840
140.900 36.933 0.678
135.433 34.650 0.835
16.478 57.275 0.586
10.734 59.909 0.848
25.418 65.040 0.978
130.217 32.983 2.512
136.217 34.067 0.880
-170.683 -14.283 0.625
-81.167 -5.083 0.952
-149.567 -17.525 0.237
-123.451 48.654 1.465
100.347 5.422 1.242
-158.053 -8.977 0.269
-87.213 30.403 0.501
-75.142 39.933 1.315
22.690 63.709 0.797
158.243 6.987 0.763
-123.253 49.337 1.838
-25.672 37.735 0.867
-123.440 48.125 1.330
-59.133 47.567 0.871
-1.062 45.569 2.344
25.630 -33.960 1.035
118.575 -20.318 3.097
150.912 -34.473 0.994
57.495 -20.155 0.441
16.867 -29.250 1.016
-3.446 47.644 2.358
3.107 42.520 0.418
-127.489 50.722 2.330
-97.215 26.060 0.505
-70.247 43.657 1.953
141.600 -38.333 0.717
-5.120 54.843 2.062
-120.760 35.177 1.131
-1.112 50.803 2.069
-130.324 54.317 3.230
-71.401 41.807 1.150
-87.950 15.833 0.245
-15.417 28.133 1.281
-72.967 -41.483 3.277
-67.617 -54.933 1.235
-132.072 53.252 3.228
24.407 64.666 0.883
-159.775 -21.207 0.501
20.895 63.986 0.762
21.426 61.133 0.678
-75.573 39.558 1.199
-21.940 64.151 2.178
-134.953 -23.125 0.488
12.113 57.250 0.734
-97.047 28.022 0.462
63.418 -19.668 0.837
11.230 64.859 1.443
-3.966 48.718 4.032
150.790 -23.162 2.329
-17.750 28.683 1.153
-93.870 29.730 0.591
133.333 36.200 0.410
-2.246 47.140 2.524
-1.682 43.395 2.126
-2.028 48.641 5.969
-2.202 47.267 2.659
-66.063 45.251 3.989
145.742 15.227 0.424
133.250 35.550 0.435
17.950 -33.017 0.964
-95.203 16.160 0.887
-117.173 32.713 1.249
-80.108 -26.292 0.658
-122.465 37.807 1.121
-90.833 13.917 1.159
-66.117 18.460 0.395
-160.502 55.337 1.587
-74.009 40.467 1.202
-90.313 -0.755 1.065
-118.500 34.008 1.202
-122.339 47.603 1.838
104.115 1.932 1.300
-151.720 59.441 3.698
-149.427 60.120 2.230
-76.330 36.947 0.866
115.350 22.750 1.082
0.743 51.442 2.999
119.550 35.383 2.226
138.517 35.017 0.801
135.383 33.683 0.952
18.433 -34.183 0.961
14.358 55.557 0.645
-135.342 57.052 2.013
19.012 63.191 0.669
-135.327 59.450 3.368
12.829 55.417 0.664
11.218 58.354 0.734
-76.452 38.317 0.571
-124.043 44.625 1.670
17.531 62.363 0.669
147.933 -42.550 0.704
-78.918 33.655 1.264
-82.627 27.760 0.604
-52.717 47.567 0.885
11.832 58.093 0.808
-123.181 49.125 1.700
-2.117 49.183 5.430
18.082 59.325 0.558
-6.389 58.207 2.340
134.900 34.350 0.794
178.427 -18.132 0.875
39.600 -69.000 0.731
134.050 34.350 1.238
-81.282 -4.582 0.995
103.853 1.262 1.416
135.183 34.333 0.822
174.033 -39.050 1.787
-5.600 36.000 0.784
176.183 -37.650 0.985
117.883 4.233 1.674
-16.240 28.480 1.218
133.640 -32.150 1.286
104.140 2.807 1.551
136.850 34.467 1.047
-6.064 56.623 2.255
-125.913 49.154 1.806
139.767 35.650 0.952
132.967 32.783 0.998
5.913 43.117 0.355
146.833 -19.250 1.808
137.217 36.767 0.398
7.567 58.000 0.549
13.750 45.650 0.775
151.850 7.450 0.535
-78.730 1.817 1.863
22.101 60.428 0.695
138.883 35.017 0.838
-5.158 57.895 2.478
-166.537 53.880 0.891
133.950 34.483 1.269
135.900 33.567 0.903
132.550 33.233 1.078
21.571 63.081 0.733
-146.362 61.125 2.439
-0.330 39.460 0.312
-71.633 -33.033 0.929
-123.110 49.287 1.853
12.217 57.100 0.737
31.100 70.333 1.654
12.426 45.419 0.736
-123.370 48.422 1.235
12.579 56.142 0.781
18.284 57.639 0.531
135.150 34.217 0.959
166.617 19.283 0.611
141.683 45.400 0.390
14.500 -22.950 0.882
-77.022 38.873 0.895
174.783 -41.283 0.795
-2.448 50.608 1.362
-0.614 54.490 2.522
-3.086 58.441 1.748
-123.965 46.708 1.869
-73.782 40.793 1.642
-77.953 34.227 0.909
18.419 54.797 0.687
-62.700 45.683 1.002
-70.672 41.523 0.677
-3.568 54.651 4.215
128.102 -15.453 3.637
118.067 24.450 2.939
-139.733 59.548 2.088
138.128 9.508 0.720
-66.117 43.833 2.351
139.633 35.467 0.877
13.817 55.417 0.700
39.190 -6.155 2.201
111.833 21.583 1.714
