144.283 44.017 52.000
-2.075 57.143 49.000
131.417 31.583 53.000
-89.833 13.583 36.000
-99.912 16.840 39.000
-176.632 51.863 56.000
-122.298 37.772 35.000
-126.931 50.587 30.000
-5.433 36.117 52.000
-149.890 61.238 29.000
-76.482 38.983 61.000
-70.400 -23.650 63.000
-53.983 47.300 42.000
-13.530 28.972 52.000
-123.767 46.208 86.000
-74.418 39.355 96.000
-2.715 51.511 26.000
141.500 38.300 45.000
-79.573 8.962 102.000
-76.578 39.267 65.000
-90.285 -0.437 23.000
-125.136 48.836 44.000
2.163 41.342 22.000
-68.205 44.392 50.000
12.903 55.756 22.000
-1.515 43.527 37.000
109.083 21.483 23.000
-128.143 52.163 54.000
-64.700 32.400 31.000
-3.050 43.357 22.000
-6.340 36.800 22.000
141.917 -10.600 24.000
-71.052 42.355 90.000
1.578 50.727 26.000
-4.500 48.383 152.000
-73.182 41.173 45.000
153.167 -27.367 29.000
122.217 -18.000 23.000
-77.100 3.900 56.000
-58.500 -34.667 57.000
152.380 -24.767 29.000
145.915 -41.050 20.000
-109.908 22.880 22.000
-6.283 36.533 52.000
1.868 50.969 33.000
-77.150 -12.050 43.000
-76.068 38.573 34.000
-125.247 50.042 44.000
-47.925 -25.017 52.000
147.058 -19.277 21.000
18.433 -33.900 32.000
-74.960 38.968 43.000
113.652 -24.898 23.000
-75.533 10.383 38.000
-9.417 38.692 42.000
15.094 37.498 29.000
103.187 5.265 27.000
-5.317 35.900 67.000
91.050 22.217 20.000
-124.322 43.345 34.000
-79.925 32.782 91.000
-64.920 18.335 29.000
-63.117 46.233 81.000
-1.635 49.651 41.000
-76.113 36.967 38.000
142.200 27.100 39.000
140.867 35.750 40.000
-157.472 1.982 36.000
-94.200 58.783 48.000
96.883 -12.117 26.000
-1.890 47.277 28.000
-145.753 60.558 42.000
-97.217 27.580 25.000
91.833 21.450 21.000
-124.183 41.745 71.000
-79.915 9.355 98.000
1.302 52.934 26.000
8.717 53.867 97.000
130.850 -12.467 29.000
20.385 60.032 42.000
6.933 53.326 44.000
4.746 52.965 44.000
-4.185 50.368 24.000
1.085 49.929 41.000
-2.088 47.306 25.000
108.617 19.100 23.000
1.318 51.117 55.000
-75.740 36.183 34.000
2.367 51.048 45.000
31.050 -29.867 26.000
27.917 -33.017 21.000
-109.448 -27.150 36.000
-66.985 44.903 77.000
162.387 11.430 21.000
-116.633 31.850 29.000
8.433 55.467 63.000
-79.647 0.992 22.000
121.900 -33.867 27.000
-64.267 -65.250 37.000
1.348 51.957 22.000
-81.467 30.672 51.000
-4.983 52.014 46.000
18.211 60.409 39.000
151.233 -33.850 46.000
-80.902 32.033 73.000
-95.308 28.948 53.000
115.717 -32.050 29.000
-166.288 23.868 30.000
139.933 40.650 42.000
128.850 32.700 48.000
-123.451 48.769 39.000
179.195 -8.525 24.000
-16.907 32.640 27.000
21.231 64.916 55.000
-94.793 29.310 105.000
73.152 -0.687 21.000
11.933 54.567 116.000
102.107 6.227 25.000
-5.350 36.117 27.000
-3.018 53.450 20.000
11.791 57.685 47.000
-89.957 29.263 34.000
144.650 13.433 59.000
-110.900 27.933 26.000
141.533 40.533 50.000
110.283 20.017 22.000
140.717 41.783 51.000
-63.583 44.667 96.000
132.067 34.900 30.000
27.179 60.563 44.000
145.567 43.283 53.000
22.977 59.823 30.000
1.284 51.947 24.000
9.101 63.425 45.000
24.956 60.154 44.000
-2.920 54.032 42.000
115.738 -31.825 21.000
-155.067 19.733 71.000
-3.134 51.215 22.000
89.467 21.783 27.000
147.330 -42.887 24.000
4.120 51.977 44.000
-4.631 53.308 37.000
114.217 22.300 27.000
159.957 -9.425 26.000
25.973 70.980 43.000
-157.867 21.307 107.000
12.467 56.100 119.000
131.683 32.417 37.000
-124.217 40.767 20.000
-4.111 51.211 27.000
-43.165 -22.897 48.000
-0.186 53.631 52.000
124.167 24.333 45.000
-169.530 16.738 58.000
103.792 1.462 28.000
-78.833 -33.622 22.000
-134.412 58.298 35.000
130.567 31.583 47.000
-156.467 20.900 58.000
23.096 65.697 40.000
121.282 28.088 23.000
-171.718 -2.810 33.000
120.288 22.615 33.000
154.777 1.098 27.000
21.215 62.344 44.000
139.750 35.517 24.000
121.745 25.157 28.000
101.358 3.050 27.000
102.153 2.215 26.000
24.515 65.673 42.000
70.220 -49.345 20.000
-131.625 55.333 71.000
-81.808 24.553 98.000
-5.050 58.457 20.000
12.894 55.522 55.000
23.033 -34.050 28.000
99.817 11.795 28.000
98.425 7.832 27.000
135.183 34.683 47.000
133.567 33.500 41.000
-152.512 57.732 33.000
134.583 34.017 48.000
116.067 5.983 22.000
103.430 3.975 28.000
130.200 32.600 46.000
103.443 1.325 26.000
15.589 56.105 55.000
11.127 58.997 41.000
135.767 33.483 53.000
144.367 42.983 53.000
167.733 8.733 65.000
-8.400 43.367 69.000
-117.257 32.867 82.000
-80.917 -2.200 63.000
-110.345 24.162 22.000
-1.221 46.158 30.000
-87.817 13.333 22.000
17.865 58.742 47.000
99.765 6.432 26.000
177.433 -17.600 20.000
-4.781 48.359 43.000
0.106 49.482 44.000
-1.765 47.205 28.000
123.750 13.150 25.000
-3.182 55.990 23.000
-1.140 60.155 48.000
-1.794 46.497 24.000
-75.120 38.782 54.000
119.417 34.750 23.000
-64.753 17.697 29.000
10.299 43.546 24.000
-3.825 53.332 20.000
-80.717 -6.933 27.000
159.067 -31.517 20.000
-118.272 33.720 88.000
-64.883 47.083 40.000
1.751 52.473 51.000
15.150 -26.650 33.000
100.613 4.240 27.000
121.617 32.133 21.000
5.113 61.934 45.000
-67.047 17.972 47.000
137.617 34.683 48.000
135.383 35.467 45.000
171.373 7.107 31.000
130.300 31.267 46.000
-4.417 36.717 57.000
134.463 7.330 42.000
73.527 4.190 21.000
-7.333 55.367 43.000
120.967 14.583 27.000
21.463 61.594 42.000
174.500 -35.833 28.000
16.837 58.554 50.000
173.200 52.833 21.000
-72.117 -17.000 20.000
132.717 33.867 53.000
-81.432 30.395 72.000
-106.422 23.198 22.000
139.817 34.917 46.000
15.563 38.196 21.000
-177.367 28.217 63.000
-5.014 51.702 34.000
-4.906 55.750 33.000
50.600 26.233 20.000
130.450 32.617 51.000
139.482 34.067 48.000
141.983 39.650 50.000
-157.800 21.433 44.000
7.421 43.729 22.000
-71.960 41.048 48.000
-121.888 36.605 39.000
22.133 -34.183 34.000
134.167 33.267 44.000
129.867 32.733 47.000
136.883 35.083 53.000
127.667 26.200 47.000
129.842 29.842 27.000
-1.634 47.194 27.000
-70.097 41.285 49.000
176.917 -39.483 20.000
14.269 40.841 20.000
166.905 -0.528 26.000
-159.350 21.967 58.000
129.495 28.382 52.000
-124.617 48.368 76.000
-72.087 41.355 70.000
-74.015 40.700 75.000
0.057 50.782 26.000
-5.542 50.102 93.000
-71.327 41.505 78.000
-122.910 49.200 42.000
130.992 30.735 45.000
-1.440 55.007 42.000
-60.250 46.217 45.000
166.437 -22.292 36.000
-175.167 -21.133 22.000
-140.082 -8.930 20.000
11.950 78.933 23.000
141.717 39.067 38.000
141.750 39.017 47.000
139.383 34.783 52.000
17.097 57.366 49.000
138.217 34.617 52.000
140.900 36.933 52.000
135.433 34.650 53.000
16.478 57.275 54.000
10.734 59.909 43.000
25.418 65.040 44.000
130.217 32.983 45.000
136.217 34.067 47.000
-170.683 -14.283 62.000
-81.167 -5.083 22.000
-149.567 -17.525 35.000
-123.451 48.654 38.000
100.347 5.422 27.000
-158.053 -8.977 33.000
-87.213 30.403 86.000
-75.142 39.933 24.000
22.690 63.709 44.000
158.243 6.987 31.000
-123.253 49.337 72.000
-25.672 37.735 21.000
-123.440 48.125 23.000
-59.133 47.567 49.000
-1.062 45.569 23.000
25.630 -33.960 26.000
118.575 -20.318 28.000
150.912 -34.473 21.000
57.495 -20.155 25.000
16.867 -29.250 41.000
-3.446 47.644 40.000
3.107 42.520 21.000
-127.489 50.722 49.000
-97.215 26.060 36.000
-70.247 43.657 100.000
141.600 -38.333 22.000
-5.120 54.843 42.000
-120.760 35.177 62.000
-1.112 50.803 22.000
-130.324 54.317 84.000
-71.401 41.807 35.000
-87.950 15.833 21.000
-15.417 28.133 36.000
-72.967 -41.483 32.000
-67.617 -54.933 34.000
-132.072 53.252 50.000
24.407 64.666 39.000
-159.775 -21.207 25.000
20.895 63.986 55.000
21.426 61.133 44.000
-75.573 39.558 33.000
-21.940 64.151 43.000
-134.953 -23.125 39.000
12.113 57.250 45.000
-97.047 28.022 56.000
63.418 -19.668 26.000
11.230 64.859 45.000
-3.966 48.718 40.000
150.790 -23.162 20.000
-17.750 28.683 20.000
-93.870 29.730 21.000
133.333 36.200 53.000
-2.246 47.140 41.000
-1.682 43.395 42.000
-2.028 48.641 20.000
-2.202 47.267 30.000
-66.063 45.251 91.000
145.742 15.227 29.000
133.250 35.550 53.000
17.950 -33.017 25.000
-95.203 16.160 29.000
-117.173 32.713 105.000
-80.108 -26.292 20.000
-122.465 37.807 115.000
-90.833 13.917 20.000
-66.117 18.460 33.000
-160.502 55.337 40.000
-74.009 40.467 64.000
-90.313 -0.755 32.000
-118.500 34.008 36.000
-122.339 47.603 65.000
104.115 1.932 25.000
-151.720 59.441 34.000
-149.427 60.120 41.000
-76.330 36.947 65.000
115.350 22.750 22.000
0.743 51.442 38.000
119.550 35.383 23.000
138.517 35.017 49.000
135.383 33.683 46.000
18.433 -34.183 39.000
14.358 55.557 32.000
-135.342 57.052 73.000
19.012 63.191 23.000
-135.327 59.450 32.000
12.829 55.417 23.000
11.218 58.354 55.000
-76.452 38.317 31.000
-124.043 44.625 46.000
17.531 62.363 46.000
147.933 -42.550 27.000
-78.918 33.655 36.000
-82.627 27.760 64.000
-52.717 47.567 58.000
11.832 58.093 49.000
-123.181 49.125 27.000
-2.117 49.183 22.000
18.082 59.325 123.000
-6.389 58.207 32.000
134.900 34.350 49.000
178.427 -18.132 25.000
39.600 -69.000 23.000
134.050 34.350 46.000
-81.282 -4.582 22.000
103.853 1.262 23.000
135.183 34.333 46.000
174.033 -39.050 25.000
-5.600 36.000 63.000
176.183 -37.650 24.000
117.883 4.233 23.000
-16.240 28.480 21.000
133.640 -32.150 21.000
104.140 2.807 26.000
136.850 34.467 48.000
-6.064 56.623 20.000
-125.913 49.154 78.000
139.767 35.650 51.000
132.967 32.783 53.000
5.913 43.117 28.000
146.833 -19.250 29.000
137.217 36.767 46.000
7.567 58.000 73.000
13.750 45.650 42.000
151.850 7.450 30.000
-78.730 1.817 51.000
22.101 60.428 43.000
138.883 35.017 53.000
-5.158 57.895 37.000
-166.537 53.880 32.000
133.950 34.483 48.000
135.900 33.567 47.000
132.550 33.233 48.000
21.571 63.081 41.000
-146.362 61.125 34.000
-0.330 39.460 22.000
-71.633 -33.033 59.000
-123.110 49.287 87.000
12.217 57.100 21.000
31.100 70.333 35.000
12.426 45.419 32.000
-123.370 48.422 102.000
12.579 56.142 39.000
18.284 57.639 54.000
135.150 34.217 46.000
166.617 19.283 56.000
141.683 45.400 53.000
14.500 -22.950 21.000
-77.022 38.873 64.000
174.783 -41.283 67.000
-2.448 50.608 24.000
-0.614 54.490 30.000
-3.086 58.441 45.000
-123.965 46.708 40.000
-73.782 40.793 48.000
-77.953 34.227 76.000
18.419 54.797 40.000
-62.700 45.683 28.000
-70.672 41.523 51.000
-3.568 54.651 22.000
128.102 -15.453 28.000
118.067 24.450 44.000
-139.733 59.548 48.000
138.128 9.508 37.000
-66.117 43.833 45.000
139.633 35.467 40.000
13.817 55.417 27.000
39.190 -6.155 27.000
111.833 21.583 23.000
