144.283 44.017 1.269
-2.075 57.143 2.689
131.417 31.583 1.806
-89.833 13.583 1.524
-99.912 16.840 0.891
-176.632 51.863 1.374
-122.298 37.772 1.764
-126.931 50.587 3.048
-5.433 36.117 1.284
-149.890 61.238 5.599
-76.482 38.983 1.560
-70.400 -23.650 1.068
-53.983 47.300 1.921
-13.530 28.972 1.764
-123.767 46.208 2.446
-74.418 39.355 1.964
-2.715 51.511 8.017
141.500 38.300 1.086
-79.573 8.962 3.238
-76.578 39.267 1.795
-90.285 -0.437 1.594
-125.136 48.836 2.481
2.163 41.342 0.597
-68.205 44.392 2.828
12.903 55.756 1.642
-1.515 43.527 2.520
109.083 21.483 3.286
-128.143 52.163 3.103
-64.700 32.400 1.064
-3.050 43.357 2.534
-6.340 36.800 2.237
141.917 -10.600 2.330
-71.052 42.355 2.802
1.578 50.727 4.964
-4.500 48.383 4.046
-73.182 41.173 2.873
153.167 -27.367 1.628
122.217 -18.000 5.229
-77.100 3.900 2.783
-58.500 -34.667 3.475
152.380 -24.767 1.983
145.915 -41.050 1.984
-109.908 22.880 1.166
-6.283 36.533 2.208
1.868 50.969 5.039
-77.150 -12.050 0.861
-76.068 38.573 1.323
-125.247 50.042 2.354
-47.925 -25.017 1.892
147.058 -19.277 2.449
18.433 -33.900 1.345
-74.960 38.968 2.035
113.652 -24.898 1.338
-75.533 10.383 0.488
-9.417 38.692 2.189
15.094 37.498 0.855
103.187 5.265 1.855
-5.317 35.900 0.846
91.050 22.217 3.385
-124.322 43.345 2.145
-79.925 32.782 1.907
-64.920 18.335 0.670
-63.117 46.233 2.205
-1.635 49.651 3.412
-76.113 36.967 1.886
142.200 27.100 1.126
140.867 35.750 1.388
-157.472 1.982 0.852
-94.200 58.783 3.153
96.883 -12.117 1.043
-1.890 47.277 3.394
-145.753 60.558 3.279
-97.217 27.580 2.539
91.833 21.450 2.922
-124.183 41.745 2.046
-79.915 9.355 0.511
1.302 52.934 3.410
8.717 53.867 4.914
130.850 -12.467 3.933
20.385 60.032 0.975
6.933 53.326 4.910
4.746 52.965 3.031
-4.185 50.368 2.982
1.085 49.929 5.247
-2.088 47.306 3.528
108.617 19.100 1.924
1.318 51.117 4.228
-75.740 36.183 1.785
2.367 51.048 4.082
31.050 -29.867 1.531
27.917 -33.017 1.498
-109.448 -27.150 1.148
-66.985 44.903 4.277
162.387 11.430 0.981
-116.633 31.850 1.436
8.433 55.467 3.878
-79.647 0.992 2.179
121.900 -33.867 1.311
-64.267 -65.250 1.436
1.348 51.957 3.148
-81.467 30.672 1.946
-4.983 52.014 3.057
18.211 60.409 1.338
151.233 -33.850 1.375
-80.902 32.033 2.049
-95.308 28.948 2.085
115.717 -32.050 1.159
-166.288 23.868 0.678
139.933 40.650 0.655
128.850 32.700 1.723
-123.451 48.769 2.050
179.195 -8.525 1.370
-16.907 32.640 1.496
21.231 64.916 1.479
-94.793 29.310 2.634
73.152 -0.687 0.782
11.933 54.567 1.894
102.107 6.227 1.460
-5.350 36.117 0.784
-3.018 53.450 5.434
11.791 57.685 1.549
-89.957 29.263 4.050
144.650 13.433 0.716
-110.900 27.933 0.908
141.533 40.533 1.026
110.283 20.017 2.393
140.717 41.783 0.869
-63.583 44.667 1.822
132.067 34.900 1.181
27.179 60.563 1.805
145.567 43.283 1.262
22.977 59.823 1.249
1.284 51.947 2.891
9.101 63.425 2.207
24.956 60.154 1.454
-2.920 54.032 6.202
115.738 -31.825 1.208
-155.067 19.733 0.904
-3.134 51.215 6.852
89.467 21.783 2.289
147.330 -42.887 1.369
4.120 51.977 3.178
-4.631 53.308 3.427
114.217 22.300 2.074
159.957 -9.425 0.637
25.973 70.980 2.096
-157.867 21.307 0.711
12.467 56.100 1.623
131.683 32.417 1.796
-124.217 40.767 1.883
-4.111 51.211 5.490
-43.165 -22.897 1.409
-0.186 53.631 4.560
124.167 24.333 1.642
-169.530 16.738 1.089
103.792 1.462 1.969
-78.833 -33.622 0.952
-134.412 58.298 4.261
130.567 31.583 2.179
-156.467 20.900 0.776
23.096 65.697 1.672
121.282 28.088 4.626
-171.718 -2.810 0.955
120.288 22.615 1.079
154.777 1.098 1.016
21.215 62.344 1.466
139.750 35.517 1.345
121.745 25.157 1.491
101.358 3.050 2.882
102.153 2.215 1.580
24.515 65.673 1.935
70.220 -49.345 1.261
-131.625 55.333 3.879
-81.808 24.553 0.837
-5.050 58.457 3.478
12.894 55.522 1.341
23.033 -34.050 1.828
99.817 11.795 1.596
98.425 7.832 1.747
135.183 34.683 1.774
133.567 33.500 2.085
-152.512 57.732 2.600
134.583 34.017 1.601
116.067 5.983 1.430
103.430 3.975 2.154
130.200 32.600 2.160
103.443 1.325 2.153
15.589 56.105 1.093
11.127 58.997 1.547
135.767 33.483 1.376
144.367 42.983 1.190
167.733 8.733 1.176
-8.400 43.367 2.461
-117.257 32.867 1.464
-80.917 -2.200 1.616
-110.345 24.162 1.023
-1.221 46.158 3.653
-87.817 13.333 2.012
17.865 58.742 0.954
99.765 6.432 1.907
177.433 -17.600 1.371
-4.781 48.359 3.856
0.106 49.482 4.068
-1.765 47.205 4.137
123.750 13.150 1.245
-3.182 55.990 3.387
-1.140 60.155 1.679
-1.794 46.497 3.200
-75.120 38.782 2.294
119.417 34.750 3.470
-64.753 17.697 0.767
10.299 43.546 0.659
-3.825 53.332 4.854
-80.717 -6.933 1.243
159.067 -31.517 1.698
-118.272 33.720 1.497
-64.883 47.083 1.890
1.751 52.473 3.073
15.150 -26.650 1.097
100.613 4.240 1.732
121.617 32.133 4.507
5.113 61.934 1.710
-67.047 17.972 0.528
137.617 34.683 2.878
135.383 35.467 0.713
171.373 7.107 1.306
130.300 31.267 2.153
-4.417 36.717 0.696
134.463 7.330 1.176
73.527 4.190 0.691
-7.333 55.367 2.646
120.967 14.583 1.312
21.463 61.594 1.303
174.500 -35.833 1.894
16.837 58.554 0.876
173.200 52.833 1.033
-72.117 -17.000 0.971
132.717 33.867 2.346
-81.432 30.395 1.494
-106.422 23.198 1.209
139.817 34.917 1.278
15.563 38.196 0.463
-177.367 28.217 1.050
-5.014 51.702 4.261
-4.906 55.750 3.074
50.600 26.233 1.585
130.450 32.617 2.490
139.482 34.067 1.504
141.983 39.650 1.014
-157.800 21.433 0.733
7.421 43.729 0.553
-71.960 41.048 2.143
-121.888 36.605 1.497
22.133 -34.183 1.713
134.167 33.267 2.042
129.867 32.733 1.864
136.883 35.083 2.234
127.667 26.200 1.545
129.842 29.842 1.648
-1.634 47.194 3.410
-70.097 41.285 1.718
176.917 -39.483 1.250
14.269 40.841 0.557
166.905 -0.528 1.542
-159.350 21.967 0.804
129.495 28.382 1.548
-124.617 48.368 2.295
-72.087 41.355 2.469
-74.015 40.700 2.533
0.057 50.782 4.051
-5.542 50.102 3.180
-71.327 41.505 1.822
-122.910 49.200 2.322
130.992 30.735 1.541
-1.440 55.007 3.320
-60.250 46.217 1.503
166.437 -22.292 0.985
-175.167 -21.133 1.050
-140.082 -8.930 1.006
11.950 78.933 1.299
141.717 39.067 1.021
141.750 39.017 1.044
139.383 34.783 1.079
17.097 57.366 1.033
138.217 34.617 1.327
140.900 36.933 1.161
135.433 34.650 2.110
16.478 57.275 0.976
10.734 59.909 1.827
25.418 65.040 1.795
130.217 32.983 3.132
136.217 34.067 1.559
-170.683 -14.283 0.779
-81.167 -5.083 1.380
-149.567 -17.525 0.686
-123.451 48.654 2.026
100.347 5.422 1.589
-158.053 -8.977 0.676
-87.213 30.403 2.207
-75.142 39.933 2.390
22.690 63.709 1.364
158.243 6.987 1.034
-123.253 49.337 2.475
-25.672 37.735 1.163
-123.440 48.125 1.954
-59.133 47.567 1.478
-1.062 45.569 2.964
25.630 -33.960 1.525
118.575 -20.318 3.798
150.912 -34.473 1.312
57.495 -20.155 0.676
16.867 -29.250 1.339
-3.446 47.644 2.949
3.107 42.520 0.658
-127.489 50.722 3.038
-97.215 26.060 2.073
-70.247 43.657 2.585
141.600 -38.333 1.093
-5.120 54.843 3.012
-120.760 35.177 1.510
-1.112 50.803 2.677
-130.324 54.317 4.034
-71.401 41.807 2.442
-87.950 15.833 0.390
-15.417 28.133 1.672
-72.967 -41.483 3.951
-67.617 -54.933 1.998
-132.072 53.252 4.000
24.407 64.666 1.531
-159.775 -21.207 1.322
20.895 63.986 1.391
21.426 61.133 1.242
-75.573 39.558 1.860
-21.940 64.151 2.758
-134.953 -23.125 0.655
12.113 57.250 1.580
-97.047 28.022 1.493
63.418 -19.668 1.418
11.230 64.859 2.413
-3.966 48.718 4.912
150.790 -23.162 2.771
-17.750 28.683 1.479
-93.870 29.730 3.841
133.333 36.200 0.647
-2.246 47.140 3.354
-1.682 43.395 2.598
-2.028 48.641 6.710
-2.202 47.267 3.469
-66.063 45.251 4.649
145.742 15.227 1.426
133.250 35.550 1.011
17.950 -33.017 1.267
-95.203 16.160 1.240
-117.173 32.713 1.556
-80.108 -26.292 0.887
-122.465 37.807 1.610
-90.833 13.917 1.456
-66.117 18.460 0.746
-160.502 55.337 2.288
-74.009 40.467 2.645
-90.313 -0.755 1.346
-118.500 34.008 1.567
-122.339 47.603 2.415
104.115 1.932 1.819
-151.720 59.441 4.634
-149.427 60.120 2.980
-76.330 36.947 2.103
115.350 22.750 1.693
0.743 51.442 3.996
119.550 35.383 2.996
138.517 35.017 1.243
135.383 33.683 1.387
18.433 -34.183 1.300
14.358 55.557 1.089
-135.342 57.052 2.802
19.012 63.191 1.620
-135.327 59.450 4.272
12.829 55.417 1.572
11.218 58.354 1.405
-76.452 38.317 1.189
-124.043 44.625 2.403
17.531 62.363 1.288
147.933 -42.550 1.118
-78.918 33.655 1.873
-82.627 27.760 1.910
-52.717 47.567 1.434
11.832 58.093 1.601
-123.181 49.125 2.391
-2.117 49.183 6.074
18.082 59.325 0.971
-6.389 58.207 3.027
134.900 34.350 1.364
178.427 -18.132 1.174
39.600 -69.000 1.100
134.050 34.350 2.041
-81.282 -4.582 1.444
103.853 1.262 1.843
135.183 34.333 1.377
174.033 -39.050 2.338
-5.600 36.000 1.100
176.183 -37.650 1.296
117.883 4.233 1.933
-16.240 28.480 1.505
133.640 -32.150 2.090
104.140 2.807 2.031
136.850 34.467 1.680
-6.064 56.623 3.173
-125.913 49.154 2.559
139.767 35.650 1.817
132.967 32.783 2.157
5.913 43.117 0.739
146.833 -19.250 2.464
137.217 36.767 0.644
7.567 58.000 1.065
13.750 45.650 1.436
151.850 7.450 0.838
-78.730 1.817 2.241
22.101 60.428 1.271
138.883 35.017 1.229
-5.158 57.895 3.280
-166.537 53.880 1.238
133.950 34.483 2.103
135.900 33.567 1.587
132.550 33.233 1.649
21.571 63.081 1.426
-146.362 61.125 3.158
-0.330 39.460 0.579
-71.633 -33.033 1.200
-123.110 49.287 2.489
12.217 57.100 1.313
31.100 70.333 2.209
12.426 45.419 1.484
-123.370 48.422 1.770
12.579 56.142 1.760
18.284 57.639 0.769
135.150 34.217 1.507
166.617 19.283 1.292
141.683 45.400 0.774
14.500 -22.950 1.087
-77.022 38.873 2.815
174.783 -41.283 1.106
-2.448 50.608 1.869
-0.614 54.490 3.508
-3.086 58.441 2.385
-123.965 46.708 2.896
-73.782 40.793 3.801
-77.953 34.227 1.549
18.419 54.797 1.283
-62.700 45.683 2.076
-70.672 41.523 1.941
-3.568 54.651 5.313
128.102 -15.453 4.030
118.067 24.450 3.933
-139.733 59.548 2.842
138.128 9.508 1.317
-66.117 43.833 2.928
139.633 35.467 1.585
13.817 55.417 1.189
39.190 -6.155 2.584
111.833 21.583 2.377
