144.283 44.017 0.168
-2.075 57.143 0.131
131.417 31.583 0.496
-89.833 13.583 0.076
-99.912 16.840 0.148
-176.632 51.863 0.115
-122.298 37.772 0.212
-126.931 50.587 0.206
-5.433 36.117 0.340
-149.890 61.238 0.093
-76.482 38.983 0.611
-70.400 -23.650 0.055
-53.983 47.300 0.203
-13.530 28.972 0.038
-123.767 46.208 0.195
-74.418 39.355 0.238
-2.715 51.511 0.177
141.500 38.300 0.148
-79.573 8.962 0.038
-76.578 39.267 0.712
-90.285 -0.437 0.250
-125.136 48.836 0.246
2.163 41.342 0.092
-68.205 44.392 0.129
12.903 55.756 0.838
-1.515 43.527 0.099
109.083 21.483 0.293
-128.143 52.163 0.236
-64.700 32.400 0.175
-3.050 43.357 0.050
-6.340 36.800 0.192
141.917 -10.600 0.161
-71.052 42.355 0.185
1.578 50.727 0.199
-4.500 48.383 0.052
-73.182 41.173 0.794
153.167 -27.367 0.065
122.217 -18.000 0.080
-77.100 3.900 0.062
-58.500 -34.667 0.911
152.380 -24.767 0.059
145.915 -41.050 0.117
-109.908 22.880 0.089
-6.283 36.533 0.074
1.868 50.969 0.842
-77.150 -12.050 0.064
-76.068 38.573 0.358
-125.247 50.042 0.189
-47.925 -25.017 0.266
147.058 -19.277 0.430
18.433 -33.900 0.094
-74.960 38.968 0.386
113.652 -24.898 0.213
-75.533 10.383 0.066
-9.417 38.692 0.168
15.094 37.498 0.709
103.187 5.265 0.186
-5.317 35.900 0.069
91.050 22.217 0.725
-124.322 43.345 0.219
-79.925 32.782 0.185
-64.920 18.335 0.331
-63.117 46.233 0.285
-1.635 49.651 0.054
-76.113 36.967 0.586
142.200 27.100 0.296
140.867 35.750 0.487
-157.472 1.982 0.190
-94.200 58.783 0.394
96.883 -12.117 0.098
-1.890 47.277 0.137
-145.753 60.558 0.186
-97.217 27.580 3.878
91.833 21.450 0.750
-124.183 41.745 0.213
-79.915 9.355 0.066
1.302 52.934 0.360
8.717 53.867 0.667
130.850 -12.467 0.055
20.385 60.032 0.144
6.933 53.326 1.231
4.746 52.965 0.605
-4.185 50.368 0.195
1.085 49.929 0.019
-2.088 47.306 0.254
108.617 19.100 0.085
1.318 51.117 0.268
-75.740 36.183 0.444
2.367 51.048 0.370
31.050 -29.867 0.208
27.917 -33.017 0.155
-109.448 -27.150 0.416
-66.985 44.903 0.053
162.387 11.430 0.056
-116.633 31.850 0.043
8.433 55.467 0.635
-79.647 0.992 0.121
121.900 -33.867 0.391
-64.267 -65.250 0.237
1.348 51.957 0.719
-81.467 30.672 0.171
-4.983 52.014 0.084
18.211 60.409 0.396
151.233 -33.850 0.076
-80.902 32.033 0.105
-95.308 28.948 1.546
115.717 -32.050 0.220
-166.288 23.868 0.115
139.933 40.650 0.094
128.850 32.700 0.069
-123.451 48.769 0.212
179.195 -8.525 0.120
-16.907 32.640 0.039
21.231 64.916 0.337
-94.793 29.310 2.029
73.152 -0.687 0.051
11.933 54.567 0.342
102.107 6.227 0.233
-5.350 36.117 0.036
-3.018 53.450 0.199
11.791 57.685 0.424
-89.957 29.263 7.197
144.650 13.433 0.122
-110.900 27.933 0.138
141.533 40.533 0.105
110.283 20.017 1.365
140.717 41.783 0.098
-63.583 44.667 0.189
132.067 34.900 0.686
27.179 60.563 0.358
145.567 43.283 0.236
22.977 59.823 0.357
1.284 51.947 0.269
9.101 63.425 0.334
24.956 60.154 0.355
-2.920 54.032 0.268
115.738 -31.825 0.279
-155.067 19.733 0.097
-3.134 51.215 0.064
89.467 21.783 0.355
147.330 -42.887 0.448
4.120 51.977 0.648
-4.631 53.308 0.134
114.217 22.300 0.508
159.957 -9.425 0.061
25.973 70.980 0.208
-157.867 21.307 0.030
12.467 56.100 0.141
131.683 32.417 0.662
-124.217 40.767 0.327
-4.111 51.211 0.124
-43.165 -22.897 0.238
-0.186 53.631 0.258
124.167 24.333 0.352
-169.530 16.738 0.239
103.792 1.462 0.089
-78.833 -33.622 0.033
-134.412 58.298 0.241
130.567 31.583 0.356
-156.467 20.900 0.056
23.096 65.697 0.317
121.282 28.088 1.294
-171.718 -2.810 0.127
120.288 22.615 0.181
154.777 1.098 0.163
21.215 62.344 0.618
139.750 35.517 0.253
121.745 25.157 0.834
101.358 3.050 0.075
102.153 2.215 0.147
24.515 65.673 0.597
70.220 -49.345 0.060
-131.625 55.333 0.127
-81.808 24.553 0.104
-5.050 58.457 0.688
12.894 55.522 0.248
23.033 -34.050 0.395
99.817 11.795 0.157
98.425 7.832 0.067
135.183 34.683 0.703
133.567 33.500 0.831
-152.512 57.732 0.227
134.583 34.017 0.392
116.067 5.983 0.245
103.430 3.975 0.141
130.200 32.600 0.102
103.443 1.325 0.063
15.589 56.105 0.143
11.127 58.997 0.390
135.767 33.483 0.203
144.367 42.983 0.212
167.733 8.733 0.025
-8.400 43.367 0.059
-117.257 32.867 0.025
-80.917 -2.200 0.052
-110.345 24.162 0.083
-1.221 46.158 0.377
-87.817 13.333 0.041
17.865 58.742 0.263
99.765 6.432 0.057
177.433 -17.600 0.146
-4.781 48.359 0.062
0.106 49.482 0.193
-1.765 47.205 0.811
123.750 13.150 0.092
-3.182 55.990 0.193
-1.140 60.155 0.148
-1.794 46.497 0.296
-75.120 38.782 0.664
119.417 34.750 0.374
-64.753 17.697 0.693
10.299 43.546 0.164
-3.825 53.332 0.233
-80.717 -6.933 0.280
159.067 -31.517 0.267
-118.272 33.720 0.027
-64.883 47.083 0.399
1.751 52.473 0.859
15.150 -26.650 0.020
100.613 4.240 0.090
121.617 32.133 0.952
5.113 61.934 0.242
-67.047 17.972 0.205
137.617 34.683 2.908
135.383 35.467 0.144
171.373 7.107 0.078
130.300 31.267 0.552
-4.417 36.717 0.078
134.463 7.330 0.053
73.527 4.190 0.094
-7.333 55.367 0.135
120.967 14.583 0.122
21.463 61.594 0.386
174.500 -35.833 0.331
16.837 58.554 0.115
173.200 52.833 0.043
-72.117 -17.000 0.091
132.717 33.867 0.184
-81.432 30.395 0.127
-106.422 23.198 0.101
139.817 34.917 0.252
15.563 38.196 0.124
-177.367 28.217 0.267
-5.014 51.702 0.106
-4.906 55.750 0.555
50.600 26.233 0.281
130.450 32.617 0.096
139.482 34.067 0.280
141.983 39.650 0.104
-157.800 21.433 0.046
7.421 43.729 0.164
-71.960 41.048 1.138
-121.888 36.605 0.118
22.133 -34.183 0.177
134.167 33.267 0.893
129.867 32.733 0.091
136.883 35.083 0.577
127.667 26.200 0.163
129.842 29.842 0.301
-1.634 47.194 0.280
-70.097 41.285 0.469
176.917 -39.483 0.047
14.269 40.841 0.090
166.905 -0.528 0.172
-159.350 21.967 0.105
129.495 28.382 0.179
-124.617 48.368 0.129
-72.087 41.355 1.077
-74.015 40.700 0.668
0.057 50.782 0.177
-5.542 50.102 0.061
-71.327 41.505 0.298
-122.910 49.200 0.530
130.992 30.735 0.149
-1.440 55.007 0.202
-60.250 46.217 0.270
166.437 -22.292 0.069
-175.167 -21.133 0.117
-140.082 -8.930 0.124
11.950 78.933 0.190
141.717 39.067 0.133
141.750 39.017 0.117
139.383 34.783 0.150
17.097 57.366 0.130
138.217 34.617 0.263
140.900 36.933 0.205
135.433 34.650 0.857
16.478 57.275 0.132
10.734 59.909 0.453
25.418 65.040 0.324
130.217 32.983 0.165
136.217 34.067 0.480
-170.683 -14.283 0.026
-81.167 -5.083 0.232
-149.567 -17.525 0.444
-123.451 48.654 0.153
100.347 5.422 0.127
-158.053 -8.977 0.441
-87.213 30.403 1.597
-75.142 39.933 0.825
22.690 63.709 0.208
158.243 6.987 0.104
-123.253 49.337 0.124
-25.672 37.735 0.131
-123.440 48.125 0.314
-59.133 47.567 0.226
-1.062 45.569 0.254
25.630 -33.960 0.156
118.575 -20.318 0.120
150.912 -34.473 0.120
57.495 -20.155 0.109
16.867 -29.250 0.055
-3.446 47.644 0.105
3.107 42.520 0.096
-127.489 50.722 0.194
-97.215 26.060 2.772
-70.247 43.657 0.113
141.600 -38.333 0.201
-5.120 54.843 0.300
-120.760 35.177 0.075
-1.112 50.803 0.254
-130.324 54.317 0.114
-71.401 41.807 0.772
-87.950 15.833 0.104
-15.417 28.133 0.075
-72.967 -41.483 0.090
-67.617 -54.933 0.319
-132.072 53.252 0.145
24.407 64.666 0.302
-159.775 -21.207 1.047
20.895 63.986 0.331
21.426 61.133 0.325
-75.573 39.558 0.290
-21.940 64.151 0.112
-134.953 -23.125 0.046
12.113 57.250 0.489
-97.047 28.022 1.431
63.418 -19.668 0.451
11.230 64.859 0.398
-3.966 48.718 0.143
150.790 -23.162 0.084
-17.750 28.683 0.087
-93.870 29.730 7.238
133.333 36.200 0.086
-2.246 47.140 0.213
-1.682 43.395 0.066
-2.028 48.641 0.044
-2.202 47.267 0.184
-66.063 45.251 0.053
145.742 15.227 1.437
133.250 35.550 0.523
17.950 -33.017 0.072
-95.203 16.160 0.117
-117.173 32.713 0.022
-80.108 -26.292 0.100
-122.465 37.807 0.122
-90.833 13.917 0.091
-66.117 18.460 0.220
-160.502 55.337 0.214
-74.009 40.467 0.759
-90.313 -0.755 0.058
-118.500 34.008 0.066
-122.339 47.603 0.106
104.115 1.932 0.180
-151.720 59.441 0.162
-149.427 60.120 0.179
-76.330 36.947 0.712
115.350 22.750 0.313
0.743 51.442 0.366
119.550 35.383 0.336
138.517 35.017 0.224
135.383 33.683 0.173
18.433 -34.183 0.071
14.358 55.557 0.102
-135.342 57.052 0.181
19.012 63.191 1.550
-135.327 59.450 0.233
12.829 55.417 0.767
11.218 58.354 0.260
-76.452 38.317 0.440
-124.043 44.625 0.277
17.531 62.363 0.384
147.933 -42.550 0.237
-78.918 33.655 0.211
-82.627 27.760 1.012
-52.717 47.567 0.143
11.832 58.093 0.395
-123.181 49.125 0.298
-2.117 49.183 0.027
18.082 59.325 0.121
-6.389 58.207 0.187
134.900 34.350 0.233
178.427 -18.132 0.128
39.600 -69.000 0.159
134.050 34.350 0.403
-81.282 -4.582 0.255
103.853 1.262 0.131
135.183 34.333 0.247
174.033 -39.050 0.208
-5.600 36.000 0.077
176.183 -37.650 0.119
117.883 4.233 0.045
-16.240 28.480 0.050
133.640 -32.150 0.342
104.140 2.807 0.105
136.850 34.467 0.301
-6.064 56.623 0.319
-125.913 49.154 0.173
139.767 35.650 0.483
132.967 32.783 0.892
5.913 43.117 0.242
146.833 -19.250 0.218
137.217 36.767 0.089
7.567 58.000 0.170
13.750 45.650 0.245
151.850 7.450 0.203
-78.730 1.817 0.046
22.101 60.428 0.251
138.883 35.017 0.125
-5.158 57.895 0.181
-166.537 53.880 0.084
133.950 34.483 0.423
135.900 33.567 0.481
132.550 33.233 0.276
21.571 63.081 0.453
-146.362 61.125 0.169
-0.330 39.460 0.304
-71.633 -33.033 0.043
-123.110 49.287 0.096
12.217 57.100 0.331
31.100 70.333 0.162
12.426 45.419 0.492
-123.370 48.422 0.110
12.579 56.142 0.547
18.284 57.639 0.096
135.150 34.217 0.250
166.617 19.283 0.483
141.683 45.400 0.202
14.500 -22.950 0.040
-77.022 38.873 1.692
174.783 -41.283 0.058
-2.448 50.608 0.195
-0.614 54.490 0.299
-3.086 58.441 0.122
-123.965 46.708 0.325
-73.782 40.793 1.535
-77.953 34.227 0.259
18.419 54.797 0.286
-62.700 45.683 0.619
-70.672 41.523 0.796
-3.568 54.651 0.352
128.102 -15.453 0.095
118.067 24.450 0.386
-139.733 59.548 0.188
138.128 9.508 0.385
-66.117 43.833 0.105
139.633 35.467 0.446
13.817 55.417 0.138
39.190 -6.155 0.028
111.833 21.583 0.204
