144.283 44.017 0.089
-2.075 57.143 0.191
131.417 31.583 0.092
-89.833 13.583 0.092
-99.912 16.840 0.058
-176.632 51.863 0.120
-122.298 37.772 0.090
-126.931 50.587 0.219
-5.433 36.117 0.056
-149.890 61.238 0.264
-76.482 38.983 0.093
-70.400 -23.650 0.071
-53.983 47.300 0.141
-13.530 28.972 0.145
-123.767 46.208 0.160
-74.418 39.355 0.129
-2.715 51.511 0.484
141.500 38.300 0.061
-79.573 8.962 0.212
-76.578 39.267 0.096
-90.285 -0.437 0.100
-125.136 48.836 0.177
2.163 41.342 0.078
-68.205 44.392 0.149
12.903 55.756 0.172
-1.515 43.527 0.176
109.083 21.483 0.179
-128.143 52.163 0.196
-64.700 32.400 0.076
-3.050 43.357 0.213
-6.340 36.800 0.147
141.917 -10.600 0.169
-71.052 42.355 0.138
1.578 50.727 0.224
-4.500 48.383 0.272
-73.182 41.173 0.117
153.167 -27.367 0.115
122.217 -18.000 0.408
-77.100 3.900 0.160
-58.500 -34.667 0.210
152.380 -24.767 0.169
145.915 -41.050 0.114
-109.908 22.880 0.079
-6.283 36.533 0.159
1.868 50.969 0.168
-77.150 -12.050 0.064
-76.068 38.573 0.092
-125.247 50.042 0.175
-47.925 -25.017 0.120
147.058 -19.277 0.160
18.433 -33.900 0.125
-74.960 38.968 0.115
113.652 -24.898 0.097
-75.533 10.383 0.034
-9.417 38.692 0.138
15.094 37.498 0.035
103.187 5.265 0.140
-5.317 35.900 0.068
91.050 22.217 0.312
-124.322 43.345 0.160
-79.925 32.782 0.093
-64.920 18.335 0.029
-63.117 46.233 0.136
-1.635 49.651 0.224
-76.113 36.967 0.163
142.200 27.100 0.080
140.867 35.750 0.070
-157.472 1.982 0.047
-94.200 58.783 0.168
96.883 -12.117 0.080
-1.890 47.277 0.171
-145.753 60.558 0.223
-97.217 27.580 0.094
91.833 21.450 0.145
-124.183 41.745 0.140
-79.915 9.355 0.032
1.302 52.934 0.218
8.717 53.867 0.497
130.850 -12.467 0.245
20.385 60.032 0.131
6.933 53.326 0.473
4.746 52.965 0.362
-4.185 50.368 0.185
1.085 49.929 0.303
-2.088 47.306 0.215
108.617 19.100 0.170
1.318 51.117 0.204
-75.740 36.183 0.126
2.367 51.048 0.180
31.050 -29.867 0.092
27.917 -33.017 0.149
-109.448 -27.150 0.067
-66.985 44.903 0.214
162.387 11.430 0.062
-116.633 31.850 0.114
8.433 55.467 0.443
-79.647 0.992 0.126
121.900 -33.867 0.100
-64.267 -65.250 0.090
1.348 51.957 0.169
-81.467 30.672 0.118
-4.983 52.014 0.233
18.211 60.409 0.153
151.233 -33.850 0.104
-80.902 32.033 0.105
-95.308 28.948 0.103
115.717 -32.050 0.110
-166.288 23.868 0.055
139.933 40.650 0.063
128.850 32.700 0.119
-123.451 48.769 0.165
179.195 -8.525 0.100
-16.907 32.640 0.133
21.231 64.916 0.164
-94.793 29.310 0.095
73.152 -0.687 0.057
11.933 54.567 0.201
102.107 6.227 0.110
-5.350 36.117 0.074
-3.018 53.450 0.312
11.791 57.685 0.170
-89.957 29.263 0.095
144.650 13.433 0.033
-110.900 27.933 0.062
141.533 40.533 0.068
110.283 20.017 0.101
140.717 41.783 0.069
-63.583 44.667 0.120
132.067 34.900 0.055
27.179 60.563 0.229
145.567 43.283 0.078
22.977 59.823 0.129
1.284 51.947 0.189
9.101 63.425 0.146
24.956 60.154 0.168
-2.920 54.032 0.337
115.738 -31.825 0.118
-155.067 19.733 0.046
-3.134 51.215 0.493
89.467 21.783 0.149
147.330 -42.887 0.089
4.120 51.977 0.263
-4.631 53.308 0.251
114.217 22.300 0.124
159.957 -9.425 0.039
25.973 70.980 0.158
-157.867 21.307 0.052
12.467 56.100 0.232
131.683 32.417 0.091
-124.217 40.767 0.108
-4.111 51.211 0.350
-43.165 -22.897 0.092
-0.186 53.631 0.234
124.167 24.333 0.106
-169.530 16.738 0.065
103.792 1.462 0.132
-78.833 -33.622 0.085
-134.412 58.298 0.236
130.567 31.583 0.113
-156.467 20.900 0.049
23.096 65.697 0.179
121.282 28.088 0.185
-171.718 -2.810 0.051
120.288 22.615 0.087
154.777 1.098 0.078
21.215 62.344 0.114
139.750 35.517 0.095
121.745 25.157 0.084
101.358 3.050 0.247
102.153 2.215 0.101
24.515 65.673 0.182
70.220 -49.345 0.108
-131.625 55.333 0.253
-81.808 24.553 0.049
-5.050 58.457 0.182
12.894 55.522 0.223
23.033 -34.050 0.123
99.817 11.795 0.124
98.425 7.832 0.116
135.183 34.683 0.095
133.567 33.500 0.097
-152.512 57.732 0.174
134.583 34.017 0.108
116.067 5.983 0.084
103.430 3.975 0.166
130.200 32.600 0.123
103.443 1.325 0.112
15.589 56.105 0.155
11.127 58.997 0.165
135.767 33.483 0.085
144.367 42.983 0.066
167.733 8.733 0.074
-8.400 43.367 0.178
-117.257 32.867 0.108
-80.917 -2.200 0.118
-110.345 24.162 0.063
-1.221 46.158 0.193
-87.817 13.333 0.139
17.865 58.742 0.091
99.765 6.432 0.123
177.433 -17.600 0.068
-4.781 48.359 0.277
0.106 49.482 0.206
-1.765 47.205 0.143
123.750 13.150 0.076
-3.182 55.990 0.196
-1.140 60.155 0.139
-1.794 46.497 0.185
-75.120 38.782 0.126
119.417 34.750 0.192
-64.753 17.697 0.022
10.299 43.546 0.066
-3.825 53.332 0.302
-80.717 -6.933 0.067
159.067 -31.517 0.121
-118.272 33.720 0.105
-64.883 47.083 0.194
1.751 52.473 0.220
15.150 -26.650 0.122
100.613 4.240 0.133
121.617 32.133 0.305
5.113 61.934 0.128
-67.047 17.972 0.024
137.617 34.683 0.065
135.383 35.467 0.056
171.373 7.107 0.086
130.300 31.267 0.096
-4.417 36.717 0.062
134.463 7.330 0.079
73.527 4.190 0.037
-7.333 55.367 0.199
120.967 14.583 0.109
21.463 61.594 0.126
174.500 -35.833 0.098
16.837 58.554 0.101
173.200 52.833 0.127
-72.117 -17.000 0.072
132.717 33.867 0.106
-81.432 30.395 0.079
-106.422 23.198 0.083
139.817 34.917 0.080
15.563 38.196 0.049
-177.367 28.217 0.109
-5.014 51.702 0.276
-4.906 55.750 0.223
50.600 26.233 0.078
130.450 32.617 0.133
139.482 34.067 0.109
141.983 39.650 0.063
-157.800 21.433 0.058
7.421 43.729 0.054
-71.960 41.048 0.106
-121.888 36.605 0.097
22.133 -34.183 0.150
134.167 33.267 0.083
129.867 32.733 0.121
136.883 35.083 0.107
127.667 26.200 0.094
129.842 29.842 0.102
-1.634 47.194 0.180
-70.097 41.285 0.096
176.917 -39.483 0.120
14.269 40.841 0.063
166.905 -0.528 0.081
-159.350 21.967 0.042
129.495 28.382 0.094
-124.617 48.368 0.204
-72.087 41.355 0.111
-74.015 40.700 0.121
0.057 50.782 0.203
-5.542 50.102 0.201
-71.327 41.505 0.107
-122.910 49.200 0.130
130.992 30.735 0.100
-1.440 55.007 0.188
-60.250 46.217 0.112
166.437 -22.292 0.070
-175.167 -21.133 0.062
-140.082 -8.930 0.057
11.950 78.933 0.101
141.717 39.067 0.062
141.750 39.017 0.068
139.383 34.783 0.068
17.097 57.366 0.150
138.217 34.617 0.084
140.900 36.933 0.066
135.433 34.650 0.097
16.478 57.275 0.130
10.734 59.909 0.196
25.418 65.040 0.222
130.217 32.983 0.152
136.217 34.067 0.088
-170.683 -14.283 0.060
-81.167 -5.083 0.088
-149.567 -17.525 0.031
-123.451 48.654 0.175
100.347 5.422 0.086
-158.053 -8.977 0.035
-87.213 30.403 0.067
-75.142 39.933 0.119
22.690 63.709 0.176
158.243 6.987 0.060
-123.253 49.337 0.187
-25.672 37.735 0.082
-123.440 48.125 0.167
-59.133 47.567 0.114
-1.062 45.569 0.203
25.630 -33.960 0.134
118.575 -20.318 0.252
150.912 -34.473 0.104
57.495 -20.155 0.066
16.867 -29.250 0.118
-3.446 47.644 0.214
3.107 42.520 0.094
-127.489 50.722 0.191
-97.215 26.060 0.065
-70.247 43.657 0.137
141.600 -38.333 0.102
-5.120 54.843 0.189
-120.760 35.177 0.103
-1.112 50.803 0.157
-130.324 54.317 0.258
-71.401 41.807 0.113
-87.950 15.833 0.037
-15.417 28.133 0.111
-72.967 -41.483 0.246
-67.617 -54.933 0.135
-132.072 53.252 0.226
24.407 64.666 0.167
-159.775 -21.207 0.040
20.895 63.986 0.146
21.426 61.133 0.122
-75.573 39.558 0.103
-21.940 64.151 0.170
-134.953 -23.125 0.054
12.113 57.250 0.182
-97.047 28.022 0.100
63.418 -19.668 0.069
11.230 64.859 0.153
-3.966 48.718 0.260
150.790 -23.162 0.192
-17.750 28.683 0.114
-93.870 29.730 0.088
133.333 36.200 0.051
-2.246 47.140 0.197
-1.682 43.395 0.208
-2.028 48.641 0.512
-2.202 47.267 0.223
-66.063 45.251 0.224
145.742 15.227 0.035
133.250 35.550 0.049
17.950 -33.017 0.127
-95.203 16.160 0.074
-117.173 32.713 0.110
-80.108 -26.292 0.057
-122.465 37.807 0.093
-90.833 13.917 0.097
-66.117 18.460 0.036
-160.502 55.337 0.184
-74.009 40.467 0.125
-90.313 -0.755 0.111
-118.500 34.008 0.106
-122.339 47.603 0.170
104.115 1.932 0.142
-151.720 59.441 0.273
-149.427 60.120 0.226
-76.330 36.947 0.153
115.350 22.750 0.138
0.743 51.442 0.188
119.550 35.383 0.171
138.517 35.017 0.082
135.383 33.683 0.097
18.433 -34.183 0.105
14.358 55.557 0.205
-135.342 57.052 0.191
19.012 63.191 0.103
-135.327 59.450 0.249
12.829 55.417 0.196
11.218 58.354 0.165
-76.452 38.317 0.085
-124.043 44.625 0.158
17.531 62.363 0.130
147.933 -42.550 0.083
-78.918 33.655 0.109
-82.627 27.760 0.069
-52.717 47.567 0.128
11.832 58.093 0.171
-123.181 49.125 0.179
-2.117 49.183 0.476
18.082 59.325 0.111
-6.389 58.207 0.231
134.900 34.350 0.107
178.427 -18.132 0.064
39.600 -69.000 0.088
134.050 34.350 0.088
-81.282 -4.582 0.095
103.853 1.262 0.095
135.183 34.333 0.114
174.033 -39.050 0.124
-5.600 36.000 0.081
176.183 -37.650 0.085
117.883 4.233 0.111
-16.240 28.480 0.131
133.640 -32.150 0.228
104.140 2.807 0.175
136.850 34.467 0.094
-6.064 56.623 0.225
-125.913 49.154 0.178
139.767 35.650 0.093
132.967 32.783 0.082
5.913 43.117 0.061
146.833 -19.250 0.185
137.217 36.767 0.058
7.567 58.000 0.111
13.750 45.650 0.150
151.850 7.450 0.040
-78.730 1.817 0.133
22.101 60.428 0.148
138.883 35.017 0.101
-5.158 57.895 0.228
-166.537 53.880 0.138
133.950 34.483 0.090
135.900 33.567 0.085
132.550 33.233 0.088
21.571 63.081 0.129
-146.362 61.125 0.231
-0.330 39.460 0.039
-71.633 -33.033 0.084
-123.110 49.287 0.197
12.217 57.100 0.170
31.100 70.333 0.163
12.426 45.419 0.119
-123.370 48.422 0.151
12.579 56.142 0.202
18.284 57.639 0.087
135.150 34.217 0.113
166.617 19.283 0.051
141.683 45.400 0.059
14.500 -22.950 0.083
-77.022 38.873 0.109
174.783 -41.283 0.086
-2.448 50.608 0.149
-0.614 54.490 0.183
-3.086 58.441 0.190
-123.965 46.708 0.247
-73.782 40.793 0.154
-77.953 34.227 0.077
18.419 54.797 0.162
-62.700 45.683 0.171
-70.672 41.523 0.114
-3.568 54.651 0.293
128.102 -15.453 0.128
118.067 24.450 0.184
-139.733 59.548 0.221
138.128 9.508 0.049
-66.117 43.833 0.164
139.633 35.467 0.084
13.817 55.417 0.185
39.190 -6.155 0.194
111.833 21.583 0.146
