144.283 44.017 -0.116
-2.075 57.143 -0.302
131.417 31.583 -0.022
-89.833 13.583 -0.297
-99.912 16.840 -0.097
-176.632 51.863 -0.307
-122.298 37.772 -0.162
-126.931 50.587 -0.326
-5.433 36.117 0.113
-149.890 61.238 -0.375
-76.482 38.983 0.052
-70.400 -23.650 -0.256
-53.983 47.300 -0.198
-13.530 28.972 -0.457
-123.767 46.208 -0.197
-74.418 39.355 -0.063
-2.715 51.511 -0.447
141.500 38.300 -0.093
-79.573 8.962 -0.391
-76.578 39.267 0.092
-90.285 -0.437 -0.298
-125.136 48.836 -0.258
2.163 41.342 -0.423
-68.205 44.392 -0.219
12.903 55.756 -0.231
-1.515 43.527 -0.379
109.083 21.483 -0.233
-128.143 52.163 -0.256
-64.700 32.400 -0.237
-3.050 43.357 -0.590
-6.340 36.800 -0.231
141.917 -10.600 -0.291
-71.052 42.355 -0.095
1.578 50.727 -0.361
-4.500 48.383 -0.368
-73.182 41.173 0.047
153.167 -27.367 -0.428
122.217 -18.000 -0.617
-77.100 3.900 -0.346
-58.500 -34.667 -0.025
152.380 -24.767 -0.540
145.915 -41.050 -0.306
-109.908 22.880 -0.399
-6.283 36.533 -0.361
1.868 50.969 0.007
-77.150 -12.050 -0.222
-76.068 38.573 -0.059
-125.247 50.042 -0.256
-47.925 -25.017 -0.017
147.058 -19.277 -0.279
18.433 -33.900 -0.345
-74.960 38.968 -0.085
113.652 -24.898 -0.197
-75.533 10.383 -0.203
-9.417 38.692 -0.296
15.094 37.498 0.116
103.187 5.265 -0.311
-5.317 35.900 -0.244
91.050 22.217 -0.392
-124.322 43.345 -0.291
-79.925 32.782 -0.013
-64.920 18.335 0.099
-63.117 46.233 -0.052
-1.635 49.651 -0.482
-76.113 36.967 -0.130
142.200 27.100 -0.129
140.867 35.750 -0.008
-157.472 1.982 -0.124
-94.200 58.783 -0.143
96.883 -12.117 -0.383
-1.890 47.277 -0.322
-145.753 60.558 -0.304
-97.217 27.580 -0.009
91.833 21.450 -0.148
-124.183 41.745 -0.192
-79.915 9.355 -0.085
1.302 52.934 -0.236
8.717 53.867 -0.146
130.850 -12.467 -0.519
20.385 60.032 -0.495
6.933 53.326 -0.149
4.746 52.965 -0.252
-4.185 50.368 -0.384
1.085 49.929 -0.624
-2.088 47.306 -0.288
108.617 19.100 -0.516
1.318 51.117 -0.172
-75.740 36.183 -0.121
2.367 51.048 -0.134
31.050 -29.867 -0.197
27.917 -33.017 -0.395
-109.448 -27.150 -0.012
-66.985 44.903 -0.294
162.387 11.430 -0.362
-116.633 31.850 -0.518
8.433 55.467 -0.182
-79.647 0.992 -0.318
121.900 -33.867 -0.218
-64.267 -65.250 -0.156
1.348 51.957 -0.143
-81.467 30.672 -0.159
-4.983 52.014 -0.401
18.211 60.409 -0.269
151.233 -33.850 -0.274
-80.902 32.033 -0.124
-95.308 28.948 0.089
115.717 -32.050 -0.210
-166.288 23.868 -0.186
139.933 40.650 -0.235
128.850 32.700 -0.405
-123.451 48.769 -0.310
179.195 -8.525 -0.443
-16.907 32.640 -0.508
21.231 64.916 -0.263
-94.793 29.310 0.263
73.152 -0.687 -0.385
11.933 54.567 -0.086
102.107 6.227 -0.204
-5.350 36.117 -0.470
-3.018 53.450 -0.396
11.791 57.685 -0.221
-89.957 29.263 0.217
144.650 13.433 -0.004
-110.900 27.933 -0.275
141.533 40.533 -0.165
110.283 20.017 0.027
140.717 41.783 -0.198
-63.583 44.667 -0.087
132.067 34.900 0.005
27.179 60.563 -0.273
145.567 43.283 -0.087
22.977 59.823 -0.256
1.284 51.947 -0.268
9.101 63.425 -0.161
24.956 60.154 -0.278
-2.920 54.032 -0.240
115.738 -31.825 -0.217
-155.067 19.733 -0.049
-3.134 51.215 -0.697
89.467 21.783 -0.218
147.330 -42.887 -0.164
4.120 51.977 -0.148
-4.631 53.308 -0.381
114.217 22.300 -0.101
159.957 -9.425 -0.268
25.973 70.980 -0.251
-157.867 21.307 -0.218
12.467 56.100 -0.272
131.683 32.417 -0.043
-124.217 40.767 -0.256
-4.111 51.211 -0.494
-43.165 -22.897 -0.090
-0.186 53.631 -0.135
124.167 24.333 -0.102
-169.530 16.738 -0.027
103.792 1.462 -0.306
-78.833 -33.622 -0.527
-134.412 58.298 -0.224
130.567 31.583 -0.071
-156.467 20.900 -0.168
23.096 65.697 -0.241
121.282 28.088 -0.040
-171.718 -2.810 -0.130
120.288 22.615 -0.228
154.777 1.098 -0.336
21.215 62.344 -0.127
139.750 35.517 -0.235
121.745 25.157 -0.024
101.358 3.050 -0.531
102.153 2.215 -0.343
24.515 65.673 -0.188
70.220 -49.345 -0.438
-131.625 55.333 -0.343
-81.808 24.553 -0.015
-5.050 58.457 -0.175
12.894 55.522 -0.362
23.033 -34.050 -0.161
99.817 11.795 -0.374
98.425 7.832 -0.448
135.183 34.683 0.006
133.567 33.500 0.059
-152.512 57.732 -0.223
134.583 34.017 -0.124
116.067 5.983 -0.192
103.430 3.975 -0.349
130.200 32.600 -0.274
103.443 1.325 -0.354
15.589 56.105 -0.374
11.127 58.997 -0.228
135.767 33.483 -0.156
144.367 42.983 -0.023
167.733 8.733 -0.318
-8.400 43.367 -0.347
-117.257 32.867 -0.383
-80.917 -2.200 -0.322
-110.345 24.162 -0.295
-1.221 46.158 -0.120
-87.817 13.333 -0.573
17.865 58.742 -0.317
99.765 6.432 -0.368
177.433 -17.600 -0.146
-4.781 48.359 -0.518
0.106 49.482 -0.300
-1.765 47.205 0.022
123.750 13.150 -0.235
-3.182 55.990 -0.326
-1.140 60.155 -0.247
-1.794 46.497 -0.228
-75.120 38.782 -0.004
119.417 34.750 -0.204
-64.753 17.697 0.179
10.299 43.546 -0.341
-3.825 53.332 -0.409
-80.717 -6.933 -0.119
159.067 -31.517 -0.294
-118.272 33.720 -0.347
-64.883 47.083 -0.223
1.751 52.473 -0.051
15.150 -26.650 -0.631
100.613 4.240 -0.431
121.617 32.133 -0.212
5.113 61.934 -0.209
-67.047 17.972 0.099
137.617 34.683 0.263
135.383 35.467 -0.161
171.373 7.107 -0.332
130.300 31.267 0.002
-4.417 36.717 -0.244
134.463 7.330 -0.339
73.527 4.190 -0.247
-7.333 55.367 -0.247
120.967 14.583 -0.349
21.463 61.594 -0.218
174.500 -35.833 -0.143
16.837 58.554 -0.360
173.200 52.833 -0.650
-72.117 -17.000 -0.371
132.717 33.867 -0.094
-81.432 30.395 -0.115
-106.422 23.198 -0.290
139.817 34.917 -0.076
15.563 38.196 -0.443
-177.367 28.217 -0.123
-5.014 51.702 -0.433
-4.906 55.750 -0.158
50.600 26.233 -0.168
130.450 32.617 -0.262
139.482 34.067 -0.131
141.983 39.650 -0.156
-157.800 21.433 -0.273
7.421 43.729 -0.363
-71.960 41.048 0.062
-121.888 36.605 -0.263
22.133 -34.183 -0.330
134.167 33.267 0.075
129.867 32.733 -0.327
136.883 35.083 0.011
127.667 26.200 -0.151
129.842 29.842 -0.177
-1.634 47.194 -0.321
-70.097 41.285 -0.008
176.917 -39.483 -0.570
14.269 40.841 -0.389
166.905 -0.528 -0.169
-159.350 21.967 -0.014
129.495 28.382 -0.158
-124.617 48.368 -0.330
-72.087 41.355 0.125
-74.015 40.700 0.072
0.057 50.782 -0.294
-5.542 50.102 -0.353
-71.327 41.505 -0.025
-122.910 49.200 -0.157
130.992 30.735 -0.210
-1.440 55.007 -0.167
-60.250 46.217 -0.097
166.437 -22.292 -0.303
-175.167 -21.133 -0.264
-140.082 -8.930 -0.235
11.950 78.933 -0.261
141.717 39.067 -0.140
141.750 39.017 -0.147
139.383 34.783 -0.142
17.097 57.366 -0.432
138.217 34.617 -0.146
140.900 36.933 -0.049
135.433 34.650 0.101
16.478 57.275 -0.382
10.734 59.909 -0.180
25.418 65.040 -0.296
130.217 32.983 -0.218
136.217 34.067 -0.077
-170.683 -14.283 -0.423
-81.167 -5.083 -0.228
-149.567 -17.525 0.087
-123.451 48.654 -0.348
100.347 5.422 -0.268
-158.053 -8.977 0.002
-87.213 30.403 0.284
-75.142 39.933 -0.062
22.690 63.709 -0.348
158.243 6.987 -0.221
-123.253 49.337 -0.290
-25.672 37.735 -0.349
-123.440 48.125 -0.345
-59.133 47.567 -0.163
-1.062 45.569 -0.431
25.630 -33.960 -0.297
118.575 -20.318 -0.385
150.912 -34.473 -0.417
57.495 -20.155 -0.355
16.867 -29.250 -0.391
-3.446 47.644 -0.392
3.107 42.520 -0.530
-127.489 50.722 -0.276
-97.215 26.060 0.172
-70.247 43.657 -0.168
141.600 -38.333 -0.361
-5.120 54.843 -0.167
-120.760 35.177 -0.256
-1.112 50.803 -0.305
-130.324 54.317 -0.317
-71.401 41.807 0.041
-87.950 15.833 -0.389
-15.417 28.133 -0.266
-72.967 -41.483 -0.381
-67.617 -54.933 -0.139
-132.072 53.252 -0.289
24.407 64.666 -0.276
-159.775 -21.207 0.133
20.895 63.986 -0.228
21.426 61.133 -0.234
-75.573 39.558 -0.104
-21.940 64.151 -0.291
-134.953 -23.125 -0.367
12.113 57.250 -0.230
-97.047 28.022 -0.013
63.418 -19.668 -0.053
11.230 64.859 -0.091
-3.966 48.718 -0.277
150.790 -23.162 -0.515
-17.750 28.683 -0.407
-93.870 29.730 0.182
133.333 36.200 -0.179
-2.246 47.140 -0.210
-1.682 43.395 -0.494
-2.028 48.641 -0.809
-2.202 47.267 -0.261
-66.063 45.251 -0.323
145.742 15.227 0.210
133.250 35.550 0.045
17.950 -33.017 -0.511
-95.203 16.160 -0.177
-117.173 32.713 -0.343
-80.108 -26.292 -0.290
-122.465 37.807 -0.129
-90.833 13.917 -0.387
-66.117 18.460 0.024
-160.502 55.337 -0.272
-74.009 40.467 0.064
-90.313 -0.755 -0.458
-118.500 34.008 -0.278
-122.339 47.603 -0.288
104.115 1.932 -0.296
-151.720 59.441 -0.279
-149.427 60.120 -0.317
-76.330 36.947 -0.025
115.350 22.750 -0.275
0.743 51.442 -0.165
119.550 35.383 -0.232
138.517 35.017 -0.174
135.383 33.683 -0.214
18.433 -34.183 -0.322
14.358 55.557 -0.568
-135.342 57.052 -0.220
19.012 63.191 -0.187
-135.327 59.450 -0.284
12.829 55.417 -0.336
11.218 58.354 -0.255
-76.452 38.317 -0.093
-124.043 44.625 -0.211
17.531 62.363 -0.207
147.933 -42.550 -0.229
-78.918 33.655 -0.130
-82.627 27.760 0.179
-52.717 47.567 -0.210
11.832 58.093 -0.223
-123.181 49.125 -0.312
-2.117 49.183 -0.855
18.082 59.325 -0.220
-6.389 58.207 -0.390
134.900 34.350 -0.144
178.427 -18.132 -0.217
39.600 -69.000 -0.268
134.050 34.350 0.004
-81.282 -4.582 -0.250
103.853 1.262 -0.197
135.183 34.333 -0.194
174.033 -39.050 -0.223
-5.600 36.000 -0.235
176.183 -37.650 -0.317
117.883 4.233 -0.496
-16.240 28.480 -0.540
133.640 -32.150 -0.356
104.140 2.807 -0.408
136.850 34.467 -0.069
-6.064 56.623 -0.251
-125.913 49.154 -0.208
139.767 35.650 0.004
132.967 32.783 0.118
5.913 43.117 -0.090
146.833 -19.250 -0.315
137.217 36.767 -0.213
7.567 58.000 -0.173
13.750 45.650 -0.228
151.850 7.450 -0.073
-78.730 1.817 -0.354
22.101 60.428 -0.286
138.883 35.017 -0.264
-5.158 57.895 -0.287
-166.537 53.880 -0.473
133.950 34.483 0.009
135.900 33.567 -0.060
132.550 33.233 -0.097
21.571 63.081 -0.178
-146.362 61.125 -0.352
-0.330 39.460 -0.198
-71.633 -33.033 -0.302
-123.110 49.287 -0.304
12.217 57.100 -0.412
31.100 70.333 -0.323
12.426 45.419 -0.155
-123.370 48.422 -0.262
12.579 56.142 -0.212
18.284 57.639 -0.453
135.150 34.217 -0.196
166.617 19.283 0.109
141.683 45.400 -0.089
14.500 -22.950 -0.466
-77.022 38.873 0.172
174.783 -41.283 -0.264
-2.448 50.608 -0.358
-0.614 54.490 -0.133
-3.086 58.441 -0.300
-123.965 46.708 -0.236
-73.782 40.793 0.087
-77.953 34.227 -0.002
18.419 54.797 -0.328
-62.700 45.683 -0.139
-70.672 41.523 0.035
-3.568 54.651 -0.288
128.102 -15.453 -0.363
118.067 24.450 -0.153
-139.733 59.548 -0.310
138.128 9.508 0.086
-66.117 43.833 -0.276
139.633 35.467 -0.042
13.817 55.417 -0.444
39.190 -6.155 -0.557
111.833 21.583 -0.196
