144.283 44.017 0.030
-2.075 57.143 -0.169
131.417 31.583 0.223
-89.833 13.583 -0.146
-99.912 16.840 0.071
-176.632 51.863 -0.117
-122.298 37.772 0.030
-126.931 50.587 -0.138
-5.433 36.117 0.257
-149.890 61.238 -0.262
-76.482 38.983 0.275
-70.400 -23.650 -0.130
-53.983 47.300 -0.045
-13.530 28.972 -0.329
-123.767 46.208 -0.056
-74.418 39.355 0.049
-2.715 51.511 -0.289
141.500 38.300 0.057
-79.573 8.962 -0.317
-76.578 39.267 0.294
-90.285 -0.437 0.025
-125.136 48.836 -0.066
2.163 41.342 -0.098
-68.205 44.392 -0.108
12.903 55.756 0.188
-1.515 43.527 -0.221
109.083 21.483 -0.034
-128.143 52.163 -0.083
-64.700 32.400 0.018
-3.050 43.357 -0.387
-6.340 36.800 -0.068
141.917 -10.600 -0.125
-71.052 42.355 -0.001
1.578 50.727 -0.161
-4.500 48.383 -0.301
-73.182 41.173 0.225
153.167 -27.367 -0.243
122.217 -18.000 -0.417
-77.100 3.900 -0.240
-58.500 -34.667 0.180
152.380 -24.767 -0.333
145.915 -41.050 -0.131
-109.908 22.880 -0.136
-6.283 36.533 -0.230
1.868 50.969 0.180
-77.150 -12.050 -0.090
-76.068 38.573 0.136
-125.247 50.042 -0.098
-47.925 -25.017 0.081
147.058 -19.277 0.029
18.433 -33.900 -0.172
-74.960 38.968 0.098
113.652 -24.898 0.016
-75.533 10.383 0.005
-9.417 38.692 -0.096
15.094 37.498 0.491
103.187 5.265 -0.079
-5.317 35.900 -0.089
91.050 22.217 0.022
-124.322 43.345 -0.075
-79.925 32.782 0.080
-64.920 18.335 0.335
-63.117 46.233 0.061
-1.635 49.651 -0.344
-76.113 36.967 0.124
142.200 27.100 0.141
140.867 35.750 0.239
-157.472 1.982 0.134
-94.200 58.783 0.049
96.883 -12.117 -0.107
-1.890 47.277 -0.158
-145.753 60.558 -0.147
-97.217 27.580 0.710
91.833 21.450 0.161
-124.183 41.745 -0.025
-79.915 9.355 0.064
1.302 52.934 -0.046
8.717 53.867 -0.016
130.850 -12.467 -0.368
20.385 60.032 -0.086
6.933 53.326 0.059
4.746 52.965 -0.023
-4.185 50.368 -0.148
1.085 49.929 -0.503
-2.088 47.306 -0.103
108.617 19.100 -0.270
1.318 51.117 -0.046
-75.740 36.183 0.106
2.367 51.048 0.024
31.050 -29.867 0.014
27.917 -33.017 -0.145
-109.448 -27.150 0.209
-66.985 44.903 -0.237
162.387 11.430 -0.159
-116.633 31.850 -0.318
8.433 55.467 -0.020
-79.647 0.992 -0.138
121.900 -33.867 0.115
-64.267 -65.250 0.055
1.348 51.957 0.101
-81.467 30.672 -0.022
-4.983 52.014 -0.276
18.211 60.409 0.084
151.233 -33.850 -0.146
-80.902 32.033 -0.041
-95.308 28.948 0.451
115.717 -32.050 0.010
-166.288 23.868 0.020
139.933 40.650 -0.031
128.850 32.700 -0.221
-123.451 48.769 -0.088
179.195 -8.525 -0.125
-16.907 32.640 -0.329
21.231 64.916 0.062
-94.793 29.310 0.587
73.152 -0.687 -0.165
11.933 54.567 0.060
102.107 6.227 0.010
-5.350 36.117 -0.259
-3.018 53.450 -0.210
11.791 57.685 0.073
-89.957 29.263 0.853
144.650 13.433 0.161
-110.900 27.933 0.019
141.533 40.533 -0.020
110.283 20.017 0.366
140.717 41.783 -0.044
-63.583 44.667 0.019
132.067 34.900 0.360
27.179 60.563 -0.019
145.567 43.283 0.090
22.977 59.823 0.095
1.284 51.947 -0.081
9.101 63.425 0.035
24.956 60.154 0.044
-2.920 54.032 -0.126
115.738 -31.825 0.029
-155.067 19.733 0.070
-3.134 51.215 -0.485
89.467 21.783 0.029
147.330 -42.887 0.157
4.120 51.977 0.045
-4.631 53.308 -0.229
114.217 22.300 0.126
159.957 -9.425 -0.043
25.973 70.980 -0.064
-157.867 21.307 -0.134
12.467 56.100 -0.143
131.683 32.417 0.266
-124.217 40.767 0.054
-4.111 51.211 -0.314
-43.165 -22.897 0.074
-0.186 53.631 -0.045
124.167 24.333 0.113
-169.530 16.738 0.147
103.792 1.462 -0.170
-78.833 -33.622 -0.317
-134.412 58.298 -0.093
130.567 31.583 0.118
-156.467 20.900 -0.054
23.096 65.697 0.016
121.282 28.088 0.223
-171.718 -2.810 0.052
120.288 22.615 0.014
154.777 1.098 -0.010
21.215 62.344 0.253
139.750 35.517 0.036
121.745 25.157 0.317
101.358 3.050 -0.346
102.153 2.215 -0.081
24.515 65.673 0.138
70.220 -49.345 -0.253
-131.625 55.333 -0.219
-81.808 24.553 0.091
-5.050 58.457 0.096
12.894 55.522 -0.106
23.033 -34.050 0.070
99.817 11.795 -0.096
98.425 7.832 -0.247
135.183 34.683 0.269
133.567 33.500 0.311
-152.512 57.732 -0.065
134.583 34.017 0.130
116.067 5.983 0.064
103.430 3.975 -0.154
130.200 32.600 -0.128
103.443 1.325 -0.212
15.589 56.105 -0.120
11.127 58.997 0.050
135.767 33.483 0.056
144.367 42.983 0.120
167.733 8.733 -0.234
-8.400 43.367 -0.251
-117.257 32.867 -0.297
-80.917 -2.200 -0.215
-110.345 24.162 -0.091
-1.221 46.158 0.021
-87.817 13.333 -0.359
17.865 58.742 0.146
99.765 6.432 -0.235
177.433 -17.600 0.016
-4.781 48.359 -0.373
0.106 49.482 -0.127
-1.765 47.205 0.203
123.750 13.150 -0.083
-3.182 55.990 -0.138
-1.140 60.155 -0.092
-1.794 46.497 -0.038
-75.120 38.782 0.193
119.417 34.750 -0.006
-64.753 17.697 0.549
10.299 43.546 0.031
-3.825 53.332 -0.194
-80.717 -6.933 0.130
159.067 -31.517 -0.003
-118.272 33.720 -0.269
-64.883 47.083 0.001
1.751 52.473 0.136
15.150 -26.650 -0.440
100.613 4.240 -0.216
121.617 32.133 0.061
5.113 61.934 -0.001
-67.047 17.972 0.308
137.617 34.683 0.626
135.383 35.467 0.079
171.373 7.107 -0.147
130.300 31.267 0.229
-4.417 36.717 -0.065
134.463 7.330 -0.181
73.527 4.190 0.015
-7.333 55.367 -0.143
120.967 14.583 -0.115
21.463 61.594 0.126
174.500 -35.833 0.096
16.837 58.554 -0.067
173.200 52.833 -0.355
-72.117 -17.000 -0.111
132.717 33.867 0.024
-81.432 30.395 0.013
-106.422 23.198 -0.095
139.817 34.917 0.109
15.563 38.196 0.054
-177.367 28.217 0.077
-5.014 51.702 -0.282
-4.906 55.750 0.032
50.600 26.233 0.079
130.450 32.617 -0.140
139.482 34.067 0.082
141.983 39.650 -0.010
-157.800 21.433 -0.135
7.421 43.729 0.089
-71.960 41.048 0.313
-121.888 36.605 -0.083
22.133 -34.183 -0.114
134.167 33.267 0.348
129.867 32.733 -0.155
136.883 35.083 0.216
127.667 26.200 0.011
129.842 29.842 0.084
-1.634 47.194 -0.057
-70.097 41.285 0.179
176.917 -39.483 -0.331
14.269 40.841 -0.079
166.905 -0.528 0.014
-159.350 21.967 0.102
129.495 28.382 0.023
-124.617 48.368 -0.183
-72.087 41.355 0.313
-74.015 40.700 0.221
0.057 50.782 -0.139
-5.542 50.102 -0.263
-71.327 41.505 0.103
-122.910 49.200 0.166
130.992 30.735 -0.028
-1.440 55.007 -0.063
-60.250 46.217 0.052
166.437 -22.292 -0.126
-175.167 -21.133 -0.028
-140.082 -8.930 0.000
11.950 78.933 -0.027
141.717 39.067 0.023
141.750 39.017 0.001
139.383 34.783 0.039
17.097 57.366 -0.132
138.217 34.617 0.102
140.900 36.933 0.111
135.433 34.650 0.311
16.478 57.275 -0.100
10.734 59.909 0.048
25.418 65.040 -0.037
130.217 32.983 -0.076
136.217 34.067 0.210
-170.683 -14.283 -0.266
-81.167 -5.083 0.035
-149.567 -17.525 0.398
-123.451 48.654 -0.154
100.347 5.422 -0.067
-158.053 -8.977 0.387
-87.213 30.403 0.556
-75.142 39.933 0.201
22.690 63.709 -0.070
158.243 6.987 -0.025
-123.253 49.337 -0.163
-25.672 37.735 -0.067
-123.440 48.125 -0.026
-59.133 47.567 0.001
-1.062 45.569 -0.124
25.630 -33.960 -0.107
118.575 -20.318 -0.240
150.912 -34.473 -0.135
57.495 -20.155 -0.041
16.867 -29.250 -0.247
-3.446 47.644 -0.238
3.107 42.520 -0.140
-127.489 50.722 -0.112
-97.215 26.060 0.738
-70.247 43.657 -0.080
141.600 -38.333 -0.024
-5.120 54.843 -0.022
-120.760 35.177 -0.138
-1.112 50.803 -0.066
-130.324 54.317 -0.215
-71.401 41.807 0.222
-87.950 15.833 0.065
-15.417 28.133 -0.152
-72.967 -41.483 -0.261
-67.617 -54.933 0.038
-132.072 53.252 -0.169
24.407 64.666 0.013
-159.775 -21.207 0.489
20.895 63.986 0.086
21.426 61.133 0.097
-75.573 39.558 0.068
-21.940 64.151 -0.168
-134.953 -23.125 -0.161
12.113 57.250 0.097
-97.047 28.022 0.629
63.418 -19.668 0.224
11.230 64.859 0.074
-3.966 48.718 -0.177
150.790 -23.162 -0.292
-17.750 28.683 -0.191
-93.870 29.730 0.849
133.333 36.200 0.009
-2.246 47.140 -0.079
-1.682 43.395 -0.328
-2.028 48.641 -0.558
-2.202 47.267 -0.132
-66.063 45.251 -0.260
145.742 15.227 0.604
133.250 35.550 0.374
17.950 -33.017 -0.260
-95.203 16.160 -0.026
-117.173 32.713 -0.280
-80.108 -26.292 -0.046
-122.465 37.807 -0.013
-90.833 13.917 -0.158
-66.117 18.460 0.230
-160.502 55.337 -0.092
-74.009 40.467 0.231
-90.313 -0.755 -0.254
-118.500 34.008 -0.166
-122.339 47.603 -0.168
104.115 1.932 -0.082
-151.720 59.441 -0.173
-149.427 60.120 -0.157
-76.330 36.947 0.202
115.350 22.750 -0.003
0.743 51.442 -0.004
119.550 35.383 -0.009
138.517 35.017 0.070
135.383 33.683 -0.002
18.433 -34.183 -0.176
14.358 55.557 -0.260
-135.342 57.052 -0.094
19.012 63.191 0.558
-135.327 59.450 -0.128
12.829 55.417 0.133
11.218 58.354 -0.021
-76.452 38.317 0.197
-124.043 44.625 -0.019
17.531 62.363 0.141
147.933 -42.550 0.049
-78.918 33.655 0.012
-82.627 27.760 0.406
-52.717 47.567 -0.075
11.832 58.093 0.051
-123.181 49.125 -0.056
-2.117 49.183 -0.611
18.082 59.325 -0.029
-6.389 58.207 -0.185
134.900 34.350 0.048
178.427 -18.132 -0.008
39.600 -69.000 -0.033
134.050 34.350 0.174
-81.282 -4.582 0.037
103.853 1.262 -0.055
135.183 34.333 0.034
174.033 -39.050 -0.033
-5.600 36.000 -0.094
176.183 -37.650 -0.083
117.883 4.233 -0.309
-16.240 28.480 -0.318
133.640 -32.150 -0.090
104.140 2.807 -0.220
136.850 34.467 0.120
-6.064 56.623 -0.069
-125.913 49.154 -0.085
139.767 35.650 0.201
132.967 32.783 0.362
5.913 43.117 0.152
146.833 -19.250 -0.106
137.217 36.767 -0.019
7.567 58.000 -0.003
13.750 45.650 -0.032
151.850 7.450 0.180
-78.730 1.817 -0.251
22.101 60.428 -0.007
138.883 35.017 -0.071
-5.158 57.895 -0.145
-166.537 53.880 -0.232
133.950 34.483 0.177
135.900 33.567 0.218
132.550 33.233 0.107
21.571 63.081 0.153
-146.362 61.125 -0.180
-0.330 39.460 0.320
-71.633 -33.033 -0.190
-123.110 49.287 -0.198
12.217 57.100 -0.001
31.100 70.333 -0.132
12.426 45.419 0.134
-123.370 48.422 -0.128
12.579 56.142 0.078
18.284 57.639 -0.059
135.150 34.217 0.037
166.617 19.283 0.332
141.683 45.400 0.133
14.500 -22.950 -0.265
-77.022 38.873 0.440
174.783 -41.283 -0.150
-2.448 50.608 -0.102
-0.614 54.490 -0.011
-3.086 58.441 -0.171
-123.965 46.708 -0.063
-73.782 40.793 0.304
-77.953 34.227 0.144
18.419 54.797 -0.006
-62.700 45.683 0.097
-70.672 41.523 0.237
-3.568 54.651 -0.101
128.102 -15.453 -0.187
118.067 24.450 0.021
-139.733 59.548 -0.146
138.128 9.508 0.276
-66.117 43.833 -0.164
139.633 35.467 0.191
13.817 55.417 -0.179
39.190 -6.155 -0.417
111.833 21.583 -0.050
